TILEID			POWER_ESTIMATION	
0			0.0019741133	
1			0.0026870999	
2			0.0033109627000000004	
3			0.0035634784000000003	
4			0.0034315141999999997	
5			0.0033004089	
6			0.0026128299	
7			0.0019146980999999999	
8			0.0027762227000000003	
9			0.0038194351	
10			0.0049543493	
11			0.005739651	
12			0.005354544	
13			0.005205146000000001	
14			0.0040405232	
15			0.0024197294	
16			0.0030890147	
17			0.0047367012	
18			0.006381573	
19			0.00717352	
20			0.006661452	
21			0.005916803	
22			0.0046990187999999995	
23			0.0027473751000000003	
24			0.0031753236999999997	
25			0.0046267046	
26			0.005714243000000001	
27			0.0050626269	
28			0.0045795622	
29			0.0040168346	
30			0.0030881547	
31			0.001766159	
32			0.0021095185	
33			0.0027028137000000003	
34			0.0036543222	
35			0.0034149404	
36			0.0036140597999999996	
37			0.0035083631999999997	
38			0.0028950542000000003	
39			0.0016027662000000001	
40			0.0015730585000000002	
41			0.0021969214000000003	
42			0.0029841769999999997	
43			0.0027945165999999997	
44			0.0028976341999999997	
45			0.0029710431999999997	
46			0.0024345832	
47			0.0015284971	
48			0.0012908341999999999	
49			0.0017215975999999998	
50			0.0020038209	
51			0.0017810128	
52			0.0019741133	
53			0.0018552818000000001	
54			0.0016027662000000001	
55			0.0012759803999999998	
56			0.00090463382	
57			0.0010977343	
58			0.0010977343	
59			0.00096404934	
60			0.00100861095	
61			0.00099375705	
62			0.0010680265	
63			0.00102346486	
64			0.00065211773	
65			0.0008600721000000001	
66			0.0010383188	
67			0.0009491954299999999	
68			0.00096404934	
69			0.0009491954299999999	
70			0.00081551049	
71			0.00075609497	
72			0.0008303643900000001	
73			0.00099375705	
74			0.0010383188	
75			0.0011868576	
76			0.0009491954299999999	
77			0.0011720038	
78			0.0010828804	
79			0.00072638716	
80			0.00078580268	
81			0.0010531726	
82			0.0012165651999999998	
83			0.0013502504999999998	
84			0.0011422962	
85			0.00102346486	
86			0.0012017114	
87			0.00075609497	
88			0.00078580268	
89			0.0010680265	
90			0.00100861095	
91			0.00102346486	
92			0.0009491954299999999	
93			0.00096404934	
94			0.00096404934	
95			0.00071153335	
96			0.00087492601	
97			0.00093434153	
98			0.0010383188	
99			0.0008600721000000001	
100			0.00088977991	
101			0.0008303643900000001	
102			0.00093434153	
103			0.00071153335	
104			0.00074124106	
105			0.0008600721000000001	
106			0.00093434153	
107			0.00087492601	
108			0.0008600721000000001	
109			0.00087492601	
110			0.0009491954299999999	
111			0.00078580268	
112			0.00081551049	
113			0.00078580268	
114			0.00081551049	
115			0.00081551049	
116			0.0008600721000000001	
117			0.0008600721000000001	
118			0.0008303643900000001	
119			0.00077094887	
120			0.00072638716	
121			0.00069667945	
122			0.00074124106	
123			0.00071153335	
124			0.00072638716	
125			0.00065211773	
126			0.00072638716	
127			0.00077094887	
128			0.00088977991	
129			0.0011720038	
130			0.0012165651999999998	
131			0.0012462728	
132			0.0012908341999999999	
133			0.0011274424	
134			0.0010828804	
135			0.00078580268	
136			0.00099375705	
137			0.0015730585000000002	
138			0.0015433509	
139			0.0015433509	
140			0.0014690809	
141			0.0015582047	
142			0.0014690809	
143			0.00096404934	
144			0.00102346486	
145			0.0015730585000000002	
146			0.0017364514	
147			0.0017810128	
148			0.0014839347	
149			0.0016324738	
150			0.0018998443	
151			0.0010383188	
152			0.00097890314	
153			0.0015136433000000002	
154			0.0014096657	
155			0.0015136433000000002	
156			0.0013502504999999998	
157			0.0013651043	
158			0.0014839347	
159			0.0009491954299999999	
160			0.00097890314	
161			0.0011274424	
162			0.0013205429	
163			0.0012462728	
164			0.0012165651999999998	
165			0.0010828804	
166			0.0010680265	
167			0.00081551049	
168			0.00096404934	
169			0.0011868576	
170			0.0012462728	
171			0.0011274424	
172			0.00097890314	
173			0.0010383188	
174			0.0010680265	
175			0.00077094887	
176			0.00096404934	
177			0.00093434153	
178			0.00100861095	
179			0.00097890314	
180			0.0010383188	
181			0.0010531726	
182			0.00099375705	
183			0.00078580268	
184			0.00078580268	
185			0.00077094887	
186			0.00081551049	
187			0.00078580268	
188			0.00074124106	
189			0.00077094887	
190			0.00087492601	
191			0.00077094887	
192			0.00074124106	
193			0.00075609497	
194			0.00066697164	
195			0.0008452183	
196			0.00081551049	
197			0.00069667945	
198			0.00074124106	
199			0.00068182554	
200			0.00071153335	
201			0.00078580268	
202			0.00077094887	
203			0.00069667945	
204			0.00071153335	
205			0.00072638716	
206			0.0008006565799999999	
207			0.00068182554	
208			0.00065211773	
209			0.00077094887	
210			0.00078580268	
211			0.0008006565799999999	
212			0.00069667945	
213			0.00074124106	
214			0.0009491954299999999	
215			0.00074124106	
216			0.00065211773	
217			0.00096404934	
218			0.0008452183	
219			0.00077094887	
220			0.00071153335	
221			0.00075609497	
222			0.00096404934	
223			0.00072638716	
224			0.00072638716	
225			0.0008303643900000001	
226			0.00087492601	
227			0.0008303643900000001	
228			0.00077094887	
229			0.00072638716	
230			0.00088977991	
231			0.00072638716	
232			0.00069667945	
233			0.00081551049	
234			0.0008600721000000001	
235			0.00090463382	
236			0.0008600721000000001	
237			0.00078580268	
238			0.00090463382	
239			0.00071153335	
240			0.00077094887	
241			0.00078580268	
242			0.00088977991	
243			0.00096404934	
244			0.00096404934	
245			0.00078580268	
246			0.0008006565799999999	
247			0.00066697164	
248			0.00069667945	
249			0.00068182554	
250			0.00075609497	
251			0.00069667945	
252			0.00072638716	
253			0.00071153335	
254			0.00074124106	
255			0.00066697164	

Total Network Power(In Watt):0.3758604491300003