0.0019741133	0.0026870999	0.0033109627000000004	0.0035634784000000003	0.0034315141999999997	0.0033004089	0.0026128299	0.0019146980999999999	
0.0027762227000000003	0.0038194351	0.0049543493	0.005739651	0.005354544	0.005205146000000001	0.0040405232	0.0024197294	
0.0030890147	0.0047367012	0.006381573	0.00717352	0.006661452	0.005916803	0.0046990187999999995	0.0027473751000000003	
0.0031753236999999997	0.0046267046	0.005714243000000001	0.0050626269	0.0045795622	0.0040168346	0.0030881547	0.001766159	
0.0021095185	0.0027028137000000003	0.0036543222	0.0034149404	0.0036140597999999996	0.0035083631999999997	0.0028950542000000003	0.0016027662000000001	
0.0015730585000000002	0.0021969214000000003	0.0029841769999999997	0.0027945165999999997	0.0028976341999999997	0.0029710431999999997	0.0024345832	0.0015284971	
0.0012908341999999999	0.0017215975999999998	0.0020038209	0.0017810128	0.0019741133	0.0018552818000000001	0.0016027662000000001	0.0012759803999999998	
0.00090463382	0.0010977343	0.0010977343	0.00096404934	0.00100861095	0.00099375705	0.0010680265	0.00102346486	
0.00065211773	0.0008600721000000001	0.0010383188	0.0009491954299999999	0.00096404934	0.0009491954299999999	0.00081551049	0.00075609497	
0.0008303643900000001	0.00099375705	0.0010383188	0.0011868576	0.0009491954299999999	0.0011720038	0.0010828804	0.00072638716	
0.00078580268	0.0010531726	0.0012165651999999998	0.0013502504999999998	0.0011422962	0.00102346486	0.0012017114	0.00075609497	
0.00078580268	0.0010680265	0.00100861095	0.00102346486	0.0009491954299999999	0.00096404934	0.00096404934	0.00071153335	
0.00087492601	0.00093434153	0.0010383188	0.0008600721000000001	0.00088977991	0.0008303643900000001	0.00093434153	0.00071153335	
0.00074124106	0.0008600721000000001	0.00093434153	0.00087492601	0.0008600721000000001	0.00087492601	0.0009491954299999999	0.00078580268	
0.00081551049	0.00078580268	0.00081551049	0.00081551049	0.0008600721000000001	0.0008600721000000001	0.0008303643900000001	0.00077094887	
0.00072638716	0.00069667945	0.00074124106	0.00071153335	0.00072638716	0.00065211773	0.00072638716	0.00077094887	
0.00088977991	0.0011720038	0.0012165651999999998	0.0012462728	0.0012908341999999999	0.0011274424	0.0010828804	0.00078580268	
0.00099375705	0.0015730585000000002	0.0015433509	0.0015433509	0.0014690809	0.0015582047	0.0014690809	0.00096404934	
0.00102346486	0.0015730585000000002	0.0017364514	0.0017810128	0.0014839347	0.0016324738	0.0018998443	0.0010383188	
0.00097890314	0.0015136433000000002	0.0014096657	0.0015136433000000002	0.0013502504999999998	0.0013651043	0.0014839347	0.0009491954299999999	
0.00097890314	0.0011274424	0.0013205429	0.0012462728	0.0012165651999999998	0.0010828804	0.0010680265	0.00081551049	
0.00096404934	0.0011868576	0.0012462728	0.0011274424	0.00097890314	0.0010383188	0.0010680265	0.00077094887	
0.00096404934	0.00093434153	0.00100861095	0.00097890314	0.0010383188	0.0010531726	0.00099375705	0.00078580268	
0.00078580268	0.00077094887	0.00081551049	0.00078580268	0.00074124106	0.00077094887	0.00087492601	0.00077094887	
0.00074124106	0.00075609497	0.00066697164	0.0008452183	0.00081551049	0.00069667945	0.00074124106	0.00068182554	
0.00071153335	0.00078580268	0.00077094887	0.00069667945	0.00071153335	0.00072638716	0.0008006565799999999	0.00068182554	
0.00065211773	0.00077094887	0.00078580268	0.0008006565799999999	0.00069667945	0.00074124106	0.0009491954299999999	0.00074124106	
0.00065211773	0.00096404934	0.0008452183	0.00077094887	0.00071153335	0.00075609497	0.00096404934	0.00072638716	
0.00072638716	0.0008303643900000001	0.00087492601	0.0008303643900000001	0.00077094887	0.00072638716	0.00088977991	0.00072638716	
0.00069667945	0.00081551049	0.0008600721000000001	0.00090463382	0.0008600721000000001	0.00078580268	0.00090463382	0.00071153335	
0.00077094887	0.00078580268	0.00088977991	0.00096404934	0.00096404934	0.00078580268	0.0008006565799999999	0.00066697164	
0.00069667945	0.00068182554	0.00075609497	0.00069667945	0.00072638716	0.00071153335	0.00074124106	0.00066697164	
