#Simcount		average latency
1		0
2		0
3		0
4		0
5		0
6		0
7		0
8		0
9		0
10		0
11		0
12		0
13		0
14		0
15		0
16		0
17		0
18		3
19		3
20		2
21		2
22		0
23		0
24		4
25		4
26		5
27		0
28		4
29		4
30		4.33333
31		0
32		0
33		0
34		5
35		5
36		0
37		7
38		0
39		4.33333
40		0
41		0
42		0
43		0
44		5.66667
45		0
46		7
47		0
48		4
49		0
50		0
51		7
52		0
53		5.66667
54		0
55		0
56		0
57		4
58		3.8
59		3
60		4.5
61		2
62		5
63		3
64		0
65		6
66		4.66667
67		7
68		0
69		4
70		6.33333
71		5
72		9
73		0
74		6.33333
75		4.66667
76		0
77		7
78		4
79		4
80		5
81		7
82		0
83		5
84		5.25
85		0
86		14
87		4
88		5
89		5
90		0
91		7
92		5
93		4.66667
94		29
95		7
96		4
97		3.33333
98		3.6
99		4.875
100		2.25
101		3.6
102		5.66667
103		0
104		8
105		5.5
106		4.4
107		13.5
108		8
109		5.33333
110		4
111		5
112		12.5
113		6
114		7
115		5.66667
116		7
117		0
118		5.66667
119		5.66667
120		13
121		6
122		6
123		6
124		4.5
125		7
126		7
127		4.33333
128		6
129		6.5
130		5
131		4
132		5
133		5.33333
134		0
135		6
136		5.25
137		5.66667
138		4.75
139		2.83333
140		5.5
141		2.25
142		5
143		3.4
144		0
145		6
146		5
147		7
148		5.5
149		5.66667
150		8.5
151		5.5
152		0
153		11
154		4.33333
155		8.33333
156		6
157		8
158		11
159		5.5
160		4
161		6.5
162		11.5
163		10.6667
164		6.5
165		6
166		21
167		5.25
168		11
169		4
170		6
171		11.3333
172		4.5
173		6
174		6
175		0
176		12.5
177		6
178		7.4
179		6
180		5
181		7
182		2.5
183		5
184		13.3333
185		6.8
186		10
187		3
188		0
189		12
190		4.66667
191		15.3333
192		10.25
193		0
194		8.66667
195		0
196		4
197		12.1667
198		20
199		5
200		0
201		5
202		11
203		5.5
204		16
205		12.5
206		0
207		11.5
208		4.33333
209		6
210		10
211		26
212		4
213		0
214		5
215		11.3333
216		15
217		5
218		8.5
219		3.66667
220		18
221		4.25
222		16.5
223		9.66667
224		4
225		0
226		6
227		11
228		10
229		12
230		7
231		13
232		4
233		10.6667
234		0
235		18
236		14.5
237		8.75
238		7
239		5
240		0
241		12.5
242		10
243		0
244		11.6667
245		7
246		9
247		0
248		12
249		19
250		4
251		6
252		0
253		6
254		21
255		9
256		0
257		21
258		7
259		7
260		4.5
261		18
262		10
263		10
264		3.66667
265		7
266		2
267		14
268		9.25
269		0
270		21
271		0
272		8.5
273		6
274		18
275		18
276		0
277		4.66667
278		0
279		7
280		21
281		10.6667
282		5
283		21
284		7
285		18
286		5.33333
287		12.5
288		18
289		0
290		4
291		6
292		0
293		14
294		21
295		5.33333
296		21
297		0
298		38.3333
299		3
300		11.5
301		9.33333
302		7
303		2.5
304		4
305		7
306		12.5
307		21
308		0
309		10
310		6
311		18
312		13
313		18
314		13
315		6
316		0
317		0
318		0
319		10
320		21
321		0
322		14
323		7
324		19
325		0
326		9
327		18
328		0
329		7
330		5
331		0
332		13.5
333		14
334		0
335		21
336		0
337		10
338		13.5
339		10.5
340		12.5
341		0
342		0
343		5
344		4
345		14
346		21
347		7
348		12.5
349		2
350		15
351		7
352		53
353		18
354		5
355		0
356		6
357		7
358		13.5
359		13
360		0
361		21
362		24
363		18
364		19
365		12.5
366		14.6667
367		5
368		0
369		0
370		4
371		11.6667
372		21
373		7
374		20.5
375		0
376		14.6667
377		0
378		19
379		8.25
380		0
381		5
382		6
383		3
384		9.66667
385		14
386		7
387		21
388		7
389		18
390		11.5
391		18
392		13.6667
393		7
394		0
395		0
396		0
397		14
398		14
399		7
400		21
401		0
402		19
403		5
404		19
405		18
406		0
407		7
408		6
409		0
410		11.3333
411		21
412		0
413		14
414		4
415		18
416		19
417		18
418		18.5
419		0
420		6
421		7
422		0
423		10.3333
424		11.5
425		5
426		21
427		7
428		13.3333
429		0
430		10
431		18
432		7
433		0
434		6
435		7
436		12.5
437		21
438		0
439		21
440		0
441		12.5
442		12.5
443		18
444		18
445		0
446		0
447		5
448		0
449		11.6667
450		21
451		0
452		21
453		0
454		15
455		7
456		18
457		18
458		4
459		0
460		6
461		0
462		21
463		10.3333
464		4
465		21
466		0
467		18
468		19
469		10
470		18
471		0
472		0
473		0
474		0
475		14
476		14
477		7
478		21
479		0
480		14
481		0
482		18
483		12.5
484		0
485		0
486		6
487		0
488		21
489		21
490		0
491		11
492		0
493		18
494		19
495		18
496		18
497		7
498		7
499		0
500		0
501		14
502		12.5
503		3
504		11.5
505		7
506		19
507		0
508		12
509		18
510		0
511		7
512		6
513		5
514		21
515		21
516		0
517		21
518		0
519		12.5
520		13
521		18
522		18
523		0
524		4
525		7
526		0
527		14
528		21
529		0
530		13.5
531		0
532		19
533		7
534		18
535		11.5
536		0
537		0
538		6
539		7
540		21
541		21
542		7
543		21
544		2
545		10.5
546		11.5
547		12.5
548		18
549		0
550		0
551		0
552		6
553		11.6667
554		21
555		0
556		21
557		5
558		19
559		0
560		18
561		12.5
562		0
563		0
564		6.5
565		0
566		21
567		14
568		4
569		21
570		0
571		18
572		19
573		18
574		12
575		7
576		0
577		0
578		0
579		11
580		21
581		7
582		21
583		0
584		13.3333
585		3
586		12.5
587		18
588		0
589		7
590		5
591		0
592		21
593		21
594		0
595		14
596		6
597		18
598		19
599		18
600		18
601		5
602		0
603		7
604		0
605		14
606		21
607		0
608		14
609		7
610		19
611		0
612		11
613		18
614		0
615		0
616		6
617		7
618		13.5
619		21
620		0
621		21
622		0
623		10
624		10.5
625		10.5
626		18
627		0
628		0
629		0
630		7
631		11.6667
632		21
633		0
634		12.5
635		0
636		19
637		7
638		18
639		18
640		6
641		0
642		6
643		0
644		21
645		11
646		0
647		21
648		0
649		18
650		19
651		12.5
652		12.5
653		0
654		0
655		0
656		4
657		14
658		21
659		7
660		21
661		0
662		14.6667
663		0
664		10
665		9.33333
666		0
667		5
668		6
669		0
670		21
671		21
672		0
673		14
674		7
675		18
676		19
677		18
678		11
679		7
680		0
681		0
682		0
683		14
684		13.5
685		0
686		21
687		7
688		19
689		5
690		18
691		18
692		0
693		7
694		6
695		0
696		14
697		21
698		0
699		21
700		4
701		12.5
702		19
703		18
704		10
705		3
706		6
707		7
708		0
709		14
710		21
711		5
712		21
713		0
714		19
715		7
716		18
717		18
718		7
719		0
720		6
721		7
722		12.5
723		21
724		0
725		21
726		0
727		18
728		12.5
729		12.5
730		18
731		0
732		0
733		5
734		0
735		11.6667
736		21
737		0
738		21
739		0
740		15
741		0
742		18
743		12.5
744		3
745		3
746		6
747		0
748		21
749		14
750		6
751		21
752		0
753		18
754		19
755		11.5
756		18
757		7
758		0
759		0
760		0
761		14
762		14
763		7
764		21
765		0
766		14
767		0
768		18
769		18
770		0
771		7
772		6
773		0
774		21
775		21
776		0
777		11
778		0
779		18
780		19
781		18
782		18
783		0
784		4.5
785		7
786		0
787		14
788		12.5
789		0
790		21
791		7
792		19
793		0
794		12
795		18
796		0
797		0
798		6
799		6
800		21
801		21
802		0
803		21
804		0
805		12.5
806		13
807		18
808		18
809		0
810		4
811		0
812		0
813		11.6667
814		21
815		0
816		13.5
817		0
818		19
819		7
820		18
821		11.5
822		0
823		0
824		4
825		0
826		21
827		14
828		7
829		21
830		0
831		18
832		11.5
833		12.5
834		18
835		0
836		0
837		0
838		6
839		14
840		21
841		7
842		21
843		5
844		19
845		0
846		18
847		12.5
848		0
849		0
850		6.5
851		0
852		21
853		21
854		4
855		14
856		0
857		18
858		19
859		18
860		12
861		7
862		0
863		0
864		2
865		11
866		21
867		0
868		21
869		7
870		19
871		0
872		12.5
873		18
874		0
875		7
876		5
877		0
878		21
879		21
880		0
881		21
882		6
883		12.5
884		19
885		18
886		18
887		5
888		0
889		7
890		0
891		14
892		21
893		0
894		14
895		0
896		19
897		7
898		11
899		18
900		0
901		0
902		6
903		7
904		9.66667
905		21
906		0
907		21
908		0
909		11.5
910		19
911		12.5
912		18
913		0
914		0
915		0
916		7
917		11.6667
918		21
919		0
920		12.5
921		0
922		19
923		0
924		18
925		12.5
926		6
927		0
928		6
929		0
930		21
931		11
932		0
933		21
934		0
935		18
936		19
937		18
938		12.5
939		7
940		0
941		0
942		4
943		14
944		21
945		7
946		12
947		0
948		14.6667
949		0
950		18
951		18
952		0
953		6
954		6
955		0
956		21
957		21
958		0
959		14
960		7
961		18
962		19
963		18
964		11
965		0
966		0
967		7
968		0
969		14
970		13.5
971		0
972		21
973		7
974		19
975		5
976		18
977		18
978		0
979		0
980		6
981		7
982		14
983		21
984		0
985		21
986		4
987		12.5
988		10.5
989		18
990		18
991		0
992		6
993		0
994		0
995		11.6667
996		21
997		5
998		21
999		0
1000		19
1001		7
1002		18
1003		18
1004		7
1005		0
1006		6
1007		0
1008		12.5
1009		14
1010		0
1011		21
1012		0
1013		18
1014		12.5
1015		12.5
1016		18
1017		0
1018		0
1019		5
1020		0
1021		14
1022		21
1023		7
1024		21
1025		0
1026		15
1027		0
1028		10
1029		12.5
1030		4
1031		0
1032		6
1033		0
1034		21
1035		21
1036		6
1037		14
1038		0
1039		18
1040		19
1041		11.5
1042		18
1043		7
1044		0
1045		0
1046		0
1047		14
1048		14
1049		0
1050		21
1051		7
1052		14
1053		0
1054		18
1055		18
1056		0
1057		7
1058		6
1059		0
1060		21
1061		21
1062		0
1063		13
1064		0
1065		12.5
1066		19
1067		18
1068		10
1069		0
1070		7
1071		7
1072		0
1073		14
1074		12.5
1075		0
1076		21
1077		0
1078		19
1079		7
1080		12
1081		18
1082		0
1083		0
1084		6
1085		6
1086		21
1087		21
1088		0
1089		21
1090		0
1091		18
1092		13
1093		12.5
1094		18
1095		0
1096		4
1097		0
1098		0
1099		11.6667
1100		21
1101		0
1102		13.5
1103		0
1104		19
1105		0
1106		18
1107		10
1108		2
1109		0
1110		6
1111		0
1112		21
1113		14
1114		7
1115		21
1116		0
1117		18
1118		11.5
1119		18
1120		18
1121		7
1122		0
1123		0
1124		6
1125		14
1126		21
1127		7
1128		21
1129		5
1130		19
1131		0
1132		18
1133		18
1134		0
1135		7
1136		6.5
1137		0
1138		21
1139		21
1140		4
1141		14
1142		0
1143		18
1144		19
1145		18
1146		12
1147		0
1148		0
1149		7
1150		0
1151		11
1152		11.5
1153		0
1154		21
1155		7
1156		19
1157		0
1158		12.5
1159		18
1160		0
1161		0
1162		5
1163		7
1164		21
1165		21
1166		0
1167		21
1168		6
1169		12.5
1170		19
1171		18
1172		18
1173		5
1174		0
1175		0
1176		0
1177		11.6667
1178		21
1179		0
1180		14
1181		0
1182		19
1183		7
1184		11
1185		18
1186		0
1187		0
1188		6
1189		0
1190		13.5
1191		14
1192		0
1193		21
1194		3
1195		11.5
1196		19
1197		12.5
1198		18
1199		0
1200		0
1201		0
1202		7
1203		14
1204		21
1205		7
1206		12.5
1207		0
1208		19
1209		0
1210		18
1211		12.5
1212		6
1213		0
1214		6
1215		0
1216		21
1217		13
1218		0
1219		14
1220		0
1221		18
1222		19
1223		18
1224		12.5
1225		7
1226		0
1227		0
1228		4
1229		14
1230		21
1231		0
1232		21
1233		7
1234		14.6667
1235		0
1236		18
1237		18
1238		0
1239		6
1240		4
1241		0
1242		21
1243		21
1244		0
1245		21
1246		7
1247		12.5
1248		19
1249		18
1250		11
1251		0
1252		0
1253		7
1254		0
1255		14
1256		13.5
1257		0
1258		21
1259		0
1260		19
1261		6
1262		18
1263		18
1264		0
1265		0
1266		6
1267		7
1268		14
1269		21
1270		0
1271		21
1272		4
1273		18
1274		19
1275		12.5
1276		18
1277		0
1278		6
1279		0
1280		2
1281		11.6667
1282		21
1283		5
1284		21
1285		0
1286		19
1287		0
1288		18
1289		12.5
1290		7
1291		0
1292		6
1293		0
1294		12.5
1295		14
1296		0
1297		21
1298		0
1299		18
1300		12.5
1301		18
1302		18
1303		7
1304		0
1305		5
1306		0
1307		14
1308		21
1309		7
1310		21
1311		0
1312		15
1313		0
1314		18
1315		18
1316		4
1317		7
1318		6
1319		0
1320		11.5
1321		21
1322		6
1323		14
1324		0
1325		18
1326		19
1327		11.5
1328		18
1329		0
1330		0
1331		7
1332		0
1333		14
1334		14
1335		0
1336		21
1337		7
1338		14
1339		0
1340		18
1341		18
1342		0
1343		0
1344		6
1345		7
1346		21
1347		21
1348		0
1349		13
1350		0
1351		12.5
1352		19
1353		18
1354		18
1355		0
1356		7
1357		0
1358		0
1359		11.6667
1360		9
1361		0
1362		21
1363		0
1364		19
1365		7
1366		12
1367		18
1368		0
1369		0
1370		6
1371		5
1372		21
1373		14
1374		0
1375		21
1376		0
1377		18
1378		13
1379		12.5
1380		18
1381		0
1382		4
1383		0
1384		0
1385		14
1386		21
1387		7
1388		13.5
1389		0
1390		19
1391		0
1392		18
1393		10
1394		0
1395		0
1396		6
1397		0
1398		21
1399		21
1400		4.5
1401		14
1402		0
1403		18
1404		11.5
1405		18
1406		18
1407		7
1408		0
1409		0
1410		6
1411		14
1412		21
1413		0
1414		21
1415		6
1416		19
1417		0
1418		18
1419		18
1420		0
1421		7
1422		6.5
1423		0
1424		21
1425		21
1426		4
1427		21
1428		0
1429		12.5
1430		19
1431		18
1432		12
1433		0
1434		0
1435		7
1436		0
1437		11
1438		21
1439		0
1440		11.5
1441		0
1442		19
1443		7
1444		12.5
1445		18
1446		0
1447		0
1448		5
1449		7
1450		21
1451		21
1452		0
1453		21
1454		6
1455		18
1456		19
1457		12.5
1458		18
1459		5
1460		0
1461		0
1462		0
1463		11.6667
1464		21
1465		0
1466		14
1467		0
1468		19
1469		0
1470		11
1471		12.5
1472		0
1473		0
1474		6
1475		0
1476		13.5
1477		14
1478		0
1479		21
1480		2
1481		11.5
1482		19
1483		18
1484		18
1485		7
1486		0
1487		0
1488		7
1489		14
1490		21
1491		7
1492		12.5
1493		0
1494		19
1495		0
1496		18
1497		18
1498		6
1499		7
1500		6
1501		0
1502		21
1503		13
1504		0
1505		14
1506		0
1507		18
1508		19
1509		18
1510		12.5
1511		0
1512		0
1513		7
1514		4
1515		14
1516		21
1517		0
1518		21
1519		7
1520		11.5
1521		0
1522		18
1523		18
1524		0
1525		5
1526		6
1527		7
1528		21
1529		21
1530		0
1531		21
1532		7
1533		12.5
1534		19
1535		18
1536		11
1537		0
1538		0
1539		0
1540		0
1541		11.6667
1542		13.5
1543		0
1544		21
1545		0
1546		19
1547		6
1548		18
1549		18
1550		0
1551		0
1552		6
1553		0
1554		14
1555		14
1556		0
1557		21
1558		4
1559		18
1560		10.5
1561		12.5
1562		18
1563		0
1564		6
1565		0
1566		0
1567		14
1568		21
1569		6
1570		21
1571		0
1572		19
1573		0
1574		18
1575		12.5
1576		7
1577		0
1578		6
1579		0
1580		12.5
1581		21
1582		0
1583		14
1584		0
1585		18
1586		12.5
1587		18
1588		18
1589		7
1590		0
1591		5
1592		0
1593		14
1594		21
1595		0
1596		21
1597		7
1598		15
1599		0
1600		10
1601		18
1602		4
1603		7
1604		6
1605		0
1606		21
1607		21
1608		6
1609		21
1610		0
1611		12.5
1612		19
1613		11.5
1614		18
1615		0
1616		0
1617		7
1618		0
1619		14
1620		14
1621		0
1622		21
1623		0
1624		14
1625		7
1626		18
1627		18
1628		0
1629		0
1630		6
1631		7
1632		21
1633		21
1634		0
1635		13
1636		0
1637		18
1638		19
1639		12.5
1640		10
1641		0
1642		7
1643		0
1644		0
1645		11.6667
1646		12.5
1647		0
1648		21
1649		0
1650		19
1651		0
1652		12
1653		12.5
1654		0
1655		0
1656		6
1657		5
1658		21
1659		14
1660		0
1661		21
1662		0
1663		18
1664		13
1665		18
1666		18
1667		7
1668		4
1669		0
1670		0
1671		14
1672		21
1673		7
1674		13.5
1675		0
1676		19
1677		0
1678		18
1679		11.5
1680		2
1681		7
1682		6
1683		0
1684		21
1685		21
1686		7
1687		14
1688		0
1689		18
1690		11.5
1691		18
1692		18
1693		0
1694		0
1695		7
1696		6
1697		14
1698		21
1699		0
1700		21
1701		6
1702		19
1703		0
1704		18
1705		18
1706		0
1707		0
1708		6.5
1709		7
1710		21
1711		21
1712		4
1713		21
1714		0
1715		12.5
1716		19
1717		18
1718		12
1719		0
1720		2
1721		0
1722		0
1723		10
1724		21
1725		0
1726		21
1727		0
1728		19
1729		7
1730		12.5
1731		18
1732		0
1733		0
1734		5
1735		0
1736		21
1737		14
1738		0
1739		21
1740		6
1741		18
1742		19
1743		12.5
1744		18
1745		5
1746		0
1747		0
1748		0
1749		14
1750		21
1751		7
1752		14
1753		0
1754		19
1755		0
1756		11
1757		12.5
1758		0
1759		0
1760		4
1761		0
1762		13.5
1763		21
1764		0
1765		14
1766		0
1767		11.5
1768		19
1769		18
1770		18
1771		7
1772		0
1773		0
1774		7
1775		14
1776		21
1777		0
1778		12.5
1779		7
1780		19
1781		0
1782		18
1783		18
1784		6
1785		7
1786		6
1787		0
1788		21
1789		13
1790		0
1791		21
1792		0
1793		12.5
1794		19
1795		18
1796		12.5
1797		0
1798		0
1799		7
1800		3
1801		14
1802		21
1803		0
1804		21
1805		0
1806		14.6667
1807		7
1808		18
1809		18
1810		0
1811		5
1812		6
1813		7
1814		21
1815		21
1816		0
1817		21
1818		7
1819		18
1820		19
1821		12.5
1822		11
1823		0
1824		0
1825		0
1826		0
1827		11.6667
1828		13.5
1829		0
1830		21
1831		0
1832		19
1833		5
1834		18
1835		12.5
1836		0
1837		0
1838		6
1839		0
1840		14
1841		14
1842		2
1843		21
1844		4
1845		18
1846		19
1847		18
1848		18
1849		7
1850		6
1851		0
1852		0
1853		14
1854		21
1855		6
1856		21
1857		0
1858		19
1859		0
1860		18
1861		18
1862		7
1863		7
1864		6
1865		0
1866		12.5
1867		21
1868		0
1869		14
1870		0
1871		18
1872		12.5
1873		18
1874		18
1875		0
1876		0
1877		6
1878		0
1879		14
1880		21
1881		0
1882		21
1883		7
1884		11.75
1885		0
1886		18
1887		18
1888		4
1889		0
1890		6
1891		7
1892		21
1893		21
1894		6
1895		21
1896		0
1897		12.5
1898		19
1899		11.5
1900		18
1901		0
1902		0
1903		0
1904		0
1905		11.6667
1906		14
1907		0
1908		21
1909		0
1910		14
1911		7
1912		18
1913		18
1914		0
1915		0
1916		6
1917		0
1918		21
1919		14
1920		0
1921		13
1922		0
1923		18
1924		19
1925		12.5
1926		18
1927		0
1928		7
1929		0
1930		0
1931		14
1932		12.5
1933		7
1934		21
1935		0
1936		13.3333
1937		0
1938		12
1939		12.5
1940		0
1941		0
1942		6
1943		5
1944		21
1945		21
1946		0
1947		14
1948		0
1949		18
1950		13
1951		18
1952		18
1953		7
1954		4
1955		0
1956		0
1957		14
1958		21
1959		0
1960		13.5
1961		7
1962		19
1963		0
1964		18
1965		11.5
1966		0
1967		7
1968		6
1969		0
1970		21
1971		21
1972		7
1973		21
1974		0
1975		12.5
1976		11.5
1977		18
1978		18
1979		0
1980		0
1981		7
1982		6
1983		14
1984		12
1985		0
1986		21
1987		5
1988		19
1989		7
1990		18
1991		18
1992		0
1993		0
1994		6.5
1995		7
1996		21
1997		21
1998		4
1999		21
2000		0
2001		18
2002		19
2003		12.5
2004		12
2005		0
2006		0
2007		0
2008		0
2009		10
2010		21
2011		0
2012		21
2013		0
2014		19
2015		0
2016		12.5
2017		12.5
2018		0
2019		0
2020		5
2021		0
2022		21
2023		14
2024		0
2025		21
2026		4.5
2027		18
2028		19
2029		18
2030		18
2031		6
2032		0
2033		0
2034		0
2035		14
2036		21
2037		7
2038		14
2039		0
2040		19
2041		0
2042		11
2043		18
2044		0
2045		7
2046		6
2047		0
2048		13.5
2049		21
2050		0
2051		14
2052		0
2053		11.5
2054		19
2055		18
2056		18
2057		0
2058		0
2059		7
2060		7
2061		14
2062		21
2063		0
2064		12.5
2065		7
2066		13.6667
2067		0
2068		18
2069		18
2070		6
2071		0
2072		6
2073		7
2074		21
2075		13
2076		0
2077		21
2078		0
2079		12.5
2080		19
2081		18
2082		12.5
2083		0
2084		0
2085		0
2086		4
2087		11.6667
2088		21
2089		0
2090		21
2091		0
2092		14.6667
2093		7
2094		18
2095		18
2096		0
2097		5
2098		6
2099		0
2100		21
2101		14
2102		0
2103		21
2104		7
2105		18
2106		11
2107		12.5
2108		11
2109		0
2110		0
2111		0
2112		0
2113		14
2114		13.5
2115		7
2116		21
2117		0
2118		19
2119		5
2120		18
2121		12.5
2122		0
2123		0
2124		6
2125		0
2126		14
2127		21
2128		0
2129		14
2130		4
2131		18
2132		19
2133		18
2134		18
2135		7
2136		6
2137		0
2138		0
2139		14
2140		21
2141		5
2142		21
2143		7
2144		19
2145		0
2146		10.5
2147		18
2148		7
2149		7
2150		6
2151		0
2152		12.5
2153		21
2154		0
2155		21
2156		0
2157		12.5
2158		12.5
2159		18
2160		18
2161		0
2162		0
2163		6
2164		0
2165		14
2166		21
2167		0
2168		21
2169		0
2170		15
2171		7
2172		18
2173		18
2174		4
2175		0
2176		6
2177		7
2178		21
2179		21
2180		6
2181		21
2182		0
2183		18
2184		19
2185		10
2186		10.5
2187		0
2188		0
2189		0
2190		0
2191		11.6667
2192		14
2193		0
2194		21
2195		0
2196		14
2197		0
2198		18
2199		12.5
2200		0
2201		0
2202		6
2203		0
2204		21
2205		14
2206		0
2207		13
2208		0
2209		18
2210		19
2211		18
2212		18
2213		7
2214		7
2215		0
2216		0
2217		14
2218		12.5
2219		7
2220		21
2221		0
2222		19
2223		0
2224		12
2225		18
2226		3
2227		7
2228		6
2229		5
2230		21
2231		21
2232		0
2233		14
2234		0
2235		18
2236		13
2237		18
2238		18
2239		0
2240		4
2241		7
2242		0
2243		14
2244		21
2245		0
2246		13.5
2247		7
2248		19
2249		0
2250		18
2251		11.5
2252		0
2253		0
2254		6
2255		7
2256		21
2257		21
2258		7
2259		21
2260		0
2261		12.5
2262		11.5
2263		18
2264		18
2265		0
2266		2
2267		0
2268		6
2269		11.6667
2270		21
2271		0
2272		21
2273		5
2274		19
2275		7
2276		18
2277		18
2278		0
2279		0
2280		6.5
2281		0
2282		21
2283		14
2284		4
2285		21
2286		0
2287		18
2288		19
2289		12.5
2290		12
2291		0
2292		0
2293		0
2294		0
2295		11
2296		21
2297		7
2298		21
2299		0
2300		19
2301		0
2302		12.5
2303		12.5
2304		0
2305		0
2306		4
2307		0
2308		21
2309		21
2310		0
2311		14
2312		6
2313		18
2314		19
2315		18
2316		18
2317		6
2318		0
2319		0
2320		0
2321		14
2322		21
2323		0
2324		14
2325		7
2326		19
2327		0
2328		11
2329		18
2330		0
2331		7
2332		6
2333		0
2334		13.5
2335		21
2336		0
2337		21
2338		0
2339		10
2340		19
2341		18
2342		18
2343		0
2344		0
2345		7
2346		7
2347		14
2348		21
2349		0
2350		9.33333
2351		0
2352		19
2353		7
2354		18
2355		18
2356		6
2357		0
2358		6
2359		7
2360		21
2361		13
2362		0
2363		21
2364		0
2365		18
2366		19
2367		12.5
2368		12.5
2369		0
2370		0
2371		0
2372		4
2373		11.6667
2374		21
2375		0
2376		21
2377		0
2378		14.6667
2379		0
2380		18
2381		12.5
2382		0
2383		5
2384		6
2385		0
2386		21
2387		14
2388		0
2389		21
2390		7
2391		18
2392		11
2393		18
2394		11
2395		7
2396		0
2397		0
2398		0
2399		14
2400		13.5
2401		7
2402		21
2403		0
2404		19
2405		5
2406		18
2407		18
2408		0
2409		7
2410		6
2411		0
2412		14
2413		21
2414		0
2415		14
2416		4
2417		18
2418		19
2419		18
2420		18
2421		0
2422		6
2423		7
2424		0
2425		14
2426		21
2427		5
2428		21
2429		7
2430		19
2431		0
2432		10.5
2433		18
2434		7
2435		0
2436		6
2437		7
2438		12.5
2439		21
2440		0
2441		21
2442		0
2443		12.5
2444		12.5
2445		18
2446		18
2447		0
2448		0
2449		5
2450		0
2451		11.6667
2452		21
2453		0
2454		21
2455		0
2456		15
2457		7
2458		18
2459		18
2460		4
2461		0
2462		6
2463		0
2464		21
2465		14
2466		6
2467		21
2468		0
2469		18
2470		19
2471		10
2472		18
2473		0
2474		3
2475		0
2476		0
2477		14
2478		14
2479		7
2480		21
2481		0
2482		14
2483		0
2484		18
2485		12.5
2486		0
2487		0
2488		6
2489		0
2490		21
2491		21
2492		0
2493		11
2494		0
2495		18
2496		19
2497		18
2498		18
2499		7
2500		7
2501		0
2502		0
2503		14
2504		12.5
2505		0
2506		21
2507		7
2508		19
2509		0
2510		12
2511		18
2512		0
2513		7
2514		4.5
2515		5
2516		21
2517		21
2518		0
2519		21
2520		0
2521		12.5
2522		13
2523		18
2524		18
2525		0
2526		4
2527		7
2528		0
2529		14
2530		21
2531		0
2532		13.5
2533		0
2534		19
2535		7
2536		18
2537		11.5
2538		0
2539		0
2540		6
2541		7
2542		21
2543		21
2544		7
2545		21
2546		0
2547		18
2548		11.5
2549		12.5
2550		18
2551		0
2552		0
2553		0
2554		6
2555		11.6667
2556		11.5
2557		0
2558		21
2559		5
2560		19
2561		0
2562		18
2563		12.5
2564		0
2565		0
2566		6.5
2567		0
2568		21
2569		14
2570		4
2571		21
2572		0
2573		18
2574		19
2575		18
2576		12
2577		7
2578		0
2579		0
2580		0
2581		11
2582		21
2583		7
2584		21
2585		0
2586		19
2587		0
2588		12.5
2589		18
2590		0
2591		7
2592		5
2593		0
2594		21
2595		21
2596		2
2597		14
2598		6
2599		18
2600		19
2601		18
2602		18
2603		5
2604		0
2605		7
2606		0
2607		14
2608		21
2609		0
2610		14
2611		7
2612		19
2613		0
2614		11
2615		18
2616		0
2617		0
2618		6
2619		7
2620		13.5
2621		21
2622		0
2623		21
2624		0
2625		10
2626		19
2627		18
2628		18
2629		0
2630		0
2631		0
2632		7
2633		11.6667
2634		21
2635		0
2636		9
2637		0
2638		19
2639		7
2640		18
2641		18
2642		6
2643		0
2644		6
2645		0
2646		21
2647		11
2648		0
2649		21
2650		0
2651		18
2652		19
2653		12.5
2654		12.5
2655		0
2656		0
2657		0
2658		4
2659		14
2660		21
2661		7
2662		21
2663		0
2664		14.6667
2665		0
2666		18
2667		12.5
2668		0
2669		5
2670		6
2671		0
2672		21
2673		21
2674		0
2675		14
2676		4.5
2677		18
2678		19
2679		18
2680		11
2681		7
2682		0
2683		0
2684		0
2685		14
2686		13.5
2687		0
2688		21
2689		7
2690		19
2691		5
2692		18
2693		18
2694		0
2695		7
2696		6
2697		0
2698		14
2699		21
2700		0
2701		21
2702		4
2703		12.5
2704		19
2705		18
2706		18
2707		0
2708		6
2709		7
2710		0
2711		14
2712		21
2713		5
2714		21
2715		0
2716		13.3333
2717		7
2718		18
2719		18
2720		7
2721		0
2722		6
2723		7
2724		12.5
2725		21
2726		0
2727		21
2728		0
2729		18
2730		12.5
2731		12.5
2732		18
2733		0
2734		0
2735		5
2736		0
2737		11.6667
2738		21
2739		0
2740		21
2741		0
2742		15
2743		0
2744		18
2745		12.5
2746		4
2747		0
2748		6
2749		0
2750		21
2751		14
2752		6
2753		21
2754		0
2755		18
2756		19
2757		11.5
2758		18
2759		7
2760		0
2761		0
2762		0
2763		14
2764		14
2765		7
2766		21
2767		0
2768		11
2769		0
2770		18
2771		18
2772		0
2773		7
2774		6
2775		0
2776		21
2777		21
2778		0
2779		11
2780		0
2781		18
2782		19
2783		18
2784		18
2785		0
2786		7
2787		7
2788		0
2789		14
2790		12.5
2791		0
2792		21
2793		7
2794		19
2795		0
2796		12
2797		18
2798		0
2799		0
2800		6
2801		6
2802		21
2803		21
2804		0
2805		21
2806		0
2807		12.5
2808		13
2809		18
2810		18
2811		0
2812		4
2813		0
2814		0
2815		11.6667
2816		21
2817		0
2818		10
2819		0
2820		19
2821		7
2822		18
2823		11.5
2824		0
2825		0
2826		6
2827		0
2828		21
2829		14
2830		7
2831		21
2832		0
2833		18
2834		11.5
2835		12.5
2836		18
2837		0
2838		0
2839		0
2840		6
2841		14
2842		21
2843		7
2844		21
2845		5
2846		19
2847		0
2848		18
2849		12.5
2850		0
2851		0
2852		6.5
2853		0
2854		21
2855		21
2856		4
2857		14
2858		3
2859		18
2860		19
2861		18
2862		12
2863		7
2864		0
2865		0
2866		0
2867		11
2868		21
2869		0
2870		21
2871		7
2872		19
2873		0
2874		12.5
2875		18
2876		0
2877		7
2878		5
2879		0
2880		21
2881		21
2882		0
2883		21
2884		6
2885		12.5
2886		19
2887		18
2888		18
2889		5
2890		0
2891		7
2892		0
2893		14
2894		21
2895		0
2896		14
2897		0
2898		13.6667
2899		7
2900		11
2901		18
2902		0
2903		0
2904		6
2905		7
2906		13.5
2907		21
2908		0
2909		21
2910		0
2911		11.5
2912		19
2913		12.5
2914		18
2915		0
2916		0
2917		0
2918		7
2919		11.6667
2920		21
2921		0
2922		12.5
2923		0
2924		19
2925		0
2926		18
2927		12.5
2928		6
2929		0
2930		6
2931		0
2932		21
2933		11
2934		0
2935		21
2936		0
2937		18
2938		11
2939		18
2940		12.5
2941		7
2942		0
2943		0
2944		4
2945		14
2946		21
2947		7
2948		21
2949		0
2950		14.6667
2951		0
2952		18
2953		18
2954		0
2955		6
2956		6
2957		0
2958		21
2959		21
2960		0
2961		14
2962		7
2963		18
2964		19
2965		18
2966		11
2967		0
2968		0
2969		7
2970		0
2971		14
2972		13.5
2973		0
2974		21
2975		7
2976		19
2977		5
2978		10.5
2979		18
2980		0
2981		0
2982		6
2983		7
2984		14
2985		21
2986		0
2987		21
2988		4
2989		12.5
2990		19
2991		18
2992		18
2993		0
2994		6
2995		0
2996		0
2997		11.6667
2998		21
2999		5
3000		21
3001		0
3002		19
3003		7
3004		18
3005		18
3006		7
3007		0
3008		6
3009		0
3010		12.5
3011		14
3012		0
3013		21
3014		0
3015		18
3016		12.5
3017		12.5
3018		18
3019		0
3020		0
3021		5
3022		0
3023		14
3024		21
3025		7
3026		21
3027		0
3028		15
3029		0
3030		18
3031		12.5
3032		4
3033		0
3034		6
3035		0
3036		21
3037		21
3038		6
3039		14
3040		0
3041		18
3042		19
3043		11.5
3044		18
3045		7
3046		0
3047		0
3048		0
3049		14
3050		14
3051		0
3052		21
3053		7
3054		14
3055		0
3056		18
3057		18
3058		0
3059		7
3060		6
3061		0
3062		21
3063		21
3064		0
3065		13
3066		0
3067		12.5
3068		19
3069		18
3070		18
3071		0
3072		7
3073		7
3074		0
3075		14
3076		12.5
3077		0
3078		21
3079		0
3080		19
3081		7
3082		12
3083		18
3084		0
3085		0
3086		6
3087		6
3088		21
3089		21
3090		0
3091		21
3092		0
3093		18
3094		13
3095		12.5
3096		18
3097		0
3098		4
3099		0
3100		0
3101		11.6667
3102		21
3103		0
3104		13.5
3105		0
3106		19
3107		0
3108		18
3109		10
3110		0
3111		0
3112		6
3113		0
3114		21
3115		14
3116		7
3117		21
3118		0
3119		18
3120		11.5
3121		18
3122		18
3123		7
3124		0
3125		0
3126		6
3127		14
3128		21
3129		7
3130		21
3131		5
3132		19
3133		0
3134		18
3135		18
3136		0
3137		7
3138		6.5
3139		0
3140		21
3141		21
3142		4
3143		14
3144		0
3145		18
3146		19
3147		18
3148		12
3149		0
3150		0
3151		7
3152		0
3153		11
3154		21
3155		0
3156		21
3157		7
3158		19
3159		0
3160		12.5
3161		18
3162		0
3163		0
3164		5
3165		7
3166		21
3167		21
3168		0
3169		21
3170		6
3171		12.5
3172		19
3173		18
3174		18
3175		5
3176		0
3177		0
3178		0
3179		11.6667
3180		21
3181		0
3182		14
3183		0
3184		19
3185		7
3186		11
3187		18
3188		0
3189		0
3190		6
3191		0
3192		13.5
3193		14
3194		0
3195		21
3196		0
3197		11.5
3198		19
3199		12.5
3200		18
3201		0
3202		0
3203		0
3204		7
3205		14
3206		21
3207		7
3208		12.5
3209		0
3210		19
3211		0
3212		18
3213		12.5
3214		6
3215		0
3216		6
3217		0
3218		21
3219		13
3220		0
3221		14
3222		0
3223		18
3224		19
3225		18
3226		12.5
3227		7
3228		0
3229		0
3230		4
3231		14
3232		21
3233		0
3234		21
3235		7
3236		14.6667
3237		0
3238		18
3239		18
3240		0
3241		6
3242		6
3243		0
3244		21
3245		21
3246		0
3247		21
3248		7
3249		12.5
3250		19
3251		18
3252		11
3253		0
3254		0
3255		7
3256		0
3257		14
3258		13.5
3259		0
3260		21
3261		0
3262		19
3263		6
3264		18
3265		18
3266		0
3267		0
3268		6
3269		7
3270		14
3271		21
3272		0
3273		21
3274		4
3275		18
3276		19
3277		12.5
3278		18
3279		0
3280		6
3281		0
3282		0
3283		11.6667
3284		21
3285		5
3286		21
3287		0
3288		19
3289		0
3290		18
3291		12.5
3292		7
3293		0
3294		6
3295		0
3296		12.5
3297		14
3298		0
3299		21
3300		0
3301		18
3302		12.5
3303		18
3304		18
3305		7
3306		0
3307		5
3308		0
3309		14
3310		21
3311		7
3312		21
3313		0
3314		15
3315		0
3316		18
3317		18
3318		4
3319		7
3320		6
3321		0
3322		21
3323		21
3324		6
3325		14
3326		0
3327		18
3328		19
3329		11.5
3330		18
3331		0
3332		0
3333		7
3334		0
3335		14
3336		14
3337		0
3338		21
3339		7
3340		14
3341		0
3342		18
3343		18
3344		0
3345		0
3346		6
3347		7
3348		21
3349		21
3350		0
3351		13
3352		0
3353		12.5
3354		19
3355		18
3356		18
3357		0
3358		7
3359		0
3360		0
3361		11.6667
3362		12.5
3363		0
3364		21
3365		0
3366		19
3367		7
3368		12
3369		18
3370		0
3371		0
3372		6
3373		5
3374		21
3375		14
3376		0
3377		21
3378		0
3379		18
3380		13
3381		12.5
3382		18
3383		0
3384		4
3385		0
3386		0
3387		14
3388		21
3389		7
3390		13.5
3391		0
3392		19
3393		0
3394		18
3395		10
3396		0
3397		0
3398		6
3399		0
3400		21
3401		21
3402		7
3403		14
3404		0
3405		18
3406		11.5
3407		18
3408		18
3409		7
3410		0
3411		0
3412		6
3413		14
3414		21
3415		0
3416		21
3417		6
3418		19
3419		0
3420		18
3421		18
3422		0
3423		7
3424		6.5
3425		0
3426		21
3427		21
3428		4
3429		21
3430		0
3431		12.5
3432		19
3433		18
3434		12
3435		0
3436		0
3437		7
3438		0
3439		11
3440		21
3441		0
3442		21
3443		0
3444		19
3445		7
3446		12.5
3447		18
3448		0
3449		0
3450		5
3451		7
3452		21
3453		21
3454		0
3455		21
3456		6
3457		18
3458		19
3459		12.5
3460		18
3461		5
3462		0
3463		0
3464		0
3465		11.6667
3466		21
3467		0
3468		14
3469		0
3470		19
3471		0
3472		11
3473		12.5
3474		0
3475		0
3476		6
3477		0
3478		13.5
3479		14
3480		0
3481		21
3482		0
3483		11.5
3484		19
3485		18
3486		18
3487		7
3488		0
3489		0
3490		7
3491		14
3492		21
3493		7
3494		12.5
3495		0
3496		19
3497		0
3498		18
3499		18
3500		6
3501		7
3502		6
3503		0
3504		21
3505		13
3506		0
3507		14
3508		0
3509		18
3510		19
3511		18
3512		12.5
3513		0
3514		0
3515		7
3516		4
3517		14
3518		21
3519		0
3520		21
3521		7
3522		14.6667
3523		0
3524		18
3525		18
3526		0
3527		5
3528		6
3529		7
3530		21
3531		21
3532		0
3533		21
3534		7
3535		12.5
3536		19
3537		18
3538		11
3539		0
3540		0
3541		0
3542		0
3543		11.6667
3544		13.5
3545		0
3546		21
3547		0
3548		19
3549		6
3550		18
3551		18
3552		0
3553		0
3554		6
3555		0
3556		14
3557		14
3558		0
3559		21
3560		4
3561		18
3562		19
3563		12.5
3564		18
3565		0
3566		6
3567		0
3568		0
3569		14
3570		21
3571		6
3572		21
3573		0
3574		19
3575		0
3576		18
3577		12.5
3578		7
3579		0
3580		6
3581		0
3582		12.5
3583		21
3584		0
3585		14
3586		0
3587		18
3588		12.5
3589		18
3590		18
3591		7
3592		0
3593		5
3594		0
3595		14
3596		21
3597		0
3598		21
3599		7
3600		15
3601		0
3602		18
3603		18
3604		4
3605		7
3606		6
3607		0
3608		21
3609		21
3610		6
3611		21
3612		0
3613		12.5
3614		19
3615		11.5
3616		18
3617		0
3618		0
3619		7
3620		0
3621		14
3622		14
3623		0
3624		21
3625		0
3626		14
3627		7
3628		18
3629		18
3630		0
3631		0
3632		6
3633		7
3634		21
3635		21
3636		0
3637		13
3638		0
3639		18
3640		19
3641		12.5
3642		18
3643		0
3644		7
3645		0
3646		0
3647		11.6667
3648		12.5
3649		0
3650		21
3651		0
3652		19
3653		0
3654		12
3655		12.5
3656		0
3657		0
3658		6
3659		5
3660		21
3661		14
3662		0
3663		21
3664		0
3665		18
3666		13
3667		18
3668		18
3669		7
3670		4
3671		0
3672		0
3673		14
3674		21
3675		7
3676		13.5
3677		0
3678		19
3679		0
3680		18
3681		11.5
3682		0
3683		7
3684		6
3685		0
3686		21
3687		21
3688		7
3689		14
3690		0
3691		18
3692		11.5
3693		18
3694		18
3695		0
3696		0
3697		7
3698		6
3699		14
3700		21
3701		0
3702		21
3703		6
3704		19
3705		0
3706		18
3707		18
3708		0
3709		0
3710		6.5
3711		7
3712		21
3713		21
3714		4
3715		21
3716		0
3717		12.5
3718		19
3719		18
3720		12
3721		0
3722		0
3723		0
3724		0
3725		10
3726		21
3727		0
3728		21
3729		0
3730		19
3731		7
3732		12.5
3733		18
3734		0
3735		0
3736		5
3737		0
3738		21
3739		14
3740		0
3741		21
3742		6
3743		18
3744		19
3745		12.5
3746		18
3747		5
3748		0
3749		0
3750		0
3751		14
3752		21
3753		7
3754		14
3755		0
3756		19
3757		0
3758		11
3759		12.5
3760		0
3761		0
3762		6
3763		0
3764		13.5
3765		21
3766		0
3767		14
3768		0
3769		11.5
3770		19
3771		18
3772		18
3773		7
3774		0
3775		0
3776		7
3777		14
3778		21
3779		0
3780		12.5
3781		7
3782		19
3783		0
3784		18
3785		18
3786		6
3787		7
3788		6
3789		0
3790		21
3791		13
3792		0
3793		21
3794		0
3795		12.5
3796		19
3797		18
3798		12.5
3799		0
3800		0
3801		7
3802		4
3803		14
3804		21
3805		0
3806		21
3807		0
3808		14.6667
3809		7
3810		18
3811		18
3812		0
3813		5
3814		6
3815		7
3816		21
3817		21
3818		0
3819		21
3820		7
3821		18
3822		19
3823		12.5
3824		11
3825		0
3826		0
3827		0
3828		0
3829		11.6667
3830		13.5
3831		0
3832		21
3833		0
3834		19
3835		5
3836		18
3837		12.5
3838		0
3839		0
3840		6
3841		0
3842		14
3843		14
3844		0
3845		21
3846		4
3847		18
3848		19
3849		18
3850		18
3851		7
3852		6
3853		0
3854		0
3855		14
3856		21
3857		6
3858		21
3859		0
3860		19
3861		0
3862		18
3863		18
3864		7
3865		7
3866		6
3867		0
3868		12.5
3869		21
3870		0
3871		14
3872		0
3873		18
3874		12.5
3875		18
3876		18
3877		0
3878		0
3879		6
3880		0
3881		14
3882		21
3883		0
3884		21
3885		7
3886		15
3887		0
3888		18
3889		18
3890		4
3891		0
3892		6
3893		7
3894		21
3895		21
3896		6
3897		21
3898		0
3899		12.5
3900		19
3901		11.5
3902		18
3903		0
3904		0
3905		0
3906		0
3907		11.6667
3908		14
3909		0
3910		21
3911		0
3912		14
3913		7
3914		18
3915		18
3916		0
3917		0
3918		6
3919		0
3920		21
3921		14
3922		0
3923		13
3924		0
3925		18
3926		19
3927		12.5
3928		18
3929		0
3930		7
3931		0
3932		0
3933		14
3934		12.5
3935		7
3936		21
3937		0
3938		19
3939		0
3940		12
3941		12.5
3942		0
3943		0
3944		6
3945		5
3946		21
3947		21
3948		0
3949		14
3950		0
3951		18
3952		13
3953		18
3954		18
3955		7
3956		4
3957		0
3958		0
3959		14
3960		21
3961		0
3962		13.5
3963		7
3964		19
3965		0
3966		18
3967		11.5
3968		0
3969		7
3970		6
3971		0
3972		21
3973		21
3974		7
3975		21
3976		0
3977		12.5
3978		11.5
3979		18
3980		18
3981		0
3982		0
3983		7
3984		6
3985		14
3986		21
3987		0
3988		21
3989		5
3990		19
3991		7
3992		18
3993		18
3994		0
3995		0
3996		6.5
3997		7
3998		21
3999		21
4000		4
4001		21
4002		0
4003		18
4004		19
4005		12.5
4006		12
4007		0
4008		0
4009		0
4010		0
4011		10
4012		21
4013		0
4014		21
4015		0
4016		19
4017		0
4018		12.5
4019		12.5
4020		0
4021		0
4022		5
4023		0
4024		21
4025		14
4026		0
4027		21
4028		6
4029		18
4030		19
4031		18
4032		18
4033		6
4034		0
4035		0
4036		0
4037		14
4038		21
4039		7
4040		14
4041		0
4042		19
4043		0
4044		11
4045		18
4046		0
4047		7
4048		6
4049		0
4050		13.5
4051		21
4052		0
4053		14
4054		0
4055		11.5
4056		19
4057		18
4058		18
4059		0
4060		0
4061		7
4062		7
4063		14
4064		21
4065		0
4066		12.5
4067		7
4068		19
4069		0
4070		18
4071		18
4072		6
4073		0
4074		6
4075		7
4076		21
4077		13
4078		0
4079		21
4080		0
4081		12.5
4082		19
4083		18
4084		12.5
4085		0
4086		0
4087		0
4088		4
4089		11.6667
4090		21
4091		0
4092		21
4093		0
4094		14.6667
4095		7
4096		18
4097		18
4098		0
4099		5
4100		6
4101		0
4102		21
4103		14
4104		0
4105		21
4106		7
4107		18
4108		19
4109		12.5
4110		11
4111		0
4112		0
4113		0
4114		0
4115		14
4116		13.5
4117		7
4118		21
4119		0
4120		19
4121		5
4122		18
4123		12.5
4124		0
4125		0
4126		6
4127		0
4128		14
4129		21
4130		0
4131		14
4132		4
4133		18
4134		19
4135		18
4136		18
4137		7
4138		6
4139		0
4140		0
4141		14
4142		21
4143		5
4144		21
4145		7
4146		19
4147		0
4148		18
4149		18
4150		7
4151		7
4152		6
4153		0
4154		12.5
4155		21
4156		0
4157		21
4158		0
4159		12.5
4160		12.5
4161		18
4162		18
4163		0
4164		0
4165		6
4166		0
4167		14
4168		21
4169		0
4170		21
4171		0
4172		15
4173		7
4174		18
4175		18
4176		4
4177		0
4178		6
4179		7
4180		21
4181		21
4182		6
4183		21
4184		0
4185		18
4186		19
4187		10
4188		18
4189		0
4190		0
4191		0
4192		0
4193		11.6667
4194		14
4195		0
4196		21
4197		0
4198		14
4199		0
4200		18
4201		12.5
4202		0
4203		0
4204		6
4205		0
4206		21
4207		14
4208		0
4209		13
4210		0
4211		18
4212		19
4213		18
4214		18
4215		7
4216		7
4217		0
4218		0
4219		14
4220		12.5
4221		7
4222		21
4223		0
4224		19
4225		0
4226		12
4227		18
4228		0
4229		7
4230		6
4231		5
4232		21
4233		21
4234		0
4235		14
4236		0
4237		18
4238		13
4239		18
4240		18
4241		0
4242		4
4243		7
4244		0
4245		14
4246		21
4247		0
4248		13.5
4249		7
4250		19
4251		0
4252		18
4253		11.5
4254		0
4255		0
4256		6
4257		7
4258		21
4259		21
4260		7
4261		21
4262		0
4263		12.5
4264		11.5
4265		18
4266		18
4267		0
4268		0
4269		0
4270		6
4271		11.6667
4272		21
4273		0
4274		21
4275		5
4276		19
4277		7
4278		18
4279		18
4280		0
4281		0
4282		6.5
4283		0
4284		21
4285		14
4286		4
4287		21
4288		0
4289		18
4290		19
4291		12.5
4292		12
4293		0
4294		0
4295		0
4296		0
4297		11
4298		21
4299		7
4300		21
4301		0
4302		19
4303		0
4304		12.5
4305		12.5
4306		0
4307		0
4308		5
4309		0
4310		21
4311		21
4312		0
4313		14
4314		6
4315		18
4316		19
4317		18
4318		18
4319		6
4320		0
4321		0
4322		0
4323		14
4324		21
4325		0
4326		14
4327		7
4328		19
4329		0
4330		11
4331		18
4332		0
4333		7
4334		6
4335		0
4336		13.5
4337		21
4338		0
4339		21
4340		0
4341		10
4342		19
4343		18
4344		18
4345		0
4346		0
4347		7
4348		7
4349		14
4350		21
4351		0
4352		12.5
4353		0
4354		19
4355		7
4356		18
4357		18
4358		6
4359		0
4360		6
4361		7
4362		21
4363		13
4364		0
4365		21
4366		0
4367		18
4368		19
4369		12.5
4370		12.5
4371		0
4372		0
4373		0
4374		4
4375		11.6667
4376		21
4377		0
4378		21
4379		0
4380		14.6667
4381		0
4382		18
4383		12.5
4384		0
4385		5
4386		6
4387		0
4388		21
4389		14
4390		0
4391		21
4392		7
4393		18
4394		19
4395		18
4396		11
4397		7
4398		0
4399		0
4400		0
4401		14
4402		13.5
4403		7
4404		21
4405		0
4406		19
4407		5
4408		18
4409		18
4410		0
4411		7
4412		6
4413		0
4414		14
4415		21
4416		0
4417		14
4418		4
4419		18
4420		19
4421		18
4422		18
4423		0
4424		6
4425		7
4426		0
4427		14
4428		21
4429		5
4430		21
4431		7
4432		19
4433		0
4434		18
4435		18
4436		7
4437		0
4438		6
4439		7
4440		12.5
4441		21
4442		0
4443		21
4444		0
4445		12.5
4446		12.5
4447		18
4448		18
4449		0
4450		0
4451		5
4452		0
4453		11.6667
4454		21
4455		0
4456		21
4457		0
4458		15
4459		7
4460		18
4461		18
4462		4
4463		0
4464		6
4465		0
4466		21
4467		14
4468		6
4469		21
4470		0
4471		18
4472		19
4473		10
4474		18
4475		0
4476		0
4477		0
4478		0
4479		14
4480		14
4481		7
4482		21
4483		0
4484		14
4485		0
4486		18
4487		12.5
4488		0
4489		0
4490		6
4491		0
4492		21
4493		21
4494		0
4495		11
4496		0
4497		18
4498		19
4499		18
4500		18
4501		7
4502		7
4503		0
4504		0
4505		14
4506		12.5
4507		0
4508		21
4509		7
4510		19
4511		0
4512		12
4513		18
4514		0
4515		7
4516		6
4517		5
4518		21
4519		21
4520		0
4521		21
4522		0
4523		12.5
4524		13
4525		18
4526		18
4527		0
4528		4
4529		7
4530		0
4531		14
4532		21
4533		0
4534		13.5
4535		0
4536		19
4537		7
4538		18
4539		11.5
4540		0
4541		0
4542		6
4543		7
4544		21
4545		21
4546		7
4547		21
4548		0
4549		18
4550		11.5
4551		12.5
4552		18
4553		0
4554		0
4555		0
4556		6
4557		11.6667
4558		21
4559		0
4560		21
4561		5
4562		19
4563		0
4564		18
4565		12.5
4566		0
4567		0
4568		6.5
4569		0
4570		21
4571		14
4572		4
4573		21
4574		0
4575		18
4576		19
4577		18
4578		12
4579		7
4580		0
4581		0
4582		0
4583		11
4584		21
4585		7
4586		21
4587		0
4588		19
4589		0
4590		12.5
4591		18
4592		0
4593		7
4594		5
4595		0
4596		21
4597		21
4598		0
4599		14
4600		6
4601		18
4602		19
4603		18
4604		18
4605		5
4606		0
4607		7
4608		0
4609		14
4610		21
4611		0
4612		14
4613		7
4614		19
4615		0
4616		11
4617		18
4618		0
4619		0
4620		6
4621		7
4622		13.5
4623		21
4624		0
4625		21
4626		0
4627		10
4628		19
4629		18
4630		18
4631		0
4632		0
4633		0
4634		7
4635		11.6667
4636		21
4637		0
4638		12.5
4639		0
4640		19
4641		7
4642		18
4643		18
4644		6
4645		0
4646		6
4647		0
4648		21
4649		11
4650		0
4651		21
4652		0
4653		18
4654		19
4655		12.5
4656		12.5
4657		0
4658		0
4659		0
4660		4
4661		14
4662		21
4663		7
4664		21
4665		0
4666		14.6667
4667		0
4668		18
4669		12.5
4670		0
4671		5
4672		6
4673		0
4674		21
4675		21
4676		0
4677		14
4678		7
4679		18
4680		19
4681		18
4682		11
4683		7
4684		0
4685		0
4686		0
4687		14
4688		13.5
4689		0
4690		21
4691		7
4692		19
4693		5
4694		18
4695		18
4696		0
4697		7
4698		6
4699		0
4700		14
4701		21
4702		0
4703		21
4704		4
4705		12.5
4706		19
4707		18
4708		18
4709		0
4710		6
4711		7
4712		0
4713		14
4714		21
4715		5
4716		21
4717		0
4718		19
4719		7
4720		18
4721		18
4722		7
4723		0
4724		6
4725		7
4726		12.5
4727		21
4728		0
4729		21
4730		0
4731		18
4732		12.5
4733		12.5
4734		18
4735		0
4736		0
4737		5
4738		0
4739		11.6667
4740		21
4741		0
4742		21
4743		0
4744		15
4745		0
4746		18
4747		12.5
4748		4
4749		0
4750		6
4751		0
4752		21
4753		14
4754		6
4755		21
4756		0
4757		18
4758		19
4759		11.5
4760		18
4761		7
4762		0
4763		0
4764		0
4765		14
4766		14
4767		7
4768		21
4769		0
4770		14
4771		0
4772		18
4773		18
4774		0
4775		7
4776		6
4777		0
4778		21
4779		21
4780		0
4781		11
4782		0
4783		18
4784		19
4785		18
4786		18
4787		0
4788		7
4789		7
4790		0
4791		14
4792		12.5
4793		0
4794		21
4795		7
4796		19
4797		0
4798		12
4799		18
4800		0
4801		0
4802		6
4803		6
4804		21
4805		21
4806		0
4807		21
4808		0
4809		12.5
4810		13
4811		18
4812		18
4813		0
4814		4
4815		0
4816		0
4817		11.6667
4818		21
4819		0
4820		13.5
4821		0
4822		19
4823		7
4824		18
4825		11.5
4826		0
4827		0
4828		6
4829		0
4830		21
4831		14
4832		7
4833		21
4834		0
4835		18
4836		11.5
4837		12.5
4838		18
4839		0
4840		0
4841		0
4842		6
4843		14
4844		21
4845		7
4846		21
4847		5
4848		19
4849		0
4850		18
4851		12.5
4852		0
4853		0
4854		6.5
4855		0
4856		21
4857		21
4858		4
4859		14
4860		0
4861		18
4862		19
4863		18
4864		12
4865		7
4866		0
4867		0
4868		0
4869		11
4870		21
4871		0
4872		21
4873		7
4874		19
4875		0
4876		12.5
4877		18
4878		0
4879		7
4880		5
4881		0
4882		21
4883		21
4884		0
4885		21
4886		6
4887		12.5
4888		19
4889		18
4890		18
4891		5
4892		0
4893		7
4894		0
4895		14
4896		21
4897		0
4898		14
4899		0
4900		19
4901		7
4902		11
4903		18
4904		0
4905		0
4906		6
4907		7
4908		13.5
4909		21
4910		0
4911		21
4912		0
4913		11.5
4914		19
4915		12.5
4916		18
4917		0
4918		0
4919		0
4920		7
4921		11.6667
4922		21
4923		0
4924		12.5
4925		0
4926		19
4927		0
4928		18
4929		12.5
4930		6
4931		0
4932		6
4933		0
4934		21
4935		11
4936		0
4937		21
4938		0
4939		18
4940		19
4941		18
4942		12.5
4943		7
4944		0
4945		0
4946		4
4947		14
4948		21
4949		7
4950		21
4951		0
4952		14.6667
4953		0
4954		18
4955		18
4956		0
4957		6
4958		6
4959		0
4960		21
4961		21
4962		0
4963		14
4964		7
4965		18
4966		19
4967		18
4968		11
4969		0
4970		0
4971		7
4972		0
4973		14
4974		13.5
4975		0
4976		21
4977		7
4978		19
4979		5
4980		18
4981		18
4982		0
4983		0
4984		6
4985		7
4986		14
4987		21
4988		0
4989		21
4990		4
4991		12.5
4992		19
4993		18
4994		18
4995		0
4996		6
4997		0
4998		0
4999		11.6667
5000		21
5001		5
5002		21
5003		0
5004		19
5005		7
5006		18
5007		18
5008		7
5009		0
5010		6
5011		0
5012		12.5
5013		14
5014		0
5015		21
5016		0
5017		18
5018		12.5
5019		12.5
5020		18
5021		0
5022		0
5023		5
5024		0
5025		14
5026		21
5027		7
5028		21
5029		0
5030		15
5031		0
5032		18
5033		12.5
5034		4
5035		0
5036		6
5037		0
5038		21
5039		21
5040		6
5041		14
5042		0
5043		18
5044		19
5045		11.5
5046		18
5047		7
5048		0
5049		0
5050		0
5051		14
5052		14
5053		0
5054		21
5055		7
5056		14
5057		0
5058		18
5059		18
5060		0
5061		7
5062		6
5063		0
5064		21
5065		21
5066		0
5067		13
5068		0
5069		12.5
5070		19
5071		18
5072		18
5073		0
5074		7
5075		7
5076		0
5077		14
5078		12.5
5079		0
5080		21
5081		0
5082		19
5083		7
5084		12
5085		18
5086		0
5087		0
5088		6
5089		6
5090		21
5091		21
5092		0
5093		21
5094		0
5095		18
5096		13
5097		12.5
5098		18
5099		0
5100		4
5101		0
5102		0
5103		11.6667
5104		21
5105		0
5106		13.5
5107		0
5108		19
5109		0
5110		18
5111		10
5112		0
5113		0
5114		6
5115		0
5116		21
5117		14
5118		7
5119		21
5120		0
5121		18
5122		11.5
5123		18
5124		18
5125		7
5126		0
5127		0
5128		6
5129		14
5130		21
5131		7
5132		21
5133		5
5134		19
5135		0
5136		18
5137		18
5138		0
5139		7
5140		6.5
5141		0
5142		21
5143		21
5144		4
5145		14
5146		0
5147		18
5148		19
5149		18
5150		12
5151		0
5152		0
5153		7
5154		0
5155		11
5156		21
5157		0
5158		21
5159		7
5160		19
5161		0
5162		12.5
5163		18
5164		0
5165		0
5166		5
5167		7
5168		21
5169		21
5170		0
5171		21
5172		6
5173		12.5
5174		19
5175		18
5176		18
5177		5
5178		0
5179		0
5180		0
5181		11.6667
5182		21
5183		0
5184		14
5185		0
5186		19
5187		7
5188		11
5189		18
5190		0
5191		0
5192		6
5193		0
5194		13.5
5195		14
5196		0
5197		21
5198		0
5199		11.5
5200		19
5201		12.5
5202		18
5203		0
5204		0
5205		0
5206		7
5207		14
5208		21
5209		7
5210		12.5
5211		0
5212		19
5213		0
5214		18
5215		12.5
5216		6
5217		0
5218		6
5219		0
5220		21
5221		13
5222		0
5223		14
5224		0
5225		18
5226		19
5227		18
5228		12.5
5229		7
5230		0
5231		0
5232		4
5233		14
5234		21
5235		0
5236		21
5237		7
5238		14.6667
5239		0
5240		18
5241		18
5242		0
5243		6
5244		6
5245		0
5246		21
5247		21
5248		0
5249		21
5250		7
5251		12.5
5252		19
5253		18
5254		11
5255		0
5256		0
5257		7
5258		0
5259		14
5260		13.5
5261		0
5262		21
5263		0
5264		19
5265		6
5266		18
5267		18
5268		0
5269		0
5270		6
5271		7
5272		14
5273		21
5274		0
5275		21
5276		4
5277		18
5278		19
5279		12.5
5280		18
5281		0
5282		6
5283		0
5284		0
5285		11.6667
5286		21
5287		5
5288		21
5289		0
5290		19
5291		0
5292		18
5293		12.5
5294		7
5295		0
5296		6
5297		0
5298		12.5
5299		14
5300		0
5301		21
5302		0
5303		18
5304		12.5
5305		18
5306		18
5307		7
5308		0
5309		5
5310		0
5311		14
5312		21
5313		7
5314		21
5315		0
5316		15
5317		0
5318		18
5319		18
5320		4
5321		7
5322		6
5323		0
5324		21
5325		21
5326		6
5327		14
5328		0
5329		18
5330		19
5331		11.5
5332		18
5333		0
5334		0
5335		7
5336		0
5337		14
5338		14
5339		0
5340		21
5341		7
5342		14
5343		0
5344		18
5345		18
5346		0
5347		0
5348		6
5349		7
5350		21
5351		21
5352		0
5353		13
5354		0
5355		12.5
5356		19
5357		18
5358		18
5359		0
5360		7
5361		0
5362		0
5363		11.6667
5364		12.5
5365		0
5366		21
5367		0
5368		19
5369		7
5370		12
5371		18
5372		0
5373		0
5374		6
5375		5
5376		21
5377		14
5378		0
5379		21
5380		0
5381		18
5382		13
5383		12.5
5384		18
5385		0
5386		4
5387		0
5388		0
5389		14
5390		21
5391		7
5392		13.5
5393		0
5394		19
5395		0
5396		18
5397		10
5398		0
5399		0
5400		6
5401		0
5402		21
5403		21
5404		7
5405		14
5406		0
5407		18
5408		11.5
5409		18
5410		18
5411		7
5412		0
5413		0
5414		6
5415		14
5416		21
5417		0
5418		21
5419		6
5420		19
5421		0
5422		18
5423		18
5424		0
5425		7
5426		6.5
5427		0
5428		21
5429		21
5430		4
5431		21
5432		0
5433		12.5
5434		19
5435		18
5436		12
5437		0
5438		0
5439		7
5440		0
5441		11
5442		21
5443		0
5444		21
5445		0
5446		19
5447		7
5448		12.5
5449		18
5450		0
5451		0
5452		5
5453		7
5454		21
5455		21
5456		0
5457		21
5458		6
5459		18
5460		19
5461		12.5
5462		18
5463		5
5464		0
5465		0
5466		0
5467		11.6667
5468		21
5469		0
5470		14
5471		0
5472		19
5473		0
5474		11
5475		12.5
5476		0
5477		0
5478		6
5479		0
5480		13.5
5481		14
5482		0
5483		21
5484		0
5485		11.5
5486		19
5487		18
5488		18
5489		7
5490		0
5491		0
5492		7
5493		14
5494		21
5495		7
5496		12.5
5497		0
5498		19
5499		0
5500		18
5501		18
5502		6
5503		7
5504		6
5505		0
5506		21
5507		13
5508		0
5509		14
5510		0
5511		18
5512		19
5513		18
5514		12.5
5515		0
5516		0
5517		7
5518		4
5519		14
5520		21
5521		0
5522		21
5523		7
5524		14.6667
5525		0
5526		18
5527		18
5528		0
5529		5
5530		6
5531		7
5532		21
5533		21
5534		0
5535		21
5536		7
5537		12.5
5538		19
5539		18
5540		11
5541		0
5542		0
5543		0
5544		0
5545		11.6667
5546		13.5
5547		0
5548		21
5549		0
5550		19
5551		6
5552		18
5553		18
5554		0
5555		0
5556		6
5557		0
5558		14
5559		14
5560		0
5561		21
5562		4
5563		18
5564		19
5565		12.5
5566		18
5567		0
5568		6
5569		0
5570		0
5571		14
5572		21
5573		6
5574		21
5575		0
5576		19
5577		0
5578		18
5579		12.5
5580		7
5581		0
5582		6
5583		0
5584		12.5
5585		21
5586		0
5587		14
5588		0
5589		18
5590		12.5
5591		18
5592		18
5593		7
5594		0
5595		5
5596		0
5597		14
5598		21
5599		0
5600		21
5601		7
5602		15
5603		0
5604		18
5605		18
5606		4
5607		7
5608		6
5609		0
5610		21
5611		21
5612		6
5613		21
5614		0
5615		12.5
5616		19
5617		11.5
5618		18
5619		0
5620		0
5621		7
5622		0
5623		14
5624		14
5625		0
5626		21
5627		0
5628		14
5629		7
5630		18
5631		18
5632		0
5633		0
5634		6
5635		7
5636		21
5637		21
5638		0
5639		13
5640		0
5641		18
5642		19
5643		12.5
5644		18
5645		0
5646		7
5647		0
5648		0
5649		11.6667
5650		12.5
5651		0
5652		21
5653		0
5654		19
5655		0
5656		12
5657		12.5
5658		0
5659		0
5660		6
5661		5
5662		21
5663		14
5664		0
5665		21
5666		0
5667		18
5668		13
5669		18
5670		18
5671		7
5672		4
5673		0
5674		0
5675		14
5676		21
5677		7
5678		13.5
5679		0
5680		19
5681		0
5682		18
5683		11.5
5684		0
5685		7
5686		6
5687		0
5688		21
5689		21
5690		7
5691		14
5692		0
5693		18
5694		11.5
5695		18
5696		18
5697		0
5698		0
5699		7
5700		6
5701		14
5702		21
5703		0
5704		21
5705		6
5706		19
5707		0
5708		18
5709		18
5710		0
5711		0
5712		6.5
5713		7
5714		21
5715		21
5716		4
5717		21
5718		0
5719		12.5
5720		19
5721		18
5722		12
5723		0
5724		0
5725		0
5726		0
5727		10
5728		21
5729		0
5730		21
5731		0
5732		19
5733		7
5734		12.5
5735		18
5736		0
5737		0
5738		5
5739		0
5740		21
5741		14
5742		0
5743		21
5744		6
5745		18
5746		19
5747		12.5
5748		18
5749		5
5750		0
5751		0
5752		0
5753		14
5754		21
5755		7
5756		14
5757		0
5758		19
5759		0
5760		11
5761		12.5
5762		0
5763		0
5764		6
5765		0
5766		13.5
5767		21
5768		0
5769		14
5770		0
5771		11.5
5772		19
5773		18
5774		18
5775		7
5776		0
5777		0
5778		7
5779		14
5780		21
5781		0
5782		12.5
5783		7
5784		19
5785		0
5786		18
5787		18
5788		6
5789		7
5790		6
5791		0
5792		21
5793		13
5794		0
5795		21
5796		0
5797		12.5
5798		19
5799		18
5800		12.5
5801		0
5802		0
5803		7
5804		4
5805		14
5806		21
5807		0
5808		21
5809		0
5810		14.6667
5811		7
5812		18
5813		18
5814		0
5815		5
5816		6
5817		7
5818		21
5819		21
5820		0
5821		21
5822		7
5823		18
5824		19
5825		12.5
5826		11
5827		0
5828		0
5829		0
5830		0
5831		11.6667
5832		13.5
5833		0
5834		21
5835		0
5836		19
5837		5
5838		18
5839		12.5
5840		0
5841		0
5842		6
5843		0
5844		14
5845		14
5846		0
5847		21
5848		4
5849		18
5850		19
5851		18
5852		18
5853		7
5854		6
5855		0
5856		0
5857		14
5858		21
5859		6
5860		21
5861		0
5862		19
5863		0
5864		18
5865		18
5866		7
5867		7
5868		6
5869		0
5870		12.5
5871		21
5872		0
5873		14
5874		0
5875		18
5876		12.5
5877		18
5878		18
5879		0
5880		0
5881		6
5882		0
5883		14
5884		21
5885		0
5886		21
5887		7
5888		15
5889		0
5890		18
5891		18
5892		4
5893		0
5894		6
5895		7
5896		21
5897		21
5898		6
5899		21
5900		0
5901		12.5
5902		19
5903		11.5
5904		18
5905		0
5906		0
5907		0
5908		0
5909		11.6667
5910		14
5911		0
5912		21
5913		0
5914		14
5915		7
5916		18
5917		18
5918		0
5919		0
5920		6
5921		0
5922		21
5923		14
5924		0
5925		13
5926		0
5927		18
5928		19
5929		12.5
5930		18
5931		0
5932		7
5933		0
5934		0
5935		14
5936		12.5
5937		7
5938		21
5939		0
5940		19
5941		0
5942		12
5943		12.5
5944		0
5945		0
5946		6
5947		5
5948		21
5949		21
5950		0
5951		14
5952		0
5953		18
5954		13
5955		18
5956		18
5957		7
5958		4
5959		0
5960		0
5961		14
5962		21
5963		0
5964		13.5
5965		7
5966		19
5967		0
5968		18
5969		11.5
5970		0
5971		7
5972		6
5973		0
5974		21
5975		21
5976		7
5977		21
5978		0
5979		12.5
5980		11.5
5981		18
5982		18
5983		0
5984		0
5985		7
5986		6
5987		14
5988		21
5989		0
5990		21
5991		5
5992		19
5993		7
5994		18
5995		18
5996		0
5997		0
5998		6.5
5999		7
6000		21
6001		21
6002		4
6003		21
6004		0
6005		18
6006		19
6007		12.5
6008		12
6009		0
6010		0
6011		0
6012		0
6013		10
6014		21
6015		0
6016		21
6017		0
6018		19
6019		0
6020		12.5
6021		12.5
6022		0
6023		0
6024		5
6025		0
6026		21
6027		14
6028		0
6029		21
6030		6
6031		18
6032		19
6033		18
6034		18
6035		6
6036		0
6037		0
6038		0
6039		14
6040		21
6041		7
6042		14
6043		0
6044		19
6045		0
6046		11
6047		18
6048		0
6049		7
6050		6
6051		0
6052		13.5
6053		21
6054		0
6055		14
6056		0
6057		11.5
6058		19
6059		18
6060		18
6061		0
6062		0
6063		7
6064		7
6065		14
6066		21
6067		0
6068		12.5
6069		7
6070		19
6071		0
6072		18
6073		18
6074		6
6075		0
6076		6
6077		7
6078		21
6079		13
6080		0
6081		21
6082		0
6083		12.5
6084		19
6085		18
6086		12.5
6087		0
6088		0
6089		0
6090		4
6091		11.6667
6092		21
6093		0
6094		21
6095		0
6096		14.6667
6097		7
6098		18
6099		18
6100		0
6101		5
6102		6
6103		0
6104		21
6105		14
6106		0
6107		21
6108		7
6109		18
6110		19
6111		12.5
6112		11
6113		0
6114		0
6115		0
6116		0
6117		14
6118		13.5
6119		7
6120		21
6121		0
6122		19
6123		5
6124		18
6125		12.5
6126		0
6127		0
6128		6
6129		0
6130		14
6131		21
6132		0
6133		14
6134		4
6135		18
6136		19
6137		18
6138		18
6139		7
6140		6
6141		0
6142		0
6143		14
6144		21
6145		5
6146		21
6147		7
6148		19
6149		0
6150		18
6151		18
6152		7
6153		7
6154		6
6155		0
6156		12.5
6157		21
6158		0
6159		21
6160		0
6161		12.5
6162		12.5
6163		18
6164		18
6165		0
6166		0
6167		6
6168		0
6169		14
6170		21
6171		0
6172		21
6173		0
6174		15
6175		7
6176		18
6177		18
6178		4
6179		0
6180		6
6181		7
6182		21
6183		21
6184		6
6185		21
6186		0
6187		18
6188		19
6189		10
6190		18
6191		0
6192		0
6193		0
6194		0
6195		11.6667
6196		14
6197		0
6198		21
6199		0
6200		14
6201		0
6202		18
6203		12.5
6204		0
6205		0
6206		6
6207		0
6208		21
6209		14
6210		0
6211		13
6212		0
6213		18
6214		19
6215		18
6216		18
6217		7
6218		7
6219		0
6220		0
6221		14
6222		12.5
6223		7
6224		21
6225		0
6226		19
6227		0
6228		12
6229		18
6230		0
6231		7
6232		6
6233		5
6234		21
6235		21
6236		0
6237		14
6238		0
6239		18
6240		13
6241		18
6242		18
6243		0
6244		4
6245		7
6246		0
6247		14
6248		21
6249		0
6250		13.5
6251		7
6252		19
6253		0
6254		18
6255		11.5
6256		0
6257		0
6258		6
6259		7
6260		21
6261		21
6262		7
6263		21
6264		0
6265		12.5
6266		11.5
6267		18
6268		18
6269		0
6270		0
6271		0
6272		6
6273		11.6667
6274		21
6275		0
6276		21
6277		5
6278		19
6279		7
6280		18
6281		18
6282		0
6283		0
6284		6.5
6285		0
6286		21
6287		14
6288		4
6289		21
6290		0
6291		18
6292		19
6293		12.5
6294		12
6295		0
6296		0
6297		0
6298		0
6299		11
6300		21
6301		7
6302		21
6303		0
6304		19
6305		0
6306		12.5
6307		12.5
6308		0
6309		0
6310		5
6311		0
6312		21
6313		21
6314		0
6315		14
6316		6
6317		18
6318		19
6319		18
6320		18
6321		6
6322		0
6323		0
6324		0
6325		14
6326		21
6327		0
6328		14
6329		7
6330		19
6331		0
6332		11
6333		18
6334		0
6335		7
6336		6
6337		0
6338		13.5
6339		21
6340		0
6341		21
6342		0
6343		10
6344		19
6345		18
6346		18
6347		0
6348		0
6349		7
6350		7
6351		14
6352		21
6353		0
6354		12.5
6355		0
6356		19
6357		7
6358		18
6359		18
6360		6
6361		0
6362		6
6363		7
6364		21
6365		13
6366		0
6367		21
6368		0
6369		18
6370		19
6371		12.5
6372		12.5
6373		0
6374		0
6375		0
6376		4
6377		11.6667
6378		21
6379		0
6380		21
6381		0
6382		14.6667
6383		0
6384		18
6385		12.5
6386		0
6387		5
6388		6
6389		0
6390		21
6391		14
6392		0
6393		21
6394		7
6395		18
6396		19
6397		18
6398		11
6399		7
6400		0
6401		0
6402		0
6403		14
6404		13.5
6405		7
6406		21
6407		0
6408		19
6409		5
6410		18
6411		18
6412		0
6413		7
6414		6
6415		0
6416		14
6417		21
6418		0
6419		14
6420		4
6421		18
6422		19
6423		18
6424		18
6425		0
6426		6
6427		7
6428		0
6429		14
6430		21
6431		5
6432		21
6433		7
6434		19
6435		0
6436		18
6437		18
6438		7
6439		0
6440		6
6441		7
6442		12.5
6443		21
6444		0
6445		21
6446		0
6447		12.5
6448		12.5
6449		18
6450		18
6451		0
6452		0
6453		5
6454		0
6455		11.6667
6456		21
6457		0
6458		21
6459		0
6460		15
6461		7
6462		18
6463		18
6464		4
6465		0
6466		6
6467		0
6468		21
6469		14
6470		6
6471		21
6472		0
6473		18
6474		19
6475		10
6476		18
6477		0
6478		0
6479		0
6480		0
6481		14
6482		14
6483		7
6484		21
6485		0
6486		14
6487		0
6488		18
6489		12.5
6490		0
6491		0
6492		6
6493		0
6494		21
6495		21
6496		0
6497		11
6498		0
6499		18
6500		19
6501		18
6502		18
6503		7
6504		7
6505		0
6506		0
6507		14
6508		12.5
6509		0
6510		21
6511		7
6512		19
6513		0
6514		12
6515		18
6516		0
6517		7
6518		6
6519		5
6520		21
6521		21
6522		0
6523		21
6524		0
6525		12.5
6526		13
6527		18
6528		18
6529		0
6530		4
6531		7
6532		0
6533		14
6534		21
6535		0
6536		13.5
6537		0
6538		19
6539		7
6540		18
6541		11.5
6542		0
6543		0
6544		6
6545		7
6546		21
6547		21
6548		7
6549		21
6550		0
6551		18
6552		11.5
6553		12.5
6554		18
6555		0
6556		0
6557		0
6558		6
6559		11.6667
6560		21
6561		0
6562		21
6563		5
6564		19
6565		0
6566		18
6567		12.5
6568		0
6569		0
6570		6.5
6571		0
6572		21
6573		14
6574		4
6575		21
6576		0
6577		18
6578		19
6579		18
6580		12
6581		7
6582		0
6583		0
6584		0
6585		11
6586		21
6587		7
6588		21
6589		0
6590		19
6591		0
6592		12.5
6593		18
6594		0
6595		7
6596		5
6597		0
6598		21
6599		21
6600		0
6601		14
6602		6
6603		18
6604		19
6605		18
6606		18
6607		5
6608		0
6609		7
6610		0
6611		14
6612		21
6613		0
6614		14
6615		7
6616		19
6617		0
6618		11
6619		18
6620		0
6621		0
6622		6
6623		7
6624		13.5
6625		21
6626		0
6627		21
6628		0
6629		10
6630		19
6631		18
6632		18
6633		0
6634		0
6635		0
6636		7
6637		11.6667
6638		21
6639		0
6640		12.5
6641		0
6642		19
6643		7
6644		18
6645		18
6646		6
6647		0
6648		6
6649		0
6650		21
6651		11
6652		0
6653		21
6654		0
6655		18
6656		19
6657		12.5
6658		12.5
6659		0
6660		0
6661		0
6662		4
6663		14
6664		21
6665		7
6666		21
6667		0
6668		14.6667
6669		0
6670		18
6671		12.5
6672		0
6673		5
6674		6
6675		0
6676		21
6677		21
6678		0
6679		14
6680		7
6681		18
6682		19
6683		18
6684		11
6685		7
6686		0
6687		0
6688		0
6689		14
6690		13.5
6691		0
6692		21
6693		7
6694		19
6695		5
6696		18
6697		18
6698		0
6699		7
6700		6
6701		0
6702		14
6703		21
6704		0
6705		21
6706		4
6707		12.5
6708		19
6709		18
6710		18
6711		0
6712		6
6713		7
6714		0
6715		14
6716		21
6717		5
6718		21
6719		0
6720		19
6721		7
6722		18
6723		18
6724		7
6725		0
6726		6
6727		7
6728		12.5
6729		21
6730		0
6731		21
6732		0
6733		18
6734		12.5
6735		12.5
6736		18
6737		0
6738		0
6739		5
6740		0
6741		11.6667
6742		21
6743		0
6744		21
6745		0
6746		15
6747		0
6748		18
6749		12.5
6750		4
6751		0
6752		6
6753		0
6754		21
6755		14
6756		6
6757		21
6758		0
6759		18
6760		19
6761		11.5
6762		18
6763		7
6764		0
6765		0
6766		0
6767		14
6768		14
6769		7
6770		21
6771		0
6772		14
6773		0
6774		18
6775		18
6776		0
6777		7
6778		6
6779		0
6780		21
6781		21
6782		0
6783		11
6784		0
6785		18
6786		19
6787		18
6788		18
6789		0
6790		7
6791		7
6792		0
6793		14
6794		12.5
6795		0
6796		21
6797		7
6798		19
6799		0
6800		12
6801		18
6802		0
6803		0
6804		6
6805		6
6806		21
6807		21
6808		0
6809		21
6810		0
6811		12.5
6812		13
6813		18
6814		18
6815		0
6816		4
6817		0
6818		0
6819		11.6667
6820		21
6821		0
6822		13.5
6823		0
6824		19
6825		7
6826		18
6827		11.5
6828		0
6829		0
6830		6
6831		0
6832		21
6833		14
6834		7
6835		21
6836		0
6837		18
6838		11.5
6839		12.5
6840		18
6841		0
6842		0
6843		0
6844		6
6845		14
6846		21
6847		7
6848		21
6849		5
6850		19
6851		0
6852		18
6853		12.5
6854		0
6855		0
6856		6.5
6857		0
6858		21
6859		21
6860		4
6861		14
6862		0
6863		18
6864		19
6865		18
6866		12
6867		7
6868		0
6869		0
6870		0
6871		11
6872		21
6873		0
6874		21
6875		7
6876		19
6877		0
6878		12.5
6879		18
6880		0
6881		7
6882		5
6883		0
6884		21
6885		21
6886		0
6887		21
6888		6
6889		12.5
6890		19
6891		18
6892		18
6893		5
6894		0
6895		7
6896		0
6897		14
6898		21
6899		0
6900		14
6901		0
6902		19
6903		7
6904		11
6905		18
6906		0
6907		0
6908		6
6909		7
6910		13.5
6911		21
6912		0
6913		21
6914		0
6915		11.5
6916		19
6917		12.5
6918		18
6919		0
6920		0
6921		0
6922		7
6923		11.6667
6924		21
6925		0
6926		12.5
6927		0
6928		19
6929		0
6930		18
6931		12.5
6932		6
6933		0
6934		6
6935		0
6936		21
6937		11
6938		0
6939		21
6940		0
6941		18
6942		19
6943		18
6944		12.5
6945		7
6946		0
6947		0
6948		4
6949		14
6950		21
6951		7
6952		21
6953		0
6954		14.6667
6955		0
6956		18
6957		18
6958		0
6959		6
6960		6
6961		0
6962		21
6963		21
6964		0
6965		14
6966		7
6967		18
6968		19
6969		18
6970		11
6971		0
6972		0
6973		7
6974		0
6975		14
6976		13.5
6977		0
6978		21
6979		7
6980		19
6981		5
6982		18
6983		18
6984		0
6985		0
6986		6
6987		7
6988		14
6989		21
6990		0
6991		21
6992		4
6993		12.5
6994		19
6995		18
6996		18
6997		0
6998		6
6999		0
7000		0
7001		11.6667
7002		21
7003		5
7004		21
7005		0
7006		19
7007		7
7008		18
7009		18
7010		7
7011		0
7012		6
7013		0
7014		12.5
7015		14
7016		0
7017		21
7018		0
7019		18
7020		12.5
7021		12.5
7022		18
7023		0
7024		0
7025		5
7026		0
7027		14
7028		21
7029		7
7030		21
7031		0
7032		15
7033		0
7034		18
7035		12.5
7036		4
7037		0
7038		6
7039		0
7040		21
7041		21
7042		6
7043		14
7044		0
7045		18
7046		19
7047		11.5
7048		18
7049		7
7050		0
7051		0
7052		0
7053		14
7054		14
7055		0
7056		21
7057		7
7058		14
7059		0
7060		18
7061		18
7062		0
7063		7
7064		6
7065		0
7066		21
7067		21
7068		0
7069		13
7070		0
7071		12.5
7072		19
7073		18
7074		18
7075		0
7076		7
7077		7
7078		0
7079		14
7080		12.5
7081		0
7082		21
7083		0
7084		19
7085		7
7086		12
7087		18
7088		0
7089		0
7090		6
7091		6
7092		21
7093		21
7094		0
7095		21
7096		0
7097		18
7098		13
7099		12.5
7100		18
7101		0
7102		4
7103		0
7104		0
7105		11.6667
7106		21
7107		0
7108		13.5
7109		0
7110		19
7111		0
7112		18
7113		10
7114		0
7115		0
7116		6
7117		0
7118		21
7119		14
7120		7
7121		21
7122		0
7123		18
7124		11.5
7125		18
7126		18
7127		7
7128		0
7129		0
7130		6
7131		14
7132		21
7133		7
7134		21
7135		5
7136		19
7137		0
7138		18
7139		18
7140		0
7141		7
7142		6.5
7143		0
7144		21
7145		21
7146		4
7147		14
7148		0
7149		18
7150		19
7151		18
7152		12
7153		0
7154		0
7155		7
7156		0
7157		11
7158		21
7159		0
7160		21
7161		7
7162		19
7163		0
7164		12.5
7165		18
7166		0
7167		0
7168		5
7169		7
7170		21
7171		21
7172		0
7173		21
7174		6
7175		12.5
7176		19
7177		18
7178		18
7179		5
7180		0
7181		0
7182		0
7183		11.6667
7184		21
7185		0
7186		14
7187		0
7188		19
7189		7
7190		11
7191		18
7192		0
7193		0
7194		6
7195		0
7196		13.5
7197		14
7198		0
7199		21
7200		0
7201		11.5
7202		19
7203		12.5
7204		18
7205		0
7206		0
7207		0
7208		7
7209		14
7210		21
7211		7
7212		12.5
7213		0
7214		19
7215		0
7216		18
7217		12.5
7218		6
7219		0
7220		6
7221		0
7222		21
7223		13
7224		0
7225		14
7226		0
7227		18
7228		19
7229		18
7230		12.5
7231		7
7232		0
7233		0
7234		4
7235		14
7236		21
7237		0
7238		21
7239		7
7240		14.6667
7241		0
7242		18
7243		18
7244		0
7245		6
7246		6
7247		0
7248		21
7249		21
7250		0
7251		21
7252		7
7253		12.5
7254		19
7255		18
7256		11
7257		0
7258		0
7259		7
7260		0
7261		14
7262		13.5
7263		0
7264		21
7265		0
7266		19
7267		6
7268		18
7269		18
7270		0
7271		0
7272		6
7273		7
7274		14
7275		21
7276		0
7277		21
7278		4
7279		18
7280		19
7281		12.5
7282		18
7283		0
7284		6
7285		0
7286		0
7287		11.6667
7288		21
7289		5
7290		21
7291		0
7292		19
7293		0
7294		18
7295		12.5
7296		7
7297		0
7298		6
7299		0
7300		12.5
7301		14
7302		0
7303		21
7304		0
7305		18
7306		12.5
7307		18
7308		18
7309		7
7310		0
7311		5
7312		0
7313		14
7314		21
7315		7
7316		21
7317		0
7318		15
7319		0
7320		18
7321		18
7322		4
7323		7
7324		6
7325		0
7326		21
7327		21
7328		6
7329		14
7330		0
7331		18
7332		19
7333		11.5
7334		18
7335		0
7336		0
7337		7
7338		0
7339		14
7340		14
7341		0
7342		21
7343		7
7344		14
7345		0
7346		18
7347		18
7348		0
7349		0
7350		6
7351		7
7352		21
7353		21
7354		0
7355		13
7356		0
7357		12.5
7358		19
7359		18
7360		18
7361		0
7362		7
7363		0
7364		0
7365		11.6667
7366		12.5
7367		0
7368		21
7369		0
7370		19
7371		7
7372		12
7373		18
7374		0
7375		0
7376		6
7377		5
7378		21
7379		14
7380		0
7381		21
7382		0
7383		18
7384		13
7385		12.5
7386		18
7387		0
7388		4
7389		0
7390		0
7391		14
7392		21
7393		7
7394		13.5
7395		0
7396		19
7397		0
7398		18
7399		10
7400		0
7401		0
7402		6
7403		0
7404		21
7405		21
7406		7
7407		14
7408		0
7409		18
7410		11.5
7411		18
7412		18
7413		7
7414		0
7415		0
7416		6
7417		14
7418		21
7419		0
7420		21
7421		6
7422		19
7423		0
7424		18
7425		18
7426		0
7427		7
7428		6.5
7429		0
7430		21
7431		21
7432		4
7433		21
7434		0
7435		12.5
7436		19
7437		18
7438		12
7439		0
7440		0
7441		7
7442		0
7443		11
7444		21
7445		0
7446		21
7447		0
7448		19
7449		7
7450		12.5
7451		18
7452		0
7453		0
7454		5
7455		7
7456		21
7457		21
7458		0
7459		21
7460		6
7461		18
7462		19
7463		12.5
7464		18
7465		5
7466		0
7467		0
7468		0
7469		11.6667
7470		21
7471		0
7472		14
7473		0
7474		19
7475		0
7476		11
7477		12.5
7478		0
7479		0
7480		6
7481		0
7482		13.5
7483		14
7484		0
7485		21
7486		0
7487		11.5
7488		19
7489		18
7490		18
7491		7
7492		0
7493		0
7494		7
7495		14
7496		21
7497		7
7498		12.5
7499		0
7500		19
7501		0
7502		18
7503		18
7504		6
7505		7
7506		6
7507		0
7508		21
7509		13
7510		0
7511		14
7512		0
7513		18
7514		19
7515		18
7516		12.5
7517		0
7518		0
7519		7
7520		4
7521		14
7522		21
7523		0
7524		21
7525		7
7526		14.6667
7527		0
7528		18
7529		18
7530		0
7531		5
7532		6
7533		7
7534		21
7535		21
7536		0
7537		21
7538		7
7539		12.5
7540		19
7541		18
7542		11
7543		0
7544		0
7545		0
7546		0
7547		11.6667
7548		13.5
7549		0
7550		21
7551		0
7552		19
7553		6
7554		18
7555		18
7556		0
7557		0
7558		6
7559		0
7560		14
7561		14
7562		0
7563		21
7564		4
7565		18
7566		19
7567		12.5
7568		18
7569		0
7570		6
7571		0
7572		0
7573		14
7574		21
7575		6
7576		21
7577		0
7578		19
7579		0
7580		18
7581		12.5
7582		7
7583		0
7584		6
7585		0
7586		12.5
7587		21
7588		0
7589		14
7590		0
7591		18
7592		12.5
7593		18
7594		18
7595		7
7596		0
7597		5
7598		0
7599		14
7600		21
7601		0
7602		21
7603		7
7604		15
7605		0
7606		18
7607		18
7608		4
7609		7
7610		6
7611		0
7612		21
7613		21
7614		6
7615		21
7616		0
7617		12.5
7618		19
7619		11.5
7620		18
7621		0
7622		0
7623		7
7624		0
7625		14
7626		14
7627		0
7628		21
7629		0
7630		14
7631		7
7632		18
7633		18
7634		0
7635		0
7636		6
7637		7
7638		21
7639		21
7640		0
7641		13
7642		0
7643		18
7644		19
7645		12.5
7646		18
7647		0
7648		7
7649		0
7650		0
7651		11.6667
7652		12.5
7653		0
7654		21
7655		0
7656		19
7657		0
7658		12
7659		12.5
7660		0
7661		0
7662		6
7663		5
7664		21
7665		14
7666		0
7667		21
7668		0
7669		18
7670		13
7671		18
7672		18
7673		7
7674		4
7675		0
7676		0
7677		14
7678		21
7679		7
7680		13.5
7681		0
7682		19
7683		0
7684		18
7685		11.5
7686		0
7687		7
7688		6
7689		0
7690		21
7691		21
7692		7
7693		14
7694		0
7695		18
7696		11.5
7697		18
7698		18
7699		0
7700		0
7701		7
7702		6
7703		14
7704		21
7705		0
7706		21
7707		6
7708		19
7709		0
7710		18
7711		18
7712		0
7713		0
7714		6.5
7715		7
7716		21
7717		21
7718		4
7719		21
7720		0
7721		12.5
7722		19
7723		18
7724		12
7725		0
7726		0
7727		0
7728		0
7729		10
7730		21
7731		0
7732		21
7733		0
7734		19
7735		7
7736		12.5
7737		18
7738		0
7739		0
7740		5
7741		0
7742		21
7743		14
7744		0
7745		21
7746		6
7747		18
7748		19
7749		12.5
7750		18
7751		5
7752		0
7753		0
7754		0
7755		14
7756		21
7757		7
7758		14
7759		0
7760		19
7761		0
7762		11
7763		12.5
7764		0
7765		0
7766		6
7767		0
7768		13.5
7769		21
7770		0
7771		14
7772		0
7773		11.5
7774		19
7775		18
7776		18
7777		7
7778		0
7779		0
7780		7
7781		14
7782		21
7783		0
7784		12.5
7785		7
7786		19
7787		0
7788		18
7789		18
7790		6
7791		7
7792		6
7793		0
7794		21
7795		13
7796		0
7797		21
7798		0
7799		12.5
7800		19
7801		18
7802		12.5
7803		0
7804		0
7805		7
7806		4
7807		14
7808		21
7809		0
7810		21
7811		0
7812		14.6667
7813		7
7814		18
7815		18
7816		0
7817		5
7818		6
7819		7
7820		21
7821		21
7822		0
7823		21
7824		7
7825		18
7826		19
7827		12.5
7828		11
7829		0
7830		0
7831		0
7832		0
7833		11.6667
7834		13.5
7835		0
7836		21
7837		0
7838		19
7839		5
7840		18
7841		12.5
7842		0
7843		0
7844		6
7845		0
7846		14
7847		14
7848		0
7849		21
7850		4
7851		18
7852		19
7853		18
7854		18
7855		7
7856		6
7857		0
7858		0
7859		14
7860		21
7861		6
7862		21
7863		0
7864		19
7865		0
7866		18
7867		18
7868		7
7869		7
7870		6
7871		0
7872		12.5
7873		21
7874		0
7875		14
7876		0
7877		18
7878		12.5
7879		18
7880		18
7881		0
7882		0
7883		6
7884		0
7885		14
7886		21
7887		0
7888		21
7889		7
7890		15
7891		0
7892		18
7893		18
7894		4
7895		0
7896		6
7897		7
7898		21
7899		21
7900		6
7901		21
7902		0
7903		12.5
7904		19
7905		11.5
7906		18
7907		0
7908		0
7909		0
7910		0
7911		11.6667
7912		14
7913		0
7914		21
7915		0
7916		14
7917		7
7918		18
7919		18
7920		0
7921		0
7922		6
7923		0
7924		21
7925		14
7926		0
7927		13
7928		0
7929		18
7930		19
7931		12.5
7932		18
7933		0
7934		7
7935		0
7936		0
7937		14
7938		12.5
7939		7
7940		21
7941		0
7942		19
7943		0
7944		12
7945		12.5
7946		0
7947		0
7948		6
7949		5
7950		21
7951		21
7952		0
7953		14
7954		0
7955		18
7956		13
7957		18
7958		18
7959		7
7960		4
7961		0
7962		0
7963		14
7964		21
7965		0
7966		13.5
7967		7
7968		19
7969		0
7970		18
7971		11.5
7972		0
7973		7
7974		6
7975		0
7976		21
7977		21
7978		7
7979		21
7980		0
7981		12.5
7982		11.5
7983		18
7984		18
7985		0
7986		0
7987		7
7988		6
7989		14
7990		21
7991		0
7992		21
7993		5
7994		19
7995		7
7996		18
7997		18
7998		0
7999		0
8000		6.5
8001		7
8002		21
8003		21
8004		4
8005		21
8006		0
8007		18
8008		19
8009		12.5
8010		12
8011		0
8012		0
8013		0
8014		0
8015		10
8016		21
8017		0
8018		21
8019		0
8020		19
8021		0
8022		12.5
8023		12.5
8024		0
8025		0
8026		5
8027		0
8028		21
8029		14
8030		0
8031		21
8032		6
8033		18
8034		19
8035		18
8036		18
8037		6
8038		0
8039		0
8040		0
8041		14
8042		21
8043		7
8044		14
8045		0
8046		19
8047		0
8048		11
8049		18
8050		0
8051		7
8052		6
8053		0
8054		13.5
8055		21
8056		0
8057		14
8058		0
8059		11.5
8060		19
8061		18
8062		18
8063		0
8064		0
8065		7
8066		7
8067		14
8068		21
8069		0
8070		12.5
8071		7
8072		19
8073		0
8074		18
8075		18
8076		6
8077		0
8078		6
8079		7
8080		21
8081		13
8082		0
8083		21
8084		0
8085		12.5
8086		19
8087		18
8088		12.5
8089		0
8090		0
8091		0
8092		4
8093		11.6667
8094		21
8095		0
8096		21
8097		0
8098		14.6667
8099		7
8100		18
8101		18
8102		0
8103		5
8104		6
8105		0
8106		21
8107		14
8108		0
8109		21
8110		7
8111		18
8112		19
8113		12.5
8114		11
8115		0
8116		0
8117		0
8118		0
8119		14
8120		13.5
8121		7
8122		21
8123		0
8124		19
8125		5
8126		18
8127		12.5
8128		0
8129		0
8130		6
8131		0
8132		14
8133		21
8134		0
8135		14
8136		4
8137		18
8138		19
8139		18
8140		18
8141		7
8142		6
8143		0
8144		0
8145		14
8146		21
8147		5
8148		21
8149		7
8150		19
8151		0
8152		18
8153		18
8154		7
8155		7
8156		6
8157		0
8158		12.5
8159		21
8160		0
8161		21
8162		0
8163		12.5
8164		12.5
8165		18
8166		18
8167		0
8168		0
8169		6
8170		0
8171		14
8172		21
8173		0
8174		21
8175		0
8176		15
8177		7
8178		18
8179		18
8180		4
8181		0
8182		6
8183		7
8184		21
8185		21
8186		6
8187		21
8188		0
8189		18
8190		19
8191		10
8192		18
8193		0
8194		0
8195		0
8196		0
8197		11.6667
8198		14
8199		0
8200		21
8201		0
8202		14
8203		0
8204		18
8205		12.5
8206		0
8207		0
8208		6
8209		0
8210		21
8211		14
8212		0
8213		13
8214		0
8215		18
8216		19
8217		18
8218		18
8219		7
8220		7
8221		0
8222		0
8223		14
8224		12.5
8225		7
8226		21
8227		0
8228		19
8229		0
8230		12
8231		18
8232		0
8233		7
8234		6
8235		5
8236		21
8237		21
8238		0
8239		14
8240		0
8241		18
8242		13
8243		18
8244		18
8245		0
8246		4
8247		7
8248		0
8249		14
8250		21
8251		0
8252		13.5
8253		7
8254		19
8255		0
8256		18
8257		11.5
8258		0
8259		0
8260		6
8261		7
8262		21
8263		21
8264		7
8265		21
8266		0
8267		12.5
8268		11.5
8269		18
8270		18
8271		0
8272		0
8273		0
8274		6
8275		11.6667
8276		21
8277		0
8278		21
8279		5
8280		19
8281		7
8282		18
8283		18
8284		0
8285		0
8286		6.5
8287		0
8288		21
8289		14
8290		4
8291		21
8292		0
8293		18
8294		19
8295		12.5
8296		12
8297		0
8298		0
8299		0
8300		0
8301		11
8302		21
8303		7
8304		21
8305		0
8306		19
8307		0
8308		12.5
8309		12.5
8310		0
8311		0
8312		5
8313		0
8314		21
8315		21
8316		0
8317		14
8318		6
8319		18
8320		19
8321		18
8322		18
8323		6
8324		0
8325		0
8326		0
8327		14
8328		21
8329		0
8330		14
8331		7
8332		19
8333		0
8334		11
8335		18
8336		0
8337		7
8338		6
8339		0
8340		13.5
8341		21
8342		0
8343		21
8344		0
8345		10
8346		19
8347		18
8348		18
8349		0
8350		0
8351		7
8352		7
8353		14
8354		21
8355		0
8356		12.5
8357		0
8358		19
8359		7
8360		18
8361		18
8362		6
8363		0
8364		6
8365		7
8366		21
8367		13
8368		0
8369		21
8370		0
8371		18
8372		19
8373		12.5
8374		12.5
8375		0
8376		0
8377		0
8378		4
8379		11.6667
8380		21
8381		0
8382		21
8383		0
8384		14.6667
8385		0
8386		18
8387		12.5
8388		0
8389		5
8390		6
8391		0
8392		21
8393		14
8394		0
8395		21
8396		7
8397		18
8398		19
8399		18
8400		11
8401		7
8402		0
8403		0
8404		0
8405		14
8406		13.5
8407		7
8408		21
8409		0
8410		19
8411		5
8412		18
8413		18
8414		0
8415		7
8416		6
8417		0
8418		14
8419		21
8420		0
8421		14
8422		4
8423		18
8424		19
8425		18
8426		18
8427		0
8428		6
8429		7
8430		0
8431		14
8432		21
8433		5
8434		21
8435		7
8436		19
8437		0
8438		18
8439		18
8440		7
8441		0
8442		6
8443		7
8444		12.5
8445		21
8446		0
8447		21
8448		0
8449		12.5
8450		12.5
8451		18
8452		18
8453		0
8454		0
8455		5
8456		0
8457		11.6667
8458		21
8459		0
8460		21
8461		0
8462		15
8463		7
8464		18
8465		18
8466		4
8467		0
8468		6
8469		0
8470		21
8471		14
8472		6
8473		21
8474		0
8475		18
8476		19
8477		10
8478		18
8479		0
8480		0
8481		0
8482		0
8483		14
8484		14
8485		7
8486		21
8487		0
8488		14
8489		0
8490		18
8491		12.5
8492		0
8493		0
8494		6
8495		0
8496		21
8497		21
8498		0
8499		11
8500		0
8501		18
8502		19
8503		18
8504		18
8505		7
8506		7
8507		0
8508		0
8509		14
8510		12.5
8511		0
8512		21
8513		7
8514		19
8515		0
8516		12
8517		18
8518		0
8519		7
8520		6
8521		5
8522		21
8523		21
8524		0
8525		21
8526		0
8527		12.5
8528		13
8529		18
8530		18
8531		0
8532		4
8533		7
8534		0
8535		14
8536		21
8537		0
8538		13.5
8539		0
8540		19
8541		7
8542		18
8543		11.5
8544		0
8545		0
8546		6
8547		7
8548		21
8549		21
8550		7
8551		21
8552		0
8553		18
8554		11.5
8555		12.5
8556		18
8557		0
8558		0
8559		0
8560		6
8561		11.6667
8562		21
8563		0
8564		21
8565		5
8566		19
8567		0
8568		18
8569		12.5
8570		0
8571		0
8572		6.5
8573		0
8574		21
8575		14
8576		4
8577		21
8578		0
8579		18
8580		19
8581		18
8582		12
8583		7
8584		0
8585		0
8586		0
8587		11
8588		21
8589		7
8590		21
8591		0
8592		19
8593		0
8594		12.5
8595		18
8596		0
8597		7
8598		5
8599		0
8600		21
8601		21
8602		0
8603		14
8604		6
8605		18
8606		19
8607		18
8608		18
8609		5
8610		0
8611		7
8612		0
8613		14
8614		21
8615		0
8616		14
8617		7
8618		19
8619		0
8620		11
8621		18
8622		0
8623		0
8624		6
8625		7
8626		13.5
8627		21
8628		0
8629		21
8630		0
8631		10
8632		19
8633		18
8634		18
8635		0
8636		0
8637		0
8638		7
8639		11.6667
8640		21
8641		0
8642		12.5
8643		0
8644		19
8645		7
8646		18
8647		18
8648		6
8649		0
8650		6
8651		0
8652		21
8653		11
8654		0
8655		21
8656		0
8657		18
8658		19
8659		12.5
8660		12.5
8661		0
8662		0
8663		0
8664		4
8665		14
8666		21
8667		7
8668		21
8669		0
8670		14.6667
8671		0
8672		18
8673		12.5
8674		0
8675		5
8676		6
8677		0
8678		21
8679		21
8680		0
8681		14
8682		7
8683		18
8684		19
8685		18
8686		11
8687		7
8688		0
8689		0
8690		0
8691		14
8692		13.5
8693		0
8694		21
8695		7
8696		19
8697		5
8698		18
8699		18
8700		0
8701		7
8702		6
8703		0
8704		14
8705		21
8706		0
8707		21
8708		4
8709		12.5
8710		19
8711		18
8712		18
8713		0
8714		6
8715		7
8716		0
8717		14
8718		21
8719		5
8720		21
8721		0
8722		19
8723		7
8724		18
8725		18
8726		7
8727		0
8728		6
8729		7
8730		12.5
8731		21
8732		0
8733		21
8734		0
8735		18
8736		12.5
8737		12.5
8738		18
8739		0
8740		0
8741		5
8742		0
8743		11.6667
8744		21
8745		0
8746		21
8747		0
8748		15
8749		0
8750		18
8751		12.5
8752		4
8753		0
8754		6
8755		0
8756		21
8757		14
8758		6
8759		21
8760		0
8761		18
8762		19
8763		11.5
8764		18
8765		7
8766		0
8767		0
8768		0
8769		14
8770		14
8771		7
8772		21
8773		0
8774		14
8775		0
8776		18
8777		18
8778		0
8779		7
8780		6
8781		0
8782		21
8783		21
8784		0
8785		11
8786		0
8787		18
8788		19
8789		18
8790		18
8791		0
8792		7
8793		7
8794		0
8795		14
8796		12.5
8797		0
8798		21
8799		7
8800		19
8801		0
8802		12
8803		18
8804		0
8805		0
8806		6
8807		6
8808		21
8809		21
8810		0
8811		21
8812		0
8813		12.5
8814		13
8815		18
8816		18
8817		0
8818		4
8819		0
8820		0
8821		11.6667
8822		21
8823		0
8824		13.5
8825		0
8826		19
8827		7
8828		18
8829		11.5
8830		0
8831		0
8832		6
8833		0
8834		21
8835		14
8836		7
8837		21
8838		0
8839		18
8840		11.5
8841		12.5
8842		18
8843		0
8844		0
8845		0
8846		6
8847		14
8848		21
8849		7
8850		21
8851		5
8852		19
8853		0
8854		18
8855		12.5
8856		0
8857		0
8858		6.5
8859		0
8860		21
8861		21
8862		4
8863		14
8864		0
8865		18
8866		19
8867		18
8868		12
8869		7
8870		0
8871		0
8872		0
8873		11
8874		21
8875		0
8876		21
8877		7
8878		19
8879		0
8880		12.5
8881		18
8882		0
8883		7
8884		5
8885		0
8886		21
8887		21
8888		0
8889		21
8890		6
8891		12.5
8892		19
8893		18
8894		18
8895		5
8896		0
8897		7
8898		0
8899		14
8900		21
8901		0
8902		14
8903		0
8904		19
8905		7
8906		11
8907		18
8908		0
8909		0
8910		6
8911		7
8912		13.5
8913		21
8914		0
8915		21
8916		0
8917		11.5
8918		19
8919		12.5
8920		18
8921		0
8922		0
8923		0
8924		7
8925		11.6667
8926		21
8927		0
8928		12.5
8929		0
8930		19
8931		0
8932		18
8933		12.5
8934		6
8935		0
8936		6
8937		0
8938		21
8939		11
8940		0
8941		21
8942		0
8943		18
8944		19
8945		18
8946		12.5
8947		7
8948		0
8949		0
8950		4
8951		14
8952		21
8953		7
8954		21
8955		0
8956		14.6667
8957		0
8958		18
8959		18
8960		0
8961		6
8962		6
8963		0
8964		21
8965		21
8966		0
8967		14
8968		7
8969		18
8970		19
8971		18
8972		11
8973		0
8974		0
8975		7
8976		0
8977		14
8978		13.5
8979		0
8980		21
8981		7
8982		19
8983		5
8984		18
8985		18
8986		0
8987		0
8988		6
8989		7
8990		14
8991		21
8992		0
8993		21
8994		4
8995		12.5
8996		19
8997		18
8998		18
8999		0
9000		6
9001		0
9002		0
9003		11.6667
9004		21
9005		5
9006		21
9007		0
9008		19
9009		7
9010		18
9011		18
9012		7
9013		0
9014		6
9015		0
9016		12.5
9017		14
9018		0
9019		21
9020		0
9021		18
9022		12.5
9023		12.5
9024		18
9025		0
9026		0
9027		5
9028		0
9029		14
9030		21
9031		7
9032		21
9033		0
9034		15
9035		0
9036		18
9037		12.5
9038		4
9039		0
9040		6
9041		0
9042		21
9043		21
9044		6
9045		14
9046		0
9047		18
9048		19
9049		11.5
9050		18
9051		7
9052		0
9053		0
9054		0
9055		14
9056		14
9057		0
9058		21
9059		7
9060		14
9061		0
9062		18
9063		18
9064		0
9065		7
9066		6
9067		0
9068		21
9069		21
9070		0
9071		13
9072		0
9073		12.5
9074		19
9075		18
9076		18
9077		0
9078		7
9079		7
9080		0
9081		14
9082		12.5
9083		0
9084		21
9085		0
9086		19
9087		7
9088		12
9089		18
9090		0
9091		0
9092		6
9093		6
9094		21
9095		21
9096		0
9097		21
9098		0
9099		18
9100		13
9101		12.5
9102		18
9103		0
9104		4
9105		0
9106		0
9107		11.6667
9108		21
9109		0
9110		13.5
9111		0
9112		19
9113		0
9114		18
9115		10
9116		0
9117		0
9118		6
9119		0
9120		21
9121		14
9122		7
9123		21
9124		0
9125		18
9126		11.5
9127		18
9128		18
9129		7
9130		0
9131		0
9132		6
9133		14
9134		21
9135		7
9136		21
9137		5
9138		19
9139		0
9140		18
9141		18
9142		0
9143		7
9144		6.5
9145		0
9146		21
9147		21
9148		4
9149		14
9150		0
9151		18
9152		19
9153		18
9154		12
9155		0
9156		0
9157		7
9158		0
9159		11
9160		21
9161		0
9162		21
9163		7
9164		19
9165		0
9166		12.5
9167		18
9168		0
9169		0
9170		5
9171		7
9172		21
9173		21
9174		0
9175		21
9176		6
9177		12.5
9178		19
9179		18
9180		18
9181		5
9182		0
9183		0
9184		0
9185		11.6667
9186		21
9187		0
9188		14
9189		0
9190		19
9191		7
9192		11
9193		18
9194		0
9195		0
9196		6
9197		0
9198		13.5
9199		14
9200		0
9201		21
9202		0
9203		11.5
9204		19
9205		12.5
9206		18
9207		0
9208		0
9209		0
9210		7
9211		14
9212		21
9213		7
9214		12.5
9215		0
9216		19
9217		0
9218		18
9219		12.5
9220		6
9221		0
9222		6
9223		0
9224		21
9225		13
9226		0
9227		14
9228		0
9229		18
9230		19
9231		18
9232		12.5
9233		7
9234		0
9235		0
9236		4
9237		14
9238		21
9239		0
9240		21
9241		7
9242		14.6667
9243		0
9244		18
9245		18
9246		0
9247		6
9248		6
9249		0
9250		21
9251		21
9252		0
9253		21
9254		7
9255		12.5
9256		19
9257		18
9258		11
9259		0
9260		0
9261		7
9262		0
9263		14
9264		13.5
9265		0
9266		21
9267		0
9268		19
9269		6
9270		18
9271		18
9272		0
9273		0
9274		6
9275		7
9276		14
9277		21
9278		0
9279		21
9280		4
9281		18
9282		19
9283		12.5
9284		18
9285		0
9286		6
9287		0
9288		0
9289		11.6667
9290		21
9291		5
9292		21
9293		0
9294		19
9295		0
9296		18
9297		12.5
9298		7
9299		0
9300		6
9301		0
9302		12.5
9303		14
9304		0
9305		21
9306		0
9307		18
9308		12.5
9309		18
9310		18
9311		7
9312		0
9313		5
9314		0
9315		14
9316		21
9317		7
9318		21
9319		0
9320		15
9321		0
9322		18
9323		18
9324		4
9325		7
9326		6
9327		0
9328		21
9329		21
9330		6
9331		14
9332		0
9333		18
9334		19
9335		11.5
9336		18
9337		0
9338		0
9339		7
9340		0
9341		14
9342		14
9343		0
9344		21
9345		7
9346		14
9347		0
9348		18
9349		18
9350		0
9351		0
9352		6
9353		7
9354		21
9355		21
9356		0
9357		13
9358		0
9359		12.5
9360		19
9361		18
9362		18
9363		0
9364		7
9365		0
9366		0
9367		11.6667
9368		12.5
9369		0
9370		21
9371		0
9372		19
9373		7
9374		12
9375		18
9376		0
9377		0
9378		6
9379		5
9380		21
9381		14
9382		0
9383		21
9384		0
9385		18
9386		13
9387		12.5
9388		18
9389		0
9390		4
9391		0
9392		0
9393		14
9394		21
9395		7
9396		13.5
9397		0
9398		19
9399		0
9400		18
9401		10
9402		0
9403		0
9404		6
9405		0
9406		21
9407		21
9408		7
9409		14
9410		0
9411		18
9412		11.5
9413		18
9414		18
9415		7
9416		0
9417		0
9418		6
9419		14
9420		21
9421		0
9422		21
9423		6
9424		19
9425		0
9426		18
9427		18
9428		0
9429		7
9430		6.5
9431		0
9432		21
9433		21
9434		4
9435		21
9436		0
9437		12.5
9438		19
9439		18
9440		12
9441		0
9442		0
9443		7
9444		0
9445		11
9446		21
9447		0
9448		21
9449		0
9450		19
9451		7
9452		12.5
9453		18
9454		0
9455		0
9456		5
9457		7
9458		21
9459		21
9460		0
9461		21
9462		6
9463		18
9464		19
9465		12.5
9466		18
9467		5
9468		0
9469		0
9470		0
9471		11.6667
9472		21
9473		0
9474		14
9475		0
9476		19
9477		0
9478		11
9479		12.5
9480		0
9481		0
9482		6
9483		0
9484		13.5
9485		14
9486		0
9487		21
9488		0
9489		11.5
9490		19
9491		18
9492		18
9493		7
9494		0
9495		0
9496		7
9497		14
9498		21
9499		7
9500		12.5
9501		0
9502		19
9503		0
9504		18
9505		18
9506		6
9507		7
9508		6
9509		0
9510		21
9511		13
9512		0
9513		14
9514		0
9515		18
9516		19
9517		18
9518		12.5
9519		0
9520		0
9521		7
9522		4
9523		14
9524		21
9525		0
9526		21
9527		7
9528		14.6667
9529		0
9530		18
9531		18
9532		0
9533		5
9534		6
9535		7
9536		21
9537		21
9538		0
9539		21
9540		7
9541		12.5
9542		19
9543		18
9544		11
9545		0
9546		0
9547		0
9548		0
9549		11.6667
9550		13.5
9551		0
9552		21
9553		0
9554		19
9555		6
9556		18
9557		18
9558		0
9559		0
9560		6
9561		0
9562		14
9563		14
9564		0
9565		21
9566		4
9567		18
9568		19
9569		12.5
9570		18
9571		0
9572		6
9573		0
9574		0
9575		14
9576		21
9577		6
9578		21
9579		0
9580		19
9581		0
9582		18
9583		12.5
9584		7
9585		0
9586		6
9587		0
9588		12.5
9589		21
9590		0
9591		14
9592		0
9593		18
9594		12.5
9595		18
9596		18
9597		7
9598		0
9599		5
9600		0
9601		14
9602		21
9603		0
9604		21
9605		7
9606		15
9607		0
9608		18
9609		18
9610		4
9611		7
9612		6
9613		0
9614		21
9615		21
9616		6
9617		21
9618		0
9619		12.5
9620		19
9621		11.5
9622		18
9623		0
9624		0
9625		7
9626		0
9627		14
9628		14
9629		0
9630		21
9631		0
9632		14
9633		7
9634		18
9635		18
9636		0
9637		0
9638		6
9639		7
9640		21
9641		21
9642		0
9643		13
9644		0
9645		18
9646		19
9647		12.5
9648		18
9649		0
9650		7
9651		0
9652		0
9653		11.6667
9654		12.5
9655		0
9656		21
9657		0
9658		19
9659		0
9660		12
9661		12.5
9662		0
9663		0
9664		6
9665		5
9666		21
9667		14
9668		0
9669		21
9670		0
9671		18
9672		13
9673		18
9674		18
9675		7
9676		4
9677		0
9678		0
9679		14
9680		21
9681		7
9682		13.5
9683		0
9684		19
9685		0
9686		18
9687		11.5
9688		0
9689		7
9690		6
9691		0
9692		21
9693		21
9694		7
9695		14
9696		0
9697		18
9698		11.5
9699		18
9700		18
9701		0
9702		0
9703		7
9704		6
9705		14
9706		21
9707		0
9708		21
9709		6
9710		19
9711		0
9712		18
9713		18
9714		0
9715		0
9716		6.5
9717		7
9718		21
9719		21
9720		4
9721		21
9722		0
9723		12.5
9724		19
9725		18
9726		12
9727		0
9728		0
9729		0
9730		0
9731		10
9732		21
9733		0
9734		21
9735		0
9736		19
9737		7
9738		12.5
9739		18
9740		0
9741		0
9742		5
9743		0
9744		21
9745		14
9746		0
9747		21
9748		6
9749		18
9750		19
9751		12.5
9752		18
9753		5
9754		0
9755		0
9756		0
9757		14
9758		21
9759		7
9760		14
9761		0
9762		19
9763		0
9764		11
9765		12.5
9766		0
9767		0
9768		6
9769		0
9770		13.5
9771		21
9772		0
9773		14
9774		0
9775		11.5
9776		19
9777		18
9778		18
9779		7
9780		0
9781		0
9782		7
9783		14
9784		21
9785		0
9786		12.5
9787		7
9788		19
9789		0
9790		18
9791		18
9792		6
9793		7
9794		6
9795		0
9796		21
9797		13
9798		0
9799		21
9800		0
9801		12.5
9802		19
9803		18
9804		12.5
9805		0
9806		0
9807		7
9808		4
9809		14
9810		21
9811		0
9812		21
9813		0
9814		14.6667
9815		7
9816		18
9817		18
9818		0
9819		5
9820		6
9821		7
9822		21
9823		21
9824		0
9825		21
9826		7
9827		18
9828		19
9829		12.5
9830		11
9831		0
9832		0
9833		0
9834		0
9835		11.6667
9836		13.5
9837		0
9838		21
9839		0
9840		19
9841		5
9842		18
9843		12.5
9844		0
9845		0
9846		6
9847		0
9848		14
9849		14
9850		0
9851		21
9852		4
9853		18
9854		19
9855		18
9856		18
9857		7
9858		6
9859		0
9860		0
9861		14
9862		21
9863		6
9864		21
9865		0
9866		19
9867		0
9868		18
9869		18
9870		7
9871		7
9872		6
9873		0
9874		12.5
9875		21
9876		0
9877		14
9878		0
9879		18
9880		12.5
9881		18
9882		18
9883		0
9884		0
9885		6
9886		0
9887		14
9888		21
9889		0
9890		21
9891		7
9892		15
9893		0
9894		18
9895		18
9896		4
9897		0
9898		6
9899		7
9900		21
9901		21
9902		6
9903		21
9904		0
9905		12.5
9906		19
9907		11.5
9908		18
9909		0
9910		0
9911		0
9912		0
9913		11.6667
9914		14
9915		0
9916		21
9917		0
9918		14
9919		7
9920		18
9921		18
9922		0
9923		0
9924		6
9925		0
9926		21
9927		14
9928		0
9929		13
9930		0
9931		18
9932		19
9933		12.5
9934		18
9935		0
9936		7
9937		0
9938		0
9939		14
9940		12.5
9941		7
9942		21
9943		0
9944		19
9945		0
9946		12
9947		12.5
9948		0
9949		0
9950		6
9951		5
9952		21
9953		21
9954		0
9955		14
9956		0
9957		18
9958		13
9959		18
9960		18
9961		7
9962		4
9963		0
9964		0
9965		14
9966		21
9967		0
9968		13.5
9969		7
9970		19
9971		0
9972		18
9973		11.5
9974		0
9975		7
9976		6
9977		0
9978		21
9979		21
9980		7
9981		21
9982		0
9983		12.5
9984		11.5
9985		18
9986		18
9987		0
9988		0
9989		7
9990		6
9991		14
9992		21
9993		0
9994		21
9995		5
9996		19
9997		7
9998		18
9999		18
10000		0
