#Simcount		average latency
1		0
2		0
3		0
4		0
5		0
6		0
7		0
8		0
9		0
10		0
11		0
12		0
13		0
14		0
15		0
16		0
17		0
18		3
19		3
20		2
21		2.75
22		0
23		0
24		4
25		4.33333
26		5
27		2
28		3.16667
29		2.8
30		3.28571
31		0
32		4.25
33		4
34		3.57143
35		6
36		4
37		2.83333
38		3
39		3.5
40		2.83333
41		3.25
42		4
43		3
44		4.4
45		4.75
46		4
47		2.33333
48		3.33333
49		3
50		2.5
51		3.33333
52		4
53		3
54		3.83333
55		4
56		5
57		2.66667
58		3.4
59		4.33333
60		2.66667
61		3.6
62		3.33333
63		3.25
64		3.8
65		4.2
66		9
67		3
68		3.71429
69		3.6
70		3.57143
71		2
72		3.25
73		4.2
74		3.57143
75		0
76		4.2
77		4
78		3.28571
79		4.33333
80		3
81		3.4
82		3
83		3.5
84		3.375
85		4.25
86		5
87		2
88		4.5
89		3
90		3.5
91		3.5
92		3.2
93		3.42857
94		3
95		0
96		3.33333
97		4
98		3
99		4.33333
100		5.28571
101		3.66667
102		3
103		3
104		2.83333
105		4.4
106		5
107		3.33333
108		2.33333
109		3.2
110		4
111		3.66667
112		3
113		2.8
114		3.5
115		4.25
116		3
117		4.5
118		3.16667
119		3
120		4.33333
121		4
122		4.75
123		2
124		3.57143
125		4.16667
126		4
127		2
128		2.83333
129		3.83333
130		3.2
131		2.5
132		5
133		2.66667
134		3
135		3.33333
136		4.16667
137		4.25
138		2.8
139		2.66667
140		3.2
141		2.75
142		3.33333
143		3.5
144		4.8
145		3.25
146		3.85714
147		3
148		3.66667
149		3.66667
150		3.16667
151		0
152		2.875
153		3.25
154		4
155		2.75
156		4
157		3.2
158		3.66667
159		3
160		4.5
161		2.6
162		3.83333
163		3.6
164		2.57143
165		4
166		3.71429
167		5
168		3
169		3.66667
170		2.83333
171		3.25
172		3.83333
173		3
174		4.6
175		4
176		4.75
177		3
178		3.14286
179		4.2
180		3.66667
181		2.8
182		3.5
183		2.75
184		3.6
185		4.33333
186		4.33333
187		3.25
188		4
189		3.8
190		2.5
191		4.66667
192		2.83333
193		4
194		3.25
195		3.33333
196		4.5
197		4.4
198		4.16667
199		3.66667
200		4
201		3
202		4
203		3
204		3.125
205		4
206		3.5
207		4.2
208		3
209		4.33333
210		3.6
211		3.625
212		3.66667
213		9
214		3.66667
215		3.66667
216		4
217		2
218		3.3
219		8
220		4.5
221		3.14286
222		3.6
223		4.66667
224		2.5
225		3.5
226		4.4
227		3.25
228		2.83333
229		5
230		3.28571
231		3
232		4.33333
233		3.33333
234		3
235		5
236		4.33333
237		2
238		3.16667
239		4
240		3.85714
241		4.4
242		5.4
243		5.2
244		3.33333
245		5.5
246		4
247		2.33333
248		3.5
249		4.33333
250		3.4
251		3.75
252		3.2
253		3.33333
254		5.2
255		4
256		5.5
257		5.5
258		3.16667
259		3.5
260		3
261		3.75
262		4.85714
263		5.5
264		4.66667
265		3.75
266		4.5
267		4.85714
268		3.2
269		4
270		3.16667
271		3.6
272		3.25
273		8
274		4.85714
275		3.5
276		5.125
277		3
278		3.6
279		3
280		4.66667
281		3.5
282		4
283		3
284		4
285		4.28571
286		8
287		5.2
288		3.16667
289		3.33333
290		2.75
291		3.66667
292		4.16667
293		4
294		3
295		6.25
296		3.5
297		3.33333
298		3.5
299		2.83333
300		3.42857
301		3.2
302		4
303		3
304		3.2
305		8.66667
306		3.66667
307		4
308		6
309		2.4
310		3.42857
311		3
312		3.625
313		11
314		3
315		4
316		3.16667
317		9.66667
318		4.4
319		3.33333
320		3.42857
321		3
322		5
323		4.4
324		5
325		8
326		3.33333
327		5.125
328		5.5
329		2.75
330		3
331		3.25
332		3
333		4.33333
334		2
335		5.83333
336		5.33333
337		4.5
338		4.2
339		2.5
340		3.66667
341		3.25
342		3.5
343		3.5
344		4.28571
345		2
346		3.5
347		4.16667
348		3.25
349		6.33333
350		2.75
351		2.83333
352		3.16667
353		2.66667
354		4.2
355		4.5
356		3
357		7.66667
358		3.4
359		5.33333
360		3.5
361		7.66667
362		3
363		3.4
364		3
365		3.66667
366		3.5
367		3
368		5
369		3.33333
370		3.5
371		6.2
372		3
373		3
374		3.2
375		3.5
376		3.16667
377		4
378		3.875
379		6.5
380		3.8
381		3.33333
382		3.6
383		3.8
384		3.25
385		3
386		4.66667
387		3.57143
388		2.5
389		3.5
390		4
391		6.6
392		3
393		2.75
394		3
395		4
396		3.66667
397		6
398		5
399		7.33333
400		3.42857
401		4
402		4
403		4
404		3.4
405		3
406		4.625
407		4
408		3
409		4.5
410		3.66667
411		4.42857
412		4
413		3
414		2.8
415		2.66667
416		5
417		4.5
418		6
419		8.5
420		3.75
421		4
422		3
423		3.625
424		2.5
425		4.25
426		4.28571
427		3.6
428		5.33333
429		3
430		4.8
431		5.33333
432		3.33333
433		2.75
434		5.2
435		3.5
436		3.33333
437		7.33333
438		3.4
439		3
440		6.83333
441		3.66667
442		3.6
443		3.5
444		4
445		3.5
446		3.25
447		3.4
448		5.5
449		3.25
450		5
451		3
452		4.25
453		3.83333
454		3.4
455		5.66667
456		4.4
457		4.33333
458		3.33333
459		2.66667
460		3.16667
461		2.66667
462		5
463		4
464		4
465		3
466		4.8
467		3
468		3
469		3
470		3.4
471		4.16667
472		6
473		2.4
474		3.5
475		3
476		4.4
477		4.5
478		5
479		3
480		3.75
481		2.5
482		5.57143
483		4.6
484		5
485		3
486		3.33333
487		3.75
488		12
489		3.6
490		6.5
491		3
492		4.25
493		3
494		4
495		3
496		3.8
497		7.4
498		4
499		3.66667
500		3.5
501		4.25
502		3
503		2.75
504		5.2
505		5
506		3.4
507		3.75
508		4.75
509		3.33333
510		3.33333
511		2.66667
512		3.75
513		3.875
514		3
515		3
516		3.85714
517		7.5
518		3.33333
519		3
520		3.16667
521		3
522		3.25
523		3.33333
524		4.5
525		4
526		2.66667
527		7.66667
528		5
529		3.33333
530		3
531		3.2
532		3.6
533		3
534		6
535		4
536		3.75
537		3.66667
538		3.66667
539		0
540		3.25
541		4.2
542		2.25
543		3
544		5.11111
545		3.66667
546		2.33333
547		5.25
548		3.5
549		3.2
550		3
551		3.2
552		5.625
553		2.83333
554		4.4
555		2.75
556		3.5
557		3.5
558		3.5
559		7.33333
560		3.5
561		3.5
562		3
563		3.33333
564		3.5
565		3.66667
566		4.28571
567		3.66667
568		3
569		5.5
570		3.4
571		3.83333
572		3
573		3.57143
574		4
575		2.4
576		4.8
577		4.66667
578		4.4
579		3
580		3.16667
581		7
582		3.8
583		4
584		3
585		7
586		3.16667
587		3
588		5.5
589		3.4
590		3.16667
591		5.2
592		4.5
593		3.33333
594		4
595		4.22222
596		3.66667
597		5
598		4.66667
599		3.8
600		3.5
601		4
602		4.16667
603		5
604		4.44444
605		3.5
606		3.5
607		3
608		3.5
609		2.6
610		3
611		4.8
612		4.42857
613		3
614		8.5
615		2.8
616		4.5
617		0
618		7
619		6.5
620		3.4
621		3.33333
622		3.5
623		4.33333
624		2.6
625		4
626		4.42857
627		4
628		2.5
629		3.16667
630		4.33333
631		3.5
632		2.8
633		4.25
634		3.6
635		3
636		4
637		4
638		3.2
639		3.75
640		3.75
641		3.16667
642		4.33333
643		3
644		4
645		4.66667
646		3.66667
647		4
648		5
649		3.4
650		7.4
651		4
652		3.16667
653		3
654		4
655		3.75
656		5
657		6.66667
658		3.66667
659		3.16667
660		3.14286
661		5.5
662		3.25
663		4
664		3
665		3.66667
666		4
667		4
668		5.25
669		3.4
670		3.71429
671		2.5
672		5.33333
673		4.875
674		4
675		2.75
676		3.5
677		2
678		4.5
679		2.5
680		3.57143
681		7.5
682		3
683		7.33333
684		3.6
685		8
686		3.66667
687		4
688		3.2
689		2.5
690		3.33333
691		4.42857
692		8.33333
693		4
694		3.8
695		6.25
696		3.6
697		5
698		3.5
699		2.25
700		3.28571
701		4.75
702		3.71429
703		4
704		4.5
705		8.2
706		4.5
707		0
708		4.33333
709		3.8
710		3.85714
711		3.5
712		2.5
713		4.33333
714		4
715		3.5
716		7.2
717		9
718		3.75
719		5.25
720		3.6
721		5.5
722		4.75
723		3
724		6.33333
725		3.33333
726		4.16667
727		9
728		6
729		3
730		3.5
731		3.85714
732		3.5
733		3.33333
734		2.5
735		6.8
736		7.33333
737		3.66667
738		6.5
739		6.33333
740		3
741		3.5
742		3.85714
743		8
744		4
745		4
746		6.5
747		4.25
748		4
749		6
750		8.25
751		3.4
752		4
753		3.6
754		3
755		3
756		4.2
757		9.66667
758		7.6
759		7.33333
760		2.5
761		3.5
762		3.75
763		4.42857
764		3.5
765		2
766		5
767		4
768		5.875
769		6
770		3.5
771		3.6
772		3.5
773		4.14286
774		4
775		3.8
776		6.16667
777		5.8
778		5.71429
779		5.33333
780		3.33333
781		4
782		3.16667
783		4.16667
784		2.625
785		4.33333
786		7
787		4.2
788		6
789		8
790		3.5
791		3.33333
792		4.28571
793		3.6
794		3
795		2.75
796		3.2
797		7
798		6.2
799		5
800		3
801		4
802		3
803		3.5
804		3
805		5
806		5.25
807		3.5
808		4.6
809		8
810		4
811		3.66667
812		3.33333
813		3
814		3.5
815		5.4
816		2
817		8.5
818		6.125
819		4.25
820		3.25
821		4
822		3
823		3.83333
824		3
825		4.2
826		12
827		4.42857
828		5.5
829		5.2
830		3
831		3.5
832		3.85714
833		2.33333
834		3.125
835		6
836		3.75
837		7
838		4.5
839		3.5
840		3.5
841		6.25
842		3.33333
843		3.83333
844		2.25
845		3.5
846		4.2
847		3
848		7.8
849		5
850		4
851		7
852		4
853		3.6
854		3.6
855		6
856		4.14286
857		4
858		3.8
859		6.5
860		4.66667
861		4.5
862		4.66667
863		5.14286
864		3
865		3.66667
866		4.33333
867		3.5
868		5.4
869		4.33333
870		6.4
871		3.5
872		4
873		5
874		3.25
875		6
876		3.28571
877		5
878		4
879		3.5
880		4.4
881		6.4
882		4.33333
883		3.4
884		2.5
885		5.2
886		4.16667
887		3.33333
888		8
889		3
890		3.6
891		3.66667
892		6.66667
893		2.6
894		4.6
895		9
896		3.57143
897		3.33333
898		5.66667
899		3.75
900		3
901		4
902		2.66667
903		5.85714
904		5.4
905		3.2
906		0
907		5
908		6.2
909		3.6
910		3.75
911		3.66667
912		3.75
913		3
914		5.83333
915		10
916		3.88889
917		7.25
918		4.66667
919		2.66667
920		4.4
921		4
922		3.42857
923		3.33333
924		3
925		7.33333
926		6
927		2.6
928		7
929		8.33333
930		3.6
931		5
932		6.25
933		2.5
934		3
935		5
936		4.91667
937		7
938		7
939		6.66667
940		4.75
941		7
942		3.4
943		5.6
944		3.57143
945		3.4
946		2
947		4.25
948		8
949		4
950		3.5
951		4
952		5.83333
953		2.66667
954		2.66667
955		5.75
956		4.28571
957		6
958		14
959		5.5
960		3.5
961		5
962		4.16667
963		4.2
964		3.75
965		3
966		7.4
967		5.16667
968		8.25
969		5
970		3
971		4.25
972		3.83333
973		4.75
974		4.25
975		4.66667
976		3.5
977		0
978		4.75
979		4.75
980		6.5
981		5
982		4
983		3.8
984		2.8
985		5.25
986		3.5
987		2.75
988		7
989		5.33333
990		2.83333
991		8.6
992		6.25
993		2
994		3.33333
995		4.25
996		3.875
997		5.66667
998		7
999		2.66667
1000		3.75
