Tile ID						Power estimation

0						0.000969482
1						0.00145094
2						0.00187224
3						0.00204276
4						0.00195272
5						0.00186295
6						0.0014009
7						0.000929388
8						0.00151117
9						0.00221386
10						0.00297717
11						0.00350095
12						0.00324782
13						0.00314727
14						0.002364
15						0.0012704
16						0.00172199
17						0.00282758
18						0.00392541
19						0.00444309
20						0.00412292
21						0.00361354
22						0.0027988
23						0.00149123
24						0.00177418
25						0.00275632
26						0.00348163
27						0.00304144
28						0.00271912
29						0.00233828
30						0.00171491
31						0.000822315
32						0.00105327
33						0.00145439
34						0.00209642
35						0.00193563
36						0.00206711
37						0.00199665
38						0.00158455
39						0.000712045
40						0.000691942
41						0.00111318
42						0.00164482
43						0.00151499
44						0.00158504
45						0.00163503
46						0.00127373
47						0.000661853
48						0.000501346
49						0.000792255
50						0.000982836
51						0.000832374
52						0.000962689
53						0.000882523
54						0.000712031
55						0.000491331
56						0.000240585
57						0.000370914
58						0.000370944
59						0.000280777
60						0.000310852
61						0.000300837
62						0.000350928
63						0.000320751
64						7.01506e-05
65						0.000210554
66						0.000330839
67						0.000270674
68						0.000280631
69						0.000270689
70						0.000180464
71						0.000140243
72						0.000190436
73						0.000300837
74						0.000330839
75						0.000431108
76						0.000270747
77						0.000421136
78						0.000360914
79						0.000120285
80						0.00016039
81						0.000340971
82						0.00045127
83						0.000541509
84						0.000401091
85						0.000320867
86						0.000441254
87						0.000140359
88						0.000160375
89						0.000350957
90						0.000310837
91						0.000320867
92						0.000270674
93						0.000280719
94						0.000280763
95						0.000110255
96						0.000220481
97						0.00026063
98						0.000330853
99						0.000210495
100						0.000230584
101						0.000190509
102						0.000260645
103						0.000110226
104						0.000130344
105						0.000210539
106						0.000260688
107						0.000220569
108						0.00021051
109						0.000220525
110						0.000270674
111						0.000160346
112						0.000180464
113						0.000160346
114						0.000180435
115						0.00018045
116						0.000210495
117						0.000210525
118						0.000190509
119						0.000150316
120						0.000120241
121						0.000100196
122						0.000130271
123						0.000110226
124						0.000120241
125						7.01214e-05
126						0.000120329
127						0.00015036
128						0.00023054
129						0.00042118
130						0.000451197
131						0.000471359
132						0.000501331
133						0.000391105
134						0.000360943
135						0.000160346
136						0.000300837
137						0.000691927
138						0.000671897
139						0.000671853
140						0.000621748
141						0.000681941
142						0.000621762
143						0.000280704
144						0.000320765
145						0.000691927
146						0.000802227
147						0.000832403
148						0.000631821
149						0.000732091
150						0.000912581
151						0.000330912
152						0.000290797
153						0.000651863
154						0.000581585
155						0.000651794
156						0.000541465
157						0.000551521
158						0.000631748
159						0.000270704
160						0.000290661
161						0.000391134
162						0.000521479
163						0.000471242
164						0.000451211
165						0.000360972
166						0.000350957
167						0.000180406
168						0.00028069
169						0.000431108
170						0.000471359
171						0.000391003
172						0.000290807
173						0.000330938
174						0.000350986
175						0.000150346
176						0.00028069
177						0.000260645
178						0.000310823
179						0.000290749
180						0.000330868
181						0.000340869
182						0.000300808
183						0.000160346
184						0.000160346
185						0.000150331
186						0.00018042
187						0.00016039
188						0.000130286
189						0.000150375
190						0.000220481
191						0.000150302
192						0.000130213
193						0.000140301
194						8.01804e-05
195						0.000200378
196						0.000180304
197						0.000100196
198						0.000130271
199						9.01519e-05
200						0.000110197
201						0.000160361
202						0.000150302
203						0.000100255
204						0.000110212
205						0.000120256
206						0.00017042
207						9.01665e-05
208						7.01214e-05
209						0.000150375
210						0.000160427
211						0.000170361
212						0.000100211
213						0.000130257
214						0.000270631
215						0.000130228
216						7.0136e-05
217						0.000280646
218						0.000200436
219						0.00015036
220						0.000110255
221						0.000140316
222						0.00028069
223						0.000120212
224						0.000120227
225						0.00019045
226						0.000220511
227						0.000190465
228						0.000150375
229						0.0001203
230						0.000230613
231						0.000120198
232						0.000100211
233						0.00018042
234						0.000210539
235						0.000240614
236						0.000210466
237						0.000160361
238						0.000240599
239						0.000110182
240						0.000150287
241						0.00016039
242						0.00023057
243						0.000280719
244						0.000280661
245						0.000160456
246						0.000170449
247						8.01658e-05
248						0.000100153
249						9.01956e-05
250						0.000140272
251						0.000100196
252						0.000120212
253						0.000110226
254						0.000130257
255						8.01221e-05


Total Netwok Power(In Watt):0.159012