#Simcount		average latency
1		0
2		0
3		0
4		0
5		0
6		0
7		0
8		0
9		0
10		0
11		0
12		0
13		0
14		0
15		0
16		0
17		0
18		3
19		3
20		2
21		2.04545
22		3
23		0
24		0
25		4
26		4.5
27		0
28		0
29		4.15789
30		4.33333
31		5
32		0
33		4
34		4
35		4.25
36		4
37		4
38		4.33333
39		4
40		0
41		4
42		0
43		4.5
44		0
45		4.25
46		5
47		4
48		0
49		5.33333
50		0
51		4.33333
52		0
53		4
54		5
55		4
56		0
57		4.66667
58		3
59		3.08696
60		2
61		2.78947
62		3
63		4
64		0
65		4
66		4.44444
67		4.5
68		0
69		4.54545
70		4.2
71		4.8
72		0
73		4.25
74		4
75		4.375
76		5
77		4
78		0
79		4
80		5
81		4.14286
82		0
83		4
84		0
85		4.125
86		4
87		4
88		0
89		4
90		4
91		4
92		0
93		4
94		4
95		4
96		0
97		3.66667
98		3
99		3.13636
100		2
101		2.43478
102		3
103		3
104		3.5
105		3.9375
106		4.57143
107		4
108		4
109		4.53846
110		4.4
111		4.66667
112		3.66667
113		4.08333
114		4
115		4.14286
116		4.33333
117		4.11111
118		4.25
119		4.22222
120		0
121		4
122		5.42857
123		4.25
124		0
125		4
126		4.2
127		4.125
128		0
129		4
130		4
131		4.22222
132		0
133		4
134		4
135		4.9
136		0
137		4
138		2.8
139		3.28571
140		2.5
141		2.45455
142		3
143		3.11111
144		3.33333
145		3.92857
146		4.6
147		3.625
148		0
149		4.7
150		4.2
151		3.75
152		2
153		4.5
154		4
155		4.375
156		6
157		4
158		5.5
159		4
160		4
161		4.11111
162		0
163		4.25
164		5
165		4.11111
166		0
167		4
168		0
169		4.125
170		0
171		4
172		0
173		4
174		0
175		4
176		5
177		4
178		3
179		3.07143
180		2
181		2.85
182		3
183		2.33333
184		2.5
185		3.75
186		4.42857
187		3.2
188		3
189		4.3
190		4.5
191		4.28571
192		3.5
193		4.8
194		4
195		4.91667
196		0
197		4.2
198		4.66667
199		4
200		6
201		4
202		7.5
203		4.22222
204		0
205		4.28571
206		4
207		4.22222
208		0
209		4.85714
210		4
211		4
212		0
213		4
214		4
215		4
216		5
217		4
218		2.8
219		3.30769
220		2.5
221		2.70588
222		3
223		2.66667
224		4
225		3.6
226		3
227		3.88889
228		3
229		3.875
230		5
231		4
232		3.5
233		4.16667
234		4.5
235		4
236		5
237		4.07143
238		4
239		4.2
240		6
241		4.57143
242		0
243		4
244		4
245		4.09091
246		5
247		4
248		5
249		4
250		4.5
251		4.5
252		4
253		4.14286
254		0
255		4.66667
256		0
257		4
258		3
259		3.16667
260		2
261		2.66667
262		3.66667
263		2.66667
264		3.5
265		3.5625
266		3.6
267		3.3
268		4
269		3.84615
270		4.5
271		4.16667
272		3.5
273		4.07143
274		4
275		4.125
276		5
277		4.09091
278		0
279		4
280		0
281		3.91667
282		0
283		5.42857
284		5
285		4
286		5
287		4
288		4.33333
289		4.125
290		0
291		4.2
292		4.5
293		4.33333
294		0
295		4
296		4.5
297		4.2
298		3
299		3.11111
300		2
301		3.2
302		3
303		2.90909
304		4
305		3.26316
306		4
307		3.28571
308		4.2
309		3.69231
310		3.5
311		4
312		3.33333
313		4.15385
314		4.6
315		4.25
316		0
317		4.09091
318		4
319		4.33333
320		3
321		4
322		4.5
323		3.92308
324		4
325		4
326		4
327		4.09091
328		0
329		4
330		0
331		4
332		5
333		4
334		0
335		4
336		0
337		4.5
338		3
339		3.33333
340		2.5
341		2.625
342		0
343		2.7
344		3.5
345		3.3125
346		3.33333
347		3
348		4
349		3.63158
350		4
351		3.66667
352		3.5
353		4.06667
354		4
355		4
356		0
357		4.06667
358		4
359		3.83333
360		4
361		3.76923
362		4
363		3.66667
364		0
365		4
366		0
367		4.25
368		0
369		4
370		0
371		4
372		0
373		4
374		0
375		4
376		0
377		4
378		3
379		3.14286
380		2
381		2.9
382		2.33333
383		2.75
384		2.33333
385		3.23077
386		4
387		2.875
388		4.5
389		3.625
390		2
391		3.5
392		3.6
393		4
394		4.5
395		3.66667
396		0
397		4.1875
398		4.6
399		4.2
400		3
401		4
402		4
403		3.83333
404		5
405		4
406		0
407		4.22222
408		4
409		4
410		8
411		4
412		0
413		4.2
414		4.33333
415		4
416		0
417		3.66667
418		0
419		3.77778
420		2
421		2.875
422		2.33333
423		3.5
424		3
425		3.11111
426		3
427		2.88889
428		4
429		3.6875
430		3
431		4
432		2
433		3.81818
434		5
435		4
436		3.25
437		4
438		4
439		4.45455
440		4.5
441		3.7
442		4
443		3.71429
444		4.5
445		4.125
446		0
447		4.22222
448		4
449		4.2
450		0
451		5.42857
452		4.33333
453		4.125
454		0
455		4
456		5
457		4.33333
458		3
459		3.8
460		3
461		3.45455
462		2.25
463		3.33333
464		2.5
465		3.375
466		3.66667
467		2.90909
468		4.33333
469		2.90909
470		3
471		4.22222
472		3.75
473		3.7
474		5
475		3.9
476		3.33333
477		3.9
478		3.33333
479		4.125
480		3.5
481		4
482		4
483		3.75
484		4
485		4.22222
486		4
487		4
488		4.5
489		5.11111
490		5
491		4
492		4
493		4.11111
494		0
495		4.16667
496		4
497		4
498		5
499		3.5
500		2
501		3.625
502		2.5
503		3.125
504		2
505		3.18182
506		3
507		2.88889
508		5
509		3.17647
510		3
511		3.66667
512		4
513		3.66667
514		4
515		3.66667
516		4
517		3.76923
518		3.4
519		3.75
520		0
521		3.64286
522		4
523		4
524		0
525		4
526		4.5
527		4.125
528		5
529		4
530		0
531		4
532		4
533		4
534		0
535		4
536		0
537		4
538		4
539		3.6
540		2
541		3.25
542		2.66667
543		2.9
544		2
545		2.25
546		3
547		3.33333
548		3.5
549		2.88889
550		2.33333
551		3.71429
552		3.5
553		3.63636
554		3
555		3.5
556		4.25
557		3.45455
558		2.66667
559		3.875
560		3.5
561		4.1
562		3.33333
563		3.875
564		5
565		4
566		4
567		4.125
568		4
569		4
570		7.5
571		4.1
572		0
573		5.66667
574		5
575		4
576		0
577		4
578		0
579		3.9
580		0
581		3.16667
582		3
583		3.46154
584		2.5
585		3.22222
586		2.33333
587		3.4
588		4
589		2.90909
590		4.2
591		3.42857
592		4
593		3.75
594		4
595		3.90909
596		0
597		3.36364
598		3
599		4
600		5
601		3.625
602		3
603		4.07143
604		4
605		4.2
606		4.5
607		4
608		4
609		4.25
610		4
611		4
612		0
613		4.6
614		4
615		4
616		0
617		4
618		5
619		3.75
620		0
621		3.25
622		3.5
623		3.4
624		2.75
625		2.6
626		3.6
627		3.4
628		2
629		3
630		3.25
631		3.88889
632		4.5
633		3.9
634		3.66667
635		3.8
636		0
637		3.6
638		3.5
639		4.09091
640		5
641		3.91667
642		4
643		3.875
644		4.5
645		4.2
646		4.2
647		3.71429
648		0
649		5.42857
650		4.66667
651		4.2
652		0
653		4
654		4.25
655		4.11111
656		0
657		4
658		4
659		3.8
660		0
661		3.2
662		3.5
663		3.36364
664		3
665		2.77778
666		3
667		3.41667
668		0
669		3.41667
670		2.33333
671		3.63636
672		0
673		3.30769
674		0
675		3.72727
676		4
677		3.5
678		3.5
679		3.8
680		4.33333
681		3.375
682		4.5
683		3.66667
684		4
685		3.66667
686		4
687		3.91667
688		4
689		4
690		0
691		4
692		4.5
693		4
694		5
695		4
696		4
697		4.2
698		4
699		3.6
700		4.5
701		3.33333
702		3
703		3
704		2.5
705		3.875
706		5
707		2.83333
708		3.5
709		3.18182
710		3
711		3
712		2.66667
713		3.75
714		4
715		3.375
716		4
717		4.1
718		4
719		3.81818
720		3
721		3.66667
722		4
723		3.69231
724		0
725		4
726		4.6
727		3.81818
728		5
729		4
730		4
731		4.1
732		0
733		4.16667
734		4
735		4.2
736		0
737		5.16667
738		0
739		4.1
740		0
741		4
742		3
743		3.45455
744		2
745		3.28571
746		3
747		3.375
748		3
749		3.3
750		3.33333
751		3.57143
752		2.6
753		3.44444
754		3.66667
755		3.42857
756		3
757		3.6
758		4.5
759		3.5
760		4.5
761		3.88889
762		2
763		4
764		3
765		4
766		0
767		3.9
768		4.25
769		4.14286
770		5
771		3.9
772		3.33333
773		4.14286
774		4
775		4.1
776		0
777		4.11111
778		4
779		4.11111
780		0
781		4
782		3
783		3.7
784		2.33333
785		4
786		3
787		3.625
788		4
789		3.22222
790		2
791		3.875
792		2
793		3.33333
794		2.5
795		3.46154
796		3
797		3.3
798		2.33333
799		3.8
800		0
801		3.66667
802		4.66667
803		3.6875
804		0
805		3.16667
806		3.5
807		3.85714
808		5
809		4.25
810		4
811		3.91667
812		4
813		5.4
814		4
815		4.1
816		4
817		4.16667
818		0
819		4.11111
820		5
821		4
822		2.5
823		3.625
824		2
825		3.45455
826		0
827		3.375
828		0
829		3.57143
830		2
831		3.5
832		2.5
833		3.6
834		3
835		3.4
836		2.75
837		3.41667
838		2
839		3.57143
840		4.33333
841		3.72727
842		0
843		3.63636
844		3.75
845		3.75
846		2.66667
847		3.75
848		4
849		4
850		4.33333
851		3.85714
852		3
853		4.09091
854		4.5
855		4
856		0
857		4.125
858		0
859		4.14286
860		0
861		4
862		3
863		3.83333
864		2.66667
865		3.5
866		2
867		3.33333
868		3
869		3
870		0
871		3.125
872		3
873		3.57143
874		3
875		3.25
876		3.5
877		3.33333
878		3
879		3.57143
880		2
881		3.77778
882		4
883		3.8
884		2
885		3.8
886		3.25
887		4.5
888		0
889		4.58333
890		4
891		3.77778
892		3.5
893		4
894		4.66667
895		4.25
896		4.5
897		4
898		4.5
899		4
900		0
901		4.2
902		2
903		4.5
904		2
905		3.57143
906		2.5
907		3.625
908		4.5
909		3.125
910		2.5
911		3.5
912		3.66667
913		4
914		3
915		3.44444
916		5
917		3.38462
918		2.33333
919		3.66667
920		4
921		3.53846
922		5
923		3.45455
924		4
925		3.61538
926		4
927		3.72727
928		3.5
929		4.11111
930		4
931		3.8
932		3.66667
933		4.125
934		0
935		4
936		4
937		4
938		4
939		5.42857
940		4
941		4.14286
942		5
943		3.8
944		0
945		3.57143
946		4
947		3.44444
948		7
949		3.5
950		2.5
951		3.875
952		3
953		3.71429
954		2.5
955		4.25
956		2.5
957		3
958		3.6
959		3.71429
960		5
961		3.77778
962		4.16667
963		3.44444
964		2
965		3.6
966		4
967		3.72727
968		0
969		4.09091
970		5
971		3.66667
972		3.5
973		4
974		0
975		4.46154
976		4
977		4
978		0
979		4
980		0
981		4.28571
982		17
983		4.14286
984		0
985		4.71429
986		3.5
987		4.5
988		2
989		3.11111
990		2
991		3.4
992		3.5
993		3.66667
994		3.33333
995		3.5
996		4
997		3
998		3.5
999		3.42857
1000		0
1001		3.85714
1002		3.5
1003		3.6
1004		2
1005		3.2
1006		6.5
1007		3.63636
1008		5
1009		3.875
1010		4.5
1011		3.77778
1012		3.5
1013		4
1014		0
1015		3.83333
1016		4
1017		4.5
1018		5
1019		4
1020		5
1021		4
1022		0
1023		4.57143
1024		0
1025		4.1
1026		3
1027		3.625
1028		3
1029		3.33333
1030		3.66667
1031		3.33333
1032		3
1033		3.875
1034		3.33333
1035		3.375
1036		2
1037		3.72727
1038		4.5
1039		3.57143
1040		2
1041		3.9
1042		3.33333
1043		3.3
1044		4
1045		3.27273
1046		4
1047		4.33333
1048		3.33333
1049		3.9
1050		3.33333
1051		3.71429
1052		4.25
1053		3.55556
1054		3.66667
1055		4.16667
1056		3.5
1057		4
1058		3
1059		4
1060		4
1061		3.77778
1062		0
1063		4.57143
1064		5
1065		4.1
1066		3
1067		3.83333
1068		0
1069		4.07143
1070		3
1071		3.14286
1072		3
1073		3.6
1074		3
1075		3.14286
1076		0
1077		3.42857
1078		2.5
1079		3.42857
1080		5
1081		3.75
1082		3.66667
1083		3.375
1084		3.8
1085		3.5
1086		3.66667
1087		3.6
1088		3
1089		4.18182
1090		4.33333
1091		3.83333
1092		4
1093		3.92308
1094		4
1095		3.625
1096		0
1097		3.85714
1098		4
1099		3.8
1100		5
1101		3.8
1102		5
1103		4
1104		0
1105		4.09091
1106		3.5
1107		3.66667
1108		0
1109		3.45455
1110		2
1111		3.33333
1112		3
1113		3.55556
1114		2.5
1115		2.85714
1116		3.5
1117		3.23077
1118		2
1119		3.57143
1120		0
1121		3.76923
1122		3.5
1123		3.36364
1124		2
1125		3.53846
1126		3.66667
1127		3.75
1128		3.66667
1129		4.125
1130		4
1131		3.77778
1132		4
1133		3.8
1134		3.66667
1135		3.5
1136		0
1137		3.9
1138		5
1139		4
1140		5
1141		3.77778
1142		0
1143		4
1144		4
1145		4
1146		2
1147		3.75
1148		3
1149		3.6
1150		5
1151		3.2
1152		2.5
1153		3.625
1154		2.33333
1155		3.42857
1156		0
1157		3.23077
1158		2
1159		3.57143
1160		3
1161		3.81818
1162		3
1163		3.25
1164		2
1165		3.36364
1166		4.5
1167		3.77778
1168		3.5
1169		4
1170		4
1171		3.75
1172		3.5
1173		3.42857
1174		4.33333
1175		3.4
1176		4
1177		3.6
1178		4
1179		4.09091
1180		4
1181		3.6
1182		4
1183		4.1
1184		0
1185		4.16667
1186		0
1187		3.9
1188		0
1189		3.66667
1190		0
1191		3.6
1192		2.5
1193		3.5
1194		2
1195		2.88889
1196		0
1197		3.3
1198		2.5
1199		3.5
1200		2
1201		3.25
1202		5
1203		3.3
1204		2.5
1205		3.22222
1206		4
1207		3.5
1208		3.8
1209		4
1210		3
1211		3.71429
1212		4.5
1213		3.6
1214		3
1215		3.71429
1216		0
1217		4.1
1218		3
1219		4
1220		2
1221		4
1222		5
1223		3.6
1224		0
1225		3.88889
1226		4
1227		3.8
1228		0
1229		4
1230		3
1231		3.57143
1232		2.66667
1233		3.625
1234		2.66667
1235		3.33333
1236		0
1237		3.18182
1238		3.2
1239		3.71429
1240		4.5
1241		3.45455
1242		3.5
1243		3.5
1244		4
1245		3.8
1246		3.8
1247		4
1248		2.66667
1249		4.22222
1250		4
1251		4
1252		4
1253		3.4
1254		0
1255		3.78571
1256		4
1257		4
1258		2.5
1259		4
1260		4
1261		4.16667
1262		4
1263		3.92308
1264		5
1265		3.71429
1266		4
1267		3.91667
1268		4
1269		3.66667
1270		5
1271		3.91667
1272		3.33333
1273		3.5
1274		3.16667
1275		3.63636
1276		0
1277		3.375
1278		2.75
1279		3.92857
1280		2
1281		3.22222
1282		0
1283		4.14286
1284		4.33333
1285		3.76923
1286		5
1287		3.2
1288		3.6
1289		3.9
1290		4
1291		3.5
1292		4.33333
1293		3.75
1294		0
1295		3.90909
1296		4.33333
1297		3.8
1298		0
1299		3.75
1300		2
1301		4
1302		4
1303		3.8
1304		0
1305		3.81818
1306		5
1307		3.875
1308		5
1309		3.77778
1310		0
1311		3.88889
1312		2
1313		3.7
1314		3
1315		3.25
1316		0
1317		3.27273
1318		3
1319		3.38462
1320		4
1321		3.44444
1322		0
1323		3.91667
1324		3.5
1325		3.75
1326		0
1327		3.3
1328		4
1329		3.75
1330		2
1331		4
1332		4
1333		4.4
1334		3
1335		3.5
1336		4.33333
1337		3.69231
1338		3
1339		3.5
1340		4.5
1341		4.08333
1342		4
1343		4
1344		4
1345		4
1346		4.66667
1347		3.5
1348		5
1349		3.6
1350		0
1351		4
1352		3
1353		4
1354		2.5
1355		3.44444
1356		4
1357		3.41667
1358		5
1359		3.25
1360		3.5
1361		3.45455
1362		0
1363		3.66667
1364		4
1365		3.8
1366		5
1367		3.71429
1368		0
1369		3.88889
1370		4
1371		3.875
1372		4.75
1373		3.42857
1374		3.5
1375		3.88889
1376		0
1377		4
1378		4.33333
1379		3.55556
1380		3.5
1381		3.77778
1382		4
1383		4
1384		4
1385		4
1386		4
1387		3.90909
1388		4
1389		5
1390		3
1391		3.90909
1392		2
1393		3.83333
1394		2.66667
1395		3.77778
1396		3
1397		3.77778
1398		3
1399		3.46154
1400		3.5
1401		3.3
1402		4
1403		3.7
1404		4
1405		3.625
1406		4
1407		3.875
1408		4
1409		4.22222
1410		3
1411		4
1412		3
1413		3.58333
1414		2
1415		3.57143
1416		4.5
1417		3.64286
1418		3.5
1419		3.125
1420		4
1421		3.84615
1422		0
1423		4.16667
1424		4.5
1425		4
1426		4
1427		4
1428		3
1429		3.88889
1430		0
1431		3.77778
1432		2
1433		4.42857
1434		0
1435		3.77778
1436		3
1437		3.5
1438		3
1439		3.30769
1440		2.75
1441		2.5
1442		0
1443		3.41667
1444		3
1445		3.6
1446		4
1447		3.75
1448		4.5
1449		4
1450		5
1451		3.875
1452		3.33333
1453		3.85714
1454		3.66667
1455		3.57143
1456		3.66667
1457		3.5
1458		3.5
1459		4
1460		0
1461		3.93333
1462		3
1463		3.6
1464		0
1465		5.1
1466		4.66667
1467		3.5
1468		0
1469		3.66667
1470		4
1471		3.83333
1472		2
1473		3.90909
1474		4
1475		3.6
1476		4
1477		4
1478		3.5
1479		3.33333
1480		2.66667
1481		3
1482		0
1483		3.16667
1484		0
1485		3.8
1486		3
1487		3.77778
1488		4
1489		4.22222
1490		3.25
1491		4
1492		3
1493		3.875
1494		3.66667
1495		3.44444
1496		3.5
1497		3.45455
1498		4
1499		3.625
1500		4
1501		3.69231
1502		4
1503		3.33333
1504		0
1505		3.6
1506		4.5
1507		3.33333
1508		0
1509		4.63636
1510		4
1511		4.2
1512		3
1513		3.90909
1514		3
1515		3.6
1516		2
1517		4
1518		4
1519		3.5
1520		2.25
1521		3.88889
1522		4
1523		3.09091
1524		2
1525		3.875
1526		4.5
1527		3.9
1528		5
1529		3.77778
1530		3.66667
1531		3.77778
1532		3.75
1533		3.75
1534		3
1535		3.85714
1536		3
1537		3.88889
1538		3.33333
1539		4.33333
1540		0
1541		3.9
1542		4
1543		3.6
1544		2
1545		3.91667
1546		2
1547		3.5
1548		0
1549		3.33333
1550		5
1551		3.75
1552		5
1553		3.5
1554		0
1555		4.11111
1556		3.5
1557		4.16667
1558		3
1559		3.46154
1560		2
1561		3.16667
1562		4
1563		3.53846
1564		2
1565		3.75
1566		4.33333
1567		3.8
1568		4.5
1569		3.75
1570		4
1571		3.6
1572		3
1573		3.57143
1574		5
1575		4.5
1576		0
1577		3.90909
1578		2
1579		4
1580		3.5
1581		3.8
1582		5
1583		3.75
1584		4
1585		3.41667
1586		3
1587		4.28571
1588		0
1589		3.66667
1590		0
1591		3.5
1592		0
1593		3.55556
1594		4
1595		3.77778
1596		5
1597		4
1598		4.16667
1599		3.66667
1600		2.33333
1601		3.4
1602		2
1603		3.69231
1604		0
1605		3.46154
1606		0
1607		3.93333
1608		0
1609		3.71429
1610		4.33333
1611		3.6
1612		5
1613		3.14286
1614		4
1615		4.09091
1616		4
1617		4.16667
1618		2
1619		3.88889
1620		4.5
1621		3.25
1622		0
1623		3.6
1624		4
1625		3.54545
1626		0
1627		3.66667
1628		3.5
1629		4
1630		2
1631		3.66667
1632		3
1633		3.71429
1634		5
1635		4.28571
1636		2
1637		5
1638		2
1639		3.55556
1640		2
1641		3.1
1642		4
1643		3.25
1644		2.5
1645		3.63636
1646		2
1647		3.75
1648		0
1649		3.8
1650		3
1651		3.77778
1652		4.25
1653		3.75
1654		5
1655		3.71429
1656		3.5
1657		4.71429
1658		2
1659		3.83333
1660		5
1661		3.75
1662		3
1663		3.8
1664		3
1665		3.90909
1666		3
1667		3.66667
1668		0
1669		3.61538
1670		2.5
1671		3.33333
1672		0
1673		4
1674		3.66667
1675		3.33333
1676		5
1677		3.85714
1678		4
1679		3.75
1680		3.5
1681		3.57143
1682		4.5
1683		3.875
1684		3
1685		3.6
1686		3.33333
1687		3.5
1688		5
1689		3.33333
1690		3.75
1691		3.71429
1692		4
1693		3.83333
1694		2.66667
1695		4.57143
1696		4
1697		3.83333
1698		2
1699		4
1700		5.33333
1701		3.55556
1702		5
1703		3.57143
1704		4
1705		3.8
1706		4.33333
1707		3.6
1708		4
1709		3.72727
1710		0
1711		3.54545
1712		4
1713		3.6
1714		0
1715		3.6
1716		2.66667
1717		3.77778
1718		0
1719		3.625
1720		4.5
1721		3.63636
1722		0
1723		3.55556
1724		3
1725		3.61538
1726		5
1727		3.27273
1728		4
1729		3.45455
1730		3
1731		3.85714
1732		3
1733		3.9
1734		3
1735		3.71429
1736		4
1737		3.77778
1738		4.33333
1739		3.625
1740		4
1741		3.44444
1742		4
1743		3.66667
1744		4.5
1745		3.75
1746		4
1747		3.88889
1748		4.5
1749		3.75
1750		4
1751		3.54545
1752		3
1753		3.875
1754		4.5
1755		3.66667
1756		3
1757		3.42857
1758		4
1759		4
1760		3.66667
1761		3.42857
1762		0
1763		3.125
1764		3
1765		3.28571
1766		3
1767		3.83333
1768		0
1769		3.33333
1770		3
1771		3.875
1772		2.33333
1773		3.875
1774		2
1775		3.77778
1776		4
1777		3.66667
1778		2
1779		3.81818
1780		4
1781		3.125
1782		5
1783		3.77778
1784		0
1785		3.66667
1786		4
1787		3.88889
1788		2
1789		3.6
1790		0
1791		3.76923
1792		0
1793		4.66667
1794		2
1795		3.64286
1796		2.5
1797		3.66667
1798		0
1799		3.9
1800		3
1801		3.71429
1802		5
1803		3.3
1804		3
1805		3.5
1806		4
1807		3.55556
1808		4
1809		3.6
1810		3.66667
1811		3.7
1812		3
1813		3.58333
1814		3.33333
1815		3.66667
1816		0
1817		4.09091
1818		4
1819		3.85714
1820		4
1821		3.76923
1822		4
1823		3.625
1824		4
1825		3.75
1826		5
1827		3.7
1828		4
1829		3.85714
1830		4
1831		3.75
1832		4
1833		3.66667
1834		0
1835		3.45455
1836		2
1837		4.55556
1838		10
1839		3.75
1840		0
1841		4.23077
1842		0
1843		3
1844		3
1845		3.35714
1846		3.4
1847		4
1848		4
1849		3.75
1850		4.2
1851		3
1852		2
1853		3.72727
1854		3
1855		3.66667
1856		0
1857		3.75
1858		3.66667
1859		4
1860		3
1861		3.625
1862		4
1863		3.9
1864		5
1865		3.875
1866		3.66667
1867		4
1868		4
1869		3.77778
1870		4
1871		3.7
1872		0
1873		3.71429
1874		2
1875		3.7
1876		2
1877		3.66667
1878		0
1879		3.71429
1880		0
1881		3.5
1882		2
1883		3.22222
1884		2
1885		3.45455
1886		2.66667
1887		4
1888		4
1889		3.7
1890		4.5
1891		3.625
1892		3.33333
1893		3.6
1894		3.33333
1895		3.25
1896		4
1897		3.55556
1898		4.5
1899		3.77778
1900		3.33333
1901		4
1902		3.4
1903		4.33333
1904		3
1905		3.875
1906		4.33333
1907		3.9
1908		4
1909		4.33333
1910		3.5
1911		3.91667
1912		2
1913		3.6
1914		2
1915		3.63636
1916		3.25
1917		4
1918		3
1919		3.83333
1920		3.33333
1921		3.71429
1922		0
1923		3.11111
1924		3
1925		3.41667
1926		0
1927		3.42857
1928		4
1929		3.66667
1930		0
1931		3.75
1932		3.33333
1933		3.8
1934		2.75
1935		3.75
1936		5
1937		3.9
1938		4
1939		3.88889
1940		0
1941		4.16667
1942		3.5
1943		3.55556
1944		5
1945		3.7
1946		5
1947		3.6
1948		0
1949		3.875
1950		3.5
1951		3.66667
1952		4
1953		3.71429
1954		0
1955		4
1956		3.5
1957		4
1958		0
1959		3.6
1960		4
1961		3.55556
1962		5
1963		2.75
1964		3
1965		3.16667
1966		2
1967		3.75
1968		4
1969		3.63636
1970		4
1971		3.8
1972		2.6
1973		3.875
1974		2
1975		3.6
1976		4
1977		4
1978		4
1979		3.33333
1980		4.5
1981		3.375
1982		3.5
1983		3.83333
1984		2
1985		3.875
1986		0
1987		3.25
1988		4
1989		3.6
1990		3.5
1991		5
1992		3.5
1993		4
1994		3
1995		3.625
1996		4.2
1997		4
1998		4
1999		4
2000		4
2001		4.25
2002		0
2003		4.75
2004		2.8
2005		3.5
2006		0
2007		3.1
2008		15.5
2009		3.77778
2010		3
2011		3.8
2012		3.5
2013		3.4
2014		0
2015		3.9
2016		4.75
2017		4.11111
2018		3.33333
2019		4
2020		3.4
2021		3.77778
2022		3.33333
2023		3.92308
2024		3
2025		4
2026		4
2027		3.84615
2028		3.5
2029		3.91667
2030		2
2031		3.83333
2032		4.5
2033		3.63636
2034		5
2035		3.91667
2036		3
2037		3.875
2038		4.5
2039		4
2040		4
2041		4.14286
2042		4.5
2043		3.66667
2044		2
2045		3.30769
2046		4
2047		3.08333
2048		3
2049		3.77778
2050		3
2051		3.66667
2052		3
2053		3.55556
2054		2
2055		3.77778
2056		4
2057		3.81818
2058		3
2059		4.66667
2060		3
2061		3.66667
2062		0
2063		3.27273
2064		0
2065		4.25
2066		5
2067		4.30769
2068		4
2069		3.5
2070		4
2071		3.54545
2072		0
2073		3.875
2074		3.5
2075		3.88889
2076		0
2077		3.75
2078		4
2079		4
2080		0
2081		3.66667
2082		4
2083		4
2084		3
2085		3.25
2086		2
2087		3.45455
2088		2.5
2089		3
2090		3
2091		3.5
2092		2.5
2093		4.28571
2094		0
2095		3.72727
2096		2
2097		3.75
2098		2
2099		3.71429
2100		2.8
2101		4.25
2102		3
2103		3.63636
2104		4
2105		3.33333
2106		4
2107		3.6
2108		3
2109		4.83333
2110		4
2111		3.6
2112		0
2113		3.66667
2114		0
2115		4.09091
2116		0
2117		3.625
2118		4
2119		3.7
2120		2
2121		4
2122		0
2123		3.8
2124		4
2125		2.85714
2126		3.5
2127		3.23077
2128		4
2129		2.85714
2130		3
2131		3.7
2132		3.5
2133		3.66667
2134		4
2135		3.66667
2136		4
2137		3.90909
2138		3.33333
2139		3.33333
2140		3.5
2141		3.83333
2142		4.5
2143		3.16667
2144		4
2145		3.55556
2146		4.75
2147		4
2148		3.5
2149		4.71429
2150		3.33333
2151		4.28571
2152		4
2153		3.71429
2154		4.25
2155		4.55556
2156		0
2157		3.66667
2158		4
2159		4.54545
2160		2
2161		5.42857
2162		0
2163		4
2164		0
2165		3.5
2166		2
2167		3.38462
2168		3.33333
2169		3.33333
2170		3.5
2171		3.75
2172		5
2173		3.8
2174		4.33333
2175		4
2176		2.5
2177		4.1
2178		3.5
2179		4.14286
2180		3.33333
2181		3.875
2182		3.4
2183		3.7
2184		4
2185		3.5
2186		4
2187		3.72727
2188		4.33333
2189		3.66667
2190		4.66667
2191		4.33333
2192		4
2193		3.75
2194		4
2195		3.75
2196		5
2197		3.85714
2198		4.5
2199		4
2200		3
2201		3.75
2202		3.5
2203		4.77778
2204		4
2205		3.45455
2206		5
2207		3.38462
2208		5.66667
2209		3.25
2210		3
2211		3.8
2212		3
2213		4.375
2214		4.5
2215		3.91667
2216		3.33333
2217		3.5
2218		3.5
2219		3.55556
2220		4
2221		3.88889
2222		3.5
2223		3.625
2224		4
2225		3.4
2226		4
2227		4
2228		0
2229		4
2230		3.66667
2231		3.9
2232		0
2233		4.77778
2234		0
2235		3.83333
2236		2
2237		3.71429
2238		5
2239		3.63636
2240		3.5
2241		3.66667
2242		3
2243		4.16667
2244		5
2245		3.57143
2246		3
2247		3.22222
2248		3
2249		3.22222
2250		0
2251		3.7
2252		0
2253		3.71429
2254		4
2255		3.5
2256		2
2257		3
2258		0
2259		3.77778
2260		3.75
2261		4
2262		2
2263		3.44444
2264		0
2265		3.91667
2266		4
2267		3.75
2268		2
2269		4
2270		4.5
2271		3.88889
2272		0
2273		3.71429
2274		4.66667
2275		3.8
2276		0
2277		3.71429
2278		4.33333
2279		3.58333
2280		5
2281		3.33333
2282		4
2283		4.2
2284		4.5
2285		3.5
2286		2
2287		3.66667
2288		3.33333
2289		3.5
2290		2
2291		3.63636
2292		3.25
2293		3.8
2294		0
2295		3.72727
2296		4
2297		3.5
2298		3
2299		3.55556
2300		3.75
2301		4.07692
2302		2
2303		3.88889
2304		0
2305		3.70588
2306		3.33333
2307		3.71429
2308		0
2309		3.92308
2310		4.5
2311		3.75
2312		5
2313		4
2314		0
2315		3.90909
2316		3
2317		3.625
2318		3.5
2319		3.54545
2320		0
2321		3.55556
2322		4
2323		4
2324		0
2325		3.55556
2326		0
2327		3.5
2328		3
2329		3.57143
2330		3
2331		3.3
2332		2
2333		3.14286
2334		3
2335		3.57143
2336		0
2337		3.33333
2338		3.5
2339		4.3
2340		3
2341		4
2342		2.6
2343		3.8
2344		2
2345		3.625
2346		0
2347		4
2348		5
2349		5.42857
2350		4
2351		3.8
2352		4
2353		3.66667
2354		5
2355		4.1
2356		0
2357		3.71429
2358		4.5
2359		3.5
2360		4
2361		3.125
2362		4
2363		3.77778
2364		4
2365		3.7
2366		0
2367		3.3
2368		4.5
2369		3.66667
2370		2.5
2371		3.66667
2372		3.66667
2373		3.18182
2374		2
2375		3.625
2376		3.5
2377		3.84615
2378		3
2379		3.33333
2380		4
2381		3.7
2382		3
2383		3.71429
2384		3
2385		3.88889
2386		4.5
2387		3.71429
2388		4
2389		4
2390		4
2391		4
2392		2
2393		4.125
2394		4
2395		4
2396		5
2397		3.88889
2398		0
2399		3.5
2400		4
2401		3.36364
2402		2
2403		3.875
2404		5
2405		3.77778
2406		4
2407		3.66667
2408		0
2409		3.72727
2410		0
2411		3.44444
2412		4
2413		3.35714
2414		3
2415		3.25
2416		3
2417		3.46154
2418		3.75
2419		3.42857
2420		3
2421		3.91667
2422		4
2423		3.14286
2424		5.33333
2425		3.63636
2426		3.66667
2427		3.85714
2428		3.5
2429		4.2
2430		4.33333
2431		3.83333
2432		4.66667
2433		3.71429
2434		4
2435		4.4
2436		4.33333
2437		4
2438		5
2439		3.5
2440		3
2441		3.75
2442		3.25
2443		4
2444		0
2445		4
2446		4
2447		3.4
2448		5
2449		3.33333
2450		3
2451		3.14286
2452		4
2453		3.16667
2454		3
2455		3.25
2456		4
2457		3.33333
2458		2.5
2459		3.66667
2460		3
2461		3.90909
2462		3.8
2463		3.42857
2464		5
2465		3.5
2466		4
2467		3.88889
2468		4.33333
2469		4
2470		5
2471		3.83333
2472		4
2473		3.5
2474		0
2475		4.35714
2476		0
2477		3.66667
2478		4
2479		3.71429
2480		2
2481		3.33333
2482		3
2483		4
2484		4.5
2485		3
2486		5
2487		3.54545
2488		4
2489		2.75
2490		4
2491		4
2492		3
2493		2.83333
2494		3.33333
2495		3.4375
2496		3
2497		3.16667
2498		3
2499		4
2500		4
2501		4.1
2502		5
2503		3.54545
2504		4.33333
2505		3.5
2506		3.8
2507		3.66667
2508		3.25
2509		4.28571
2510		4
2511		4.18182
2512		4
2513		3.85714
2514		4.33333
2515		4
2516		3
2517		4.28571
2518		3
2519		3.875
2520		5
2521		3.66667
2522		4
2523		3.71429
2524		0
2525		4
2526		4
2527		3.375
2528		0
2529		3.55556
2530		0
2531		3.71429
2532		4
2533		3.5
2534		2
2535		2.88889
2536		3.5
2537		3
2538		2
2539		3.22222
2540		3.66667
2541		3.8
2542		3
2543		3.875
2544		5
2545		4
2546		2.33333
2547		4
2548		4
2549		3.75
2550		2.5
2551		3.88889
2552		3
2553		3.84615
2554		0
2555		4
2556		2
2557		3.92308
2558		5
2559		4
2560		2.5
2561		4
2562		3.85714
2563		4
2564		0
2565		3.875
2566		4
2567		4
2568		0
2569		3.5
2570		4.5
2571		4
2572		2
2573		3.5
2574		2.75
2575		3.63636
2576		0
2577		3
2578		2.75
2579		3.76923
2580		2.66667
2581		3.28571
2582		2
2583		3.81818
2584		4.5
2585		3.57143
2586		3
2587		4
2588		4
2589		3.8
2590		4.5
2591		3.81818
2592		3
2593		3.75
2594		3
2595		3.90909
2596		0
2597		4
2598		3
2599		4
2600		5
2601		4
2602		3.5
2603		4.1
2604		4
2605		3.875
2606		0
2607		3.64286
2608		5
2609		3.6
2610		3.75
2611		4
2612		0
2613		3.55556
2614		3
2615		3.3
2616		5
2617		3.15385
2618		2.66667
2619		3.41667
2620		3
2621		3.5
2622		3.5
2623		3.76923
2624		2
2625		4
2626		4.33333
2627		4.08333
2628		4
2629		4.14286
2630		3.5
2631		4.22222
2632		2.66667
2633		3.85714
2634		2.5
2635		3.88889
2636		2
2637		3.66667
2638		4
2639		4.125
2640		4
2641		6.16667
2642		3.5
2643		4
2644		4
2645		3.66667
2646		4
2647		3.75
2648		0
2649		3.5
2650		4
2651		3.875
2652		2
2653		3.16667
2654		2.66667
2655		3.22222
2656		4.5
2657		2.875
2658		2
2659		3.25
2660		2
2661		3.57143
2662		3.66667
2663		3.63636
2664		4
2665		4
2666		0
2667		4
2668		0
2669		4.16667
2670		3
2671		4
2672		0
2673		3.57143
2674		3.5
2675		3.6
2676		3
2677		4.57143
2678		0
2679		4.25
2680		4.6
2681		3.6
2682		4.5
2683		4
2684		4
2685		4.375
2686		5
2687		3.6
2688		0
2689		3.72727
2690		5
2691		3.83333
2692		0
2693		3.45455
2694		2.75
2695		3.22222
2696		5
2697		2.9
2698		2
2699		3.6
2700		4
2701		3.8
2702		3.5
2703		3.55556
2704		3.33333
2705		4.28571
2706		4.5
2707		3.75
2708		4
2709		3.66667
2710		3.75
2711		4
2712		3
2713		3.88889
2714		3.5
2715		4.5
2716		3
2717		3.7
2718		4
2719		3.77778
2720		4
2721		4.16667
2722		3.5
2723		4
2724		4.66667
2725		3.83333
2726		5
2727		3.88889
2728		4
2729		3.66667
2730		0
2731		5
2732		0
2733		3.5
2734		4
2735		3.2
2736		5
2737		3.1
2738		3.5
2739		3.64286
2740		3
2741		3.55556
2742		4
2743		3.58333
2744		3.33333
2745		3.77778
2746		2
2747		3.91667
2748		4
2749		3.66667
2750		4.5
2751		3.75
2752		4.5
2753		3.28571
2754		4
2755		3.66667
2756		3
2757		4.16667
2758		3.66667
2759		3.83333
2760		4
2761		4
2762		3.5
2763		4.16667
2764		3
2765		4
2766		4
2767		3.71429
2768		4
2769		2.75
2770		0
2771		4.9
2772		3.66667
2773		3.25
2774		2
2775		3.45455
2776		4.66667
2777		3.5
2778		2
2779		3.81818
2780		3.66667
2781		3.2
2782		0
2783		3.33333
2784		2.5
2785		3.375
2786		2
2787		4
2788		5
2789		3.77778
2790		4.5
2791		3.72727
2792		2
2793		3.66667
2794		4
2795		3.58333
2796		0
2797		4
2798		0
2799		4.08333
2800		5
2801		3.625
2802		0
2803		3.81818
2804		4
2805		4
2806		0
2807		3.63636
2808		4.33333
2809		3.42857
2810		2
2811		3.66667
2812		5
2813		3.625
2814		4
2815		2.85714
2816		4
2817		3.77778
2818		2.75
2819		3.7
2820		3
2821		3.375
2822		4
2823		3.26667
2824		2
2825		3.44444
2826		3
2827		3.75
2828		0
2829		3.77778
2830		4.5
2831		3.88889
2832		0
2833		3.7
2834		4
2835		3.6
2836		4.5
2837		4
2838		0
2839		4
2840		4.75
2841		3.5
2842		0
2843		3.42857
2844		4
2845		4.28571
2846		0
2847		3.55556
2848		4
2849		3.5
2850		0
2851		4.55556
2852		3
2853		4.7
2854		0
2855		3.33333
2856		4.25
2857		3.7
2858		2
2859		3.5
2860		3
2861		3.83333
2862		4
2863		3.15385
2864		2.66667
2865		3.7
2866		3
2867		3.55556
2868		4.33333
2869		4
2870		6.5
2871		4.3
2872		4.5
2873		3.71429
2874		4.5
2875		4
2876		4
2877		3.8
2878		4.5
2879		4.45455
2880		4
2881		3.85714
2882		3
2883		3.85714
2884		2.5
2885		4.2
2886		0
2887		3.84615
2888		4.5
2889		3.28571
2890		0
2891		4.27273
2892		3.5
2893		3.71429
2894		3.5
2895		3.5
2896		0
2897		3.625
2898		3
2899		3.54545
2900		2
2901		3.57143
2902		4
2903		3.35294
2904		0
2905		3.22222
2906		3
2907		3.8
2908		5
2909		4
2910		3
2911		3.9375
2912		4
2913		3.375
2914		9
2915		3.78947
2916		5
2917		4
2918		3.5
2919		4
2920		3.5
2921		3.5
2922		7
2923		3.73333
2924		3.5
2925		4.25
2926		0
2927		3.92308
2928		4.33333
2929		3.16667
2930		0
2931		3.75
2932		3
2933		4
2934		3
2935		3.42857
2936		4.5
2937		3.4
2938		3
2939		3.2
2940		2
2941		4.125
2942		3.25
2943		3
2944		2
2945		3
2946		3.5
2947		3.88889
2948		3
2949		4
2950		4.66667
2951		3.9
2952		2
2953		3.66667
2954		4
2955		3.5
2956		5
2957		3.85714
2958		4
2959		3.88889
2960		4.5
2961		3.66667
2962		0
2963		3.66667
2964		4
2965		4.66667
2966		0
2967		3.8
2968		4
2969		3.14286
2970		5
2971		5
2972		4
2973		3.5
2974		3
2975		4
2976		4.25
2977		3
2978		3.5
2979		3.58333
2980		3.2
2981		4
2982		3.33333
2983		3.46154
2984		3.25
2985		2.77778
2986		3.33333
2987		3.77778
2988		3.25
2989		4.4
2990		3.66667
2991		4.125
2992		5
2993		3.875
2994		2
2995		3.9
2996		4.5
2997		3.5
2998		4
2999		3.55556
3000		3
3001		3.72727
3002		0
3003		3.58333
3004		4
3005		3.66667
3006		4.5
3007		3.77778
3008		4
3009		3.66667
3010		3
3011		3.85714
3012		3.5
3013		3.33333
3014		2
3015		4
3016		0
3017		4.875
3018		4
3019		4
3020		0
3021		4
3022		0
3023		4
3024		0
3025		4
3026		0
3027		4
3028		0
3029		4
3030		0
3031		4
3032		0
3033		4
3034		0
3035		0
3036		0
3037		4
3038		0
3039		0
3040		0
3041		4
3042		0
3043		0
3044		0
3045		0
3046		0
3047		0
3048		0
3049		0
3050		0
3051		0
3052		0
3053		0
3054		0
3055		0
3056		0
3057		0
3058		0
3059		0
3060		0
3061		0
3062		0
3063		0
3064		0
3065		0
3066		0
3067		0
3068		0
3069		0
3070		0
3071		0
3072		0
3073		0
3074		0
3075		0
3076		0
3077		0
3078		0
3079		0
3080		0
3081		0
3082		0
3083		0
3084		0
3085		0
3086		0
3087		0
3088		0
3089		0
3090		0
3091		0
3092		0
3093		0
3094		0
3095		0
3096		0
3097		0
3098		0
3099		0
3100		0
3101		0
3102		0
3103		0
3104		0
3105		0
3106		0
3107		0
3108		0
3109		0
3110		0
3111		0
3112		0
3113		0
3114		0
3115		0
3116		0
3117		0
3118		0
3119		0
3120		0
3121		0
3122		0
3123		0
3124		0
3125		0
3126		0
3127		0
3128		0
3129		0
3130		0
3131		0
3132		0
3133		0
3134		0
3135		0
3136		0
3137		0
3138		0
3139		0
3140		0
3141		0
3142		0
3143		0
3144		0
3145		0
3146		0
3147		0
3148		0
3149		0
3150		0
3151		0
3152		0
3153		0
3154		0
3155		0
3156		0
3157		0
3158		0
3159		0
3160		0
3161		0
3162		0
3163		0
3164		0
3165		0
3166		0
3167		0
3168		0
3169		0
3170		0
3171		0
3172		0
3173		0
3174		0
3175		0
3176		0
3177		0
3178		0
3179		0
3180		0
3181		0
3182		0
3183		0
3184		0
3185		0
3186		0
3187		0
3188		0
3189		0
3190		0
3191		0
3192		0
3193		0
3194		0
3195		0
3196		0
3197		0
3198		0
3199		0
3200		0
3201		0
3202		0
3203		0
3204		0
3205		0
3206		0
3207		0
3208		0
3209		0
3210		0
3211		0
3212		0
3213		0
3214		0
3215		0
3216		0
3217		0
3218		0
3219		0
3220		0
3221		0
3222		0
3223		0
3224		0
3225		0
3226		0
3227		0
3228		0
3229		0
3230		0
3231		0
3232		0
3233		0
3234		0
3235		0
3236		0
3237		0
3238		0
3239		0
3240		0
3241		0
3242		0
3243		0
3244		0
3245		0
3246		0
3247		0
3248		0
3249		0
3250		0
3251		0
3252		0
3253		0
3254		0
3255		0
3256		0
3257		0
3258		0
3259		0
3260		0
3261		0
3262		0
3263		0
3264		0
3265		0
3266		0
3267		0
3268		0
3269		0
3270		0
3271		0
3272		0
3273		0
3274		0
3275		0
3276		0
3277		0
3278		0
3279		0
3280		0
3281		0
3282		0
3283		0
3284		0
3285		0
3286		0
3287		0
3288		0
3289		0
3290		0
3291		0
3292		0
3293		0
3294		0
3295		0
3296		0
3297		0
3298		0
3299		0
3300		0
3301		0
3302		0
3303		0
3304		0
3305		0
3306		0
3307		0
3308		0
3309		0
3310		0
3311		0
3312		0
3313		0
3314		0
3315		0
3316		0
3317		0
3318		0
3319		0
3320		0
3321		0
3322		0
3323		0
3324		0
3325		0
3326		0
3327		0
3328		0
3329		0
3330		0
3331		0
3332		0
3333		0
3334		0
3335		0
3336		0
3337		0
3338		0
3339		0
3340		0
3341		0
3342		0
3343		0
3344		0
3345		0
3346		0
3347		0
3348		0
3349		0
3350		0
3351		0
3352		0
3353		0
3354		0
3355		0
3356		0
3357		0
3358		0
3359		0
3360		0
3361		0
3362		0
3363		0
3364		0
3365		0
3366		0
3367		0
3368		0
3369		0
3370		0
3371		0
3372		0
3373		0
3374		0
3375		0
3376		0
3377		0
3378		0
3379		0
3380		0
3381		0
3382		0
3383		0
3384		0
3385		0
3386		0
3387		0
3388		0
3389		0
3390		0
3391		0
3392		0
3393		0
3394		0
3395		0
3396		0
3397		0
3398		0
3399		0
3400		0
3401		0
3402		0
3403		0
3404		0
3405		0
3406		0
3407		0
3408		0
3409		0
3410		0
3411		0
3412		0
3413		0
3414		0
3415		0
3416		0
3417		0
3418		0
3419		0
3420		0
3421		0
3422		0
3423		0
3424		0
3425		0
3426		0
3427		0
3428		0
3429		0
3430		0
3431		0
3432		0
3433		0
3434		0
3435		0
3436		0
3437		0
3438		0
3439		0
3440		0
3441		0
3442		0
3443		0
3444		0
3445		0
3446		0
3447		0
3448		0
3449		0
3450		0
3451		0
3452		0
3453		0
3454		0
3455		0
3456		0
3457		0
3458		0
3459		0
3460		0
3461		0
3462		0
3463		0
3464		0
3465		0
3466		0
3467		0
3468		0
3469		0
3470		0
3471		0
3472		0
3473		0
3474		0
3475		0
3476		0
3477		0
3478		0
3479		0
3480		0
3481		0
3482		0
3483		0
3484		0
3485		0
3486		0
3487		0
3488		0
3489		0
3490		0
3491		0
3492		0
3493		0
3494		0
3495		0
3496		0
3497		0
3498		0
3499		0
3500		0
3501		0
3502		0
3503		0
3504		0
3505		0
3506		0
3507		0
3508		0
3509		0
3510		0
3511		0
3512		0
3513		0
3514		0
3515		0
3516		0
3517		0
3518		0
3519		0
3520		0
3521		0
3522		0
3523		0
3524		0
3525		0
3526		0
3527		0
3528		0
3529		0
3530		0
3531		0
3532		0
3533		0
3534		0
3535		0
3536		0
3537		0
3538		0
3539		0
3540		0
3541		0
3542		0
3543		0
3544		0
3545		0
3546		0
3547		0
3548		0
3549		0
3550		0
3551		0
3552		0
3553		0
3554		0
3555		0
3556		0
3557		0
3558		0
3559		0
3560		0
3561		0
3562		0
3563		0
3564		0
3565		0
3566		0
3567		0
3568		0
3569		0
3570		0
3571		0
3572		0
3573		0
3574		0
3575		0
3576		0
3577		0
3578		0
3579		0
3580		0
3581		0
3582		0
3583		0
3584		0
3585		0
3586		0
3587		0
3588		0
3589		0
3590		0
3591		0
3592		0
3593		0
3594		0
3595		0
3596		0
3597		0
3598		0
3599		0
3600		0
3601		0
3602		0
3603		0
3604		0
3605		0
3606		0
3607		0
3608		0
3609		0
3610		0
3611		0
3612		0
3613		0
3614		0
3615		0
3616		0
3617		0
3618		0
3619		0
3620		0
3621		0
3622		0
3623		0
3624		0
3625		0
3626		0
3627		0
3628		0
3629		0
3630		0
3631		0
3632		0
3633		0
3634		0
3635		0
3636		0
3637		0
3638		0
3639		0
3640		0
3641		0
3642		0
3643		0
3644		0
3645		0
3646		0
3647		0
3648		0
3649		0
3650		0
3651		0
3652		0
3653		0
3654		0
3655		0
3656		0
3657		0
3658		0
3659		0
3660		0
3661		0
3662		0
3663		0
3664		0
3665		0
3666		0
3667		0
3668		0
3669		0
3670		0
3671		0
3672		0
3673		0
3674		0
3675		0
3676		0
3677		0
3678		0
3679		0
3680		0
3681		0
3682		0
3683		0
3684		0
3685		0
3686		0
3687		0
3688		0
3689		0
3690		0
3691		0
3692		0
3693		0
3694		0
3695		0
3696		0
3697		0
3698		0
3699		0
3700		0
3701		0
3702		0
3703		0
3704		0
3705		0
3706		0
3707		0
3708		0
3709		0
3710		0
3711		0
3712		0
3713		0
3714		0
3715		0
3716		0
3717		0
3718		0
3719		0
3720		0
3721		0
3722		0
3723		0
3724		0
3725		0
3726		0
3727		0
3728		0
3729		0
3730		0
3731		0
3732		0
3733		0
3734		0
3735		0
3736		0
3737		0
3738		0
3739		0
3740		0
3741		0
3742		0
3743		0
3744		0
3745		0
3746		0
3747		0
3748		0
3749		0
3750		0
3751		0
3752		0
3753		0
3754		0
3755		0
3756		0
3757		0
3758		0
3759		0
3760		0
3761		0
3762		0
3763		0
3764		0
3765		0
3766		0
3767		0
3768		0
3769		0
3770		0
3771		0
3772		0
3773		0
3774		0
3775		0
3776		0
3777		0
3778		0
3779		0
3780		0
3781		0
3782		0
3783		0
3784		0
3785		0
3786		0
3787		0
3788		0
3789		0
3790		0
3791		0
3792		0
3793		0
3794		0
3795		0
3796		0
3797		0
3798		0
3799		0
3800		0
3801		0
3802		0
3803		0
3804		0
3805		0
3806		0
3807		0
3808		0
3809		0
3810		0
3811		0
3812		0
3813		0
3814		0
3815		0
3816		0
3817		0
3818		0
3819		0
3820		0
3821		0
3822		0
3823		0
3824		0
3825		0
3826		0
3827		0
3828		0
3829		0
3830		0
3831		0
3832		0
3833		0
3834		0
3835		0
3836		0
3837		0
3838		0
3839		0
3840		0
3841		0
3842		0
3843		0
3844		0
3845		0
3846		0
3847		0
3848		0
3849		0
3850		0
3851		0
3852		0
3853		0
3854		0
3855		0
3856		0
3857		0
3858		0
3859		0
3860		0
3861		0
3862		0
3863		0
3864		0
3865		0
3866		0
3867		0
3868		0
3869		0
3870		0
3871		0
3872		0
3873		0
3874		0
3875		0
3876		0
3877		0
3878		0
3879		0
3880		0
3881		0
3882		0
3883		0
3884		0
3885		0
3886		0
3887		0
3888		0
3889		0
3890		0
3891		0
3892		0
3893		0
3894		0
3895		0
3896		0
3897		0
3898		0
3899		0
3900		0
3901		0
3902		0
3903		0
3904		0
3905		0
3906		0
3907		0
3908		0
3909		0
3910		0
3911		0
3912		0
3913		0
3914		0
3915		0
3916		0
3917		0
3918		0
3919		0
3920		0
3921		0
3922		0
3923		0
3924		0
3925		0
3926		0
3927		0
3928		0
3929		0
3930		0
3931		0
3932		0
3933		0
3934		0
3935		0
3936		0
3937		0
3938		0
3939		0
3940		0
3941		0
3942		0
3943		0
3944		0
3945		0
3946		0
3947		0
3948		0
3949		0
3950		0
3951		0
3952		0
3953		0
3954		0
3955		0
3956		0
3957		0
3958		0
3959		0
3960		0
3961		0
3962		0
3963		0
3964		0
3965		0
3966		0
3967		0
3968		0
3969		0
3970		0
3971		0
3972		0
3973		0
3974		0
3975		0
3976		0
3977		0
3978		0
3979		0
3980		0
3981		0
3982		0
3983		0
3984		0
3985		0
3986		0
3987		0
3988		0
3989		0
3990		0
3991		0
3992		0
3993		0
3994		0
3995		0
3996		0
3997		0
3998		0
3999		0
4000		0
4001		0
4002		0
4003		0
4004		0
4005		0
4006		0
4007		0
4008		0
4009		0
4010		0
4011		0
4012		0
4013		0
4014		0
4015		0
4016		0
4017		0
4018		0
4019		0
4020		0
4021		0
4022		0
4023		0
4024		0
4025		0
4026		0
4027		0
4028		0
4029		0
4030		0
4031		0
4032		0
4033		0
4034		0
4035		0
4036		0
4037		0
4038		0
4039		0
4040		0
4041		0
4042		0
4043		0
4044		0
4045		0
4046		0
4047		0
4048		0
4049		0
4050		0
4051		0
4052		0
4053		0
4054		0
4055		0
4056		0
4057		0
4058		0
4059		0
4060		0
4061		0
4062		0
4063		0
4064		0
4065		0
4066		0
4067		0
4068		0
4069		0
4070		0
4071		0
4072		0
4073		0
4074		0
4075		0
4076		0
4077		0
4078		0
4079		0
4080		0
4081		0
4082		0
4083		0
4084		0
4085		0
4086		0
4087		0
4088		0
4089		0
4090		0
4091		0
4092		0
4093		0
4094		0
4095		0
4096		0
4097		0
4098		0
4099		0
4100		0
4101		0
4102		0
4103		0
4104		0
4105		0
4106		0
4107		0
4108		0
4109		0
4110		0
4111		0
4112		0
4113		0
4114		0
4115		0
4116		0
4117		0
4118		0
4119		0
4120		0
4121		0
4122		0
4123		0
4124		0
4125		0
4126		0
4127		0
4128		0
4129		0
4130		0
4131		0
4132		0
4133		0
4134		0
4135		0
4136		0
4137		0
4138		0
4139		0
4140		0
4141		0
4142		0
4143		0
4144		0
4145		0
4146		0
4147		0
4148		0
4149		0
4150		0
4151		0
4152		0
4153		0
4154		0
4155		0
4156		0
4157		0
4158		0
4159		0
4160		0
4161		0
4162		0
4163		0
4164		0
4165		0
4166		0
4167		0
4168		0
4169		0
4170		0
4171		0
4172		0
4173		0
4174		0
4175		0
4176		0
4177		0
4178		0
4179		0
4180		0
4181		0
4182		0
4183		0
4184		0
4185		0
4186		0
4187		0
4188		0
4189		0
4190		0
4191		0
4192		0
4193		0
4194		0
4195		0
4196		0
4197		0
4198		0
4199		0
4200		0
4201		0
4202		0
4203		0
4204		0
4205		0
4206		0
4207		0
4208		0
4209		0
4210		0
4211		0
4212		0
4213		0
4214		0
4215		0
4216		0
4217		0
4218		0
4219		0
4220		0
4221		0
4222		0
4223		0
4224		0
4225		0
4226		0
4227		0
4228		0
4229		0
4230		0
4231		0
4232		0
4233		0
4234		0
4235		0
4236		0
4237		0
4238		0
4239		0
4240		0
4241		0
4242		0
4243		0
4244		0
4245		0
4246		0
4247		0
4248		0
4249		0
4250		0
4251		0
4252		0
4253		0
4254		0
4255		0
4256		0
4257		0
4258		0
4259		0
4260		0
4261		0
4262		0
4263		0
4264		0
4265		0
4266		0
4267		0
4268		0
4269		0
4270		0
4271		0
4272		0
4273		0
4274		0
4275		0
4276		0
4277		0
4278		0
4279		0
4280		0
4281		0
4282		0
4283		0
4284		0
4285		0
4286		0
4287		0
4288		0
4289		0
4290		0
4291		0
4292		0
4293		0
4294		0
4295		0
4296		0
4297		0
4298		0
4299		0
4300		0
4301		0
4302		0
4303		0
4304		0
4305		0
4306		0
4307		0
4308		0
4309		0
4310		0
4311		0
4312		0
4313		0
4314		0
4315		0
4316		0
4317		0
4318		0
4319		0
4320		0
4321		0
4322		0
4323		0
4324		0
4325		0
4326		0
4327		0
4328		0
4329		0
4330		0
4331		0
4332		0
4333		0
4334		0
4335		0
4336		0
4337		0
4338		0
4339		0
4340		0
4341		0
4342		0
4343		0
4344		0
4345		0
4346		0
4347		0
4348		0
4349		0
4350		0
4351		0
4352		0
4353		0
4354		0
4355		0
4356		0
4357		0
4358		0
4359		0
4360		0
4361		0
4362		0
4363		0
4364		0
4365		0
4366		0
4367		0
4368		0
4369		0
4370		0
4371		0
4372		0
4373		0
4374		0
4375		0
4376		0
4377		0
4378		0
4379		0
4380		0
4381		0
4382		0
4383		0
4384		0
4385		0
4386		0
4387		0
4388		0
4389		0
4390		0
4391		0
4392		0
4393		0
4394		0
4395		0
4396		0
4397		0
4398		0
4399		0
4400		0
4401		0
4402		0
4403		0
4404		0
4405		0
4406		0
4407		0
4408		0
4409		0
4410		0
4411		0
4412		0
4413		0
4414		0
4415		0
4416		0
4417		0
4418		0
4419		0
4420		0
4421		0
4422		0
4423		0
4424		0
4425		0
4426		0
4427		0
4428		0
4429		0
4430		0
4431		0
4432		0
4433		0
4434		0
4435		0
4436		0
4437		0
4438		0
4439		0
4440		0
4441		0
4442		0
4443		0
4444		0
4445		0
4446		0
4447		0
4448		0
4449		0
4450		0
4451		0
4452		0
4453		0
4454		0
4455		0
4456		0
4457		0
4458		0
4459		0
4460		0
4461		0
4462		0
4463		0
4464		0
4465		0
4466		0
4467		0
4468		0
4469		0
4470		0
4471		0
4472		0
4473		0
4474		0
4475		0
4476		0
4477		0
4478		0
4479		0
4480		0
4481		0
4482		0
4483		0
4484		0
4485		0
4486		0
4487		0
4488		0
4489		0
4490		0
4491		0
4492		0
4493		0
4494		0
4495		0
4496		0
4497		0
4498		0
4499		0
4500		0
4501		0
4502		0
4503		0
4504		0
4505		0
4506		0
4507		0
4508		0
4509		0
4510		0
4511		0
4512		0
4513		0
4514		0
4515		0
4516		0
4517		0
4518		0
4519		0
4520		0
4521		0
4522		0
4523		0
4524		0
4525		0
4526		0
4527		0
4528		0
4529		0
4530		0
4531		0
4532		0
4533		0
4534		0
4535		0
4536		0
4537		0
4538		0
4539		0
4540		0
4541		0
4542		0
4543		0
4544		0
4545		0
4546		0
4547		0
4548		0
4549		0
4550		0
4551		0
4552		0
4553		0
4554		0
4555		0
4556		0
4557		0
4558		0
4559		0
4560		0
4561		0
4562		0
4563		0
4564		0
4565		0
4566		0
4567		0
4568		0
4569		0
4570		0
4571		0
4572		0
4573		0
4574		0
4575		0
4576		0
4577		0
4578		0
4579		0
4580		0
4581		0
4582		0
4583		0
4584		0
4585		0
4586		0
4587		0
4588		0
4589		0
4590		0
4591		0
4592		0
4593		0
4594		0
4595		0
4596		0
4597		0
4598		0
4599		0
4600		0
4601		0
4602		0
4603		0
4604		0
4605		0
4606		0
4607		0
4608		0
4609		0
4610		0
4611		0
4612		0
4613		0
4614		0
4615		0
4616		0
4617		0
4618		0
4619		0
4620		0
4621		0
4622		0
4623		0
4624		0
4625		0
4626		0
4627		0
4628		0
4629		0
4630		0
4631		0
4632		0
4633		0
4634		0
4635		0
4636		0
4637		0
4638		0
4639		0
4640		0
4641		0
4642		0
4643		0
4644		0
4645		0
4646		0
4647		0
4648		0
4649		0
4650		0
4651		0
4652		0
4653		0
4654		0
4655		0
4656		0
4657		0
4658		0
4659		0
4660		0
4661		0
4662		0
4663		0
4664		0
4665		0
4666		0
4667		0
4668		0
4669		0
4670		0
4671		0
4672		0
4673		0
4674		0
4675		0
4676		0
4677		0
4678		0
4679		0
4680		0
4681		0
4682		0
4683		0
4684		0
4685		0
4686		0
4687		0
4688		0
4689		0
4690		0
4691		0
4692		0
4693		0
4694		0
4695		0
4696		0
4697		0
4698		0
4699		0
4700		0
4701		0
4702		0
4703		0
4704		0
4705		0
4706		0
4707		0
4708		0
4709		0
4710		0
4711		0
4712		0
4713		0
4714		0
4715		0
4716		0
4717		0
4718		0
4719		0
4720		0
4721		0
4722		0
4723		0
4724		0
4725		0
4726		0
4727		0
4728		0
4729		0
4730		0
4731		0
4732		0
4733		0
4734		0
4735		0
4736		0
4737		0
4738		0
4739		0
4740		0
4741		0
4742		0
4743		0
4744		0
4745		0
4746		0
4747		0
4748		0
4749		0
4750		0
4751		0
4752		0
4753		0
4754		0
4755		0
4756		0
4757		0
4758		0
4759		0
4760		0
4761		0
4762		0
4763		0
4764		0
4765		0
4766		0
4767		0
4768		0
4769		0
4770		0
4771		0
4772		0
4773		0
4774		0
4775		0
4776		0
4777		0
4778		0
4779		0
4780		0
4781		0
4782		0
4783		0
4784		0
4785		0
4786		0
4787		0
4788		0
4789		0
4790		0
4791		0
4792		0
4793		0
4794		0
4795		0
4796		0
4797		0
4798		0
4799		0
4800		0
4801		0
4802		0
4803		0
4804		0
4805		0
4806		0
4807		0
4808		0
4809		0
4810		0
4811		0
4812		0
4813		0
4814		0
4815		0
4816		0
4817		0
4818		0
4819		0
4820		0
4821		0
4822		0
4823		0
4824		0
4825		0
4826		0
4827		0
4828		0
4829		0
4830		0
4831		0
4832		0
4833		0
4834		0
4835		0
4836		0
4837		0
4838		0
4839		0
4840		0
4841		0
4842		0
4843		0
4844		0
4845		0
4846		0
4847		0
4848		0
4849		0
4850		0
4851		0
4852		0
4853		0
4854		0
4855		0
4856		0
4857		0
4858		0
4859		0
4860		0
4861		0
4862		0
4863		0
4864		0
4865		0
4866		0
4867		0
4868		0
4869		0
4870		0
4871		0
4872		0
4873		0
4874		0
4875		0
4876		0
4877		0
4878		0
4879		0
4880		0
4881		0
4882		0
4883		0
4884		0
4885		0
4886		0
4887		0
4888		0
4889		0
4890		0
4891		0
4892		0
4893		0
4894		0
4895		0
4896		0
4897		0
4898		0
4899		0
4900		0
4901		0
4902		0
4903		0
4904		0
4905		0
4906		0
4907		0
4908		0
4909		0
4910		0
4911		0
4912		0
4913		0
4914		0
4915		0
4916		0
4917		0
4918		0
4919		0
4920		0
4921		0
4922		0
4923		0
4924		0
4925		0
4926		0
4927		0
4928		0
4929		0
4930		0
4931		0
4932		0
4933		0
4934		0
4935		0
4936		0
4937		0
4938		0
4939		0
4940		0
4941		0
4942		0
4943		0
4944		0
4945		0
4946		0
4947		0
4948		0
4949		0
4950		0
4951		0
4952		0
4953		0
4954		0
4955		0
4956		0
4957		0
4958		0
4959		0
4960		0
4961		0
4962		0
4963		0
4964		0
4965		0
4966		0
4967		0
4968		0
4969		0
4970		0
4971		0
4972		0
4973		0
4974		0
4975		0
4976		0
4977		0
4978		0
4979		0
4980		0
4981		0
4982		0
4983		0
4984		0
4985		0
4986		0
4987		0
4988		0
4989		0
4990		0
4991		0
4992		0
4993		0
4994		0
4995		0
4996		0
4997		0
4998		0
4999		0
5000		0
5001		0
5002		0
5003		0
5004		0
5005		0
5006		0
5007		0
5008		0
5009		0
5010		0
5011		0
5012		0
5013		0
5014		0
5015		0
5016		0
5017		0
5018		0
5019		0
5020		0
5021		0
5022		0
5023		0
5024		0
5025		0
5026		0
5027		0
5028		0
5029		0
5030		0
5031		0
5032		0
5033		0
5034		0
5035		0
5036		0
5037		0
5038		0
5039		0
5040		0
5041		0
5042		0
5043		0
5044		0
5045		0
5046		0
5047		0
5048		0
5049		0
5050		0
5051		0
5052		0
5053		0
5054		0
5055		0
5056		0
5057		0
5058		0
5059		0
5060		0
5061		0
5062		0
5063		0
5064		0
5065		0
5066		0
5067		0
5068		0
5069		0
5070		0
5071		0
5072		0
5073		0
5074		0
5075		0
5076		0
5077		0
5078		0
5079		0
5080		0
5081		0
5082		0
5083		0
5084		0
5085		0
5086		0
5087		0
5088		0
5089		0
5090		0
5091		0
5092		0
5093		0
5094		0
5095		0
5096		0
5097		0
5098		0
5099		0
5100		0
5101		0
5102		0
5103		0
5104		0
5105		0
5106		0
5107		0
5108		0
5109		0
5110		0
5111		0
5112		0
5113		0
5114		0
5115		0
5116		0
5117		0
5118		0
5119		0
5120		0
5121		0
5122		0
5123		0
5124		0
5125		0
5126		0
5127		0
5128		0
5129		0
5130		0
5131		0
5132		0
5133		0
5134		0
5135		0
5136		0
5137		0
5138		0
5139		0
5140		0
5141		0
5142		0
5143		0
5144		0
5145		0
5146		0
5147		0
5148		0
5149		0
5150		0
5151		0
5152		0
5153		0
5154		0
5155		0
5156		0
5157		0
5158		0
5159		0
5160		0
5161		0
5162		0
5163		0
5164		0
5165		0
5166		0
5167		0
5168		0
5169		0
5170		0
5171		0
5172		0
5173		0
5174		0
5175		0
5176		0
5177		0
5178		0
5179		0
5180		0
5181		0
5182		0
5183		0
5184		0
5185		0
5186		0
5187		0
5188		0
5189		0
5190		0
5191		0
5192		0
5193		0
5194		0
5195		0
5196		0
5197		0
5198		0
5199		0
5200		0
5201		0
5202		0
5203		0
5204		0
5205		0
5206		0
5207		0
5208		0
5209		0
5210		0
5211		0
5212		0
5213		0
5214		0
5215		0
5216		0
5217		0
5218		0
5219		0
5220		0
5221		0
5222		0
5223		0
5224		0
5225		0
5226		0
5227		0
5228		0
5229		0
5230		0
5231		0
5232		0
5233		0
5234		0
5235		0
5236		0
5237		0
5238		0
5239		0
5240		0
5241		0
5242		0
5243		0
5244		0
5245		0
5246		0
5247		0
5248		0
5249		0
5250		0
5251		0
5252		0
5253		0
5254		0
5255		0
5256		0
5257		0
5258		0
5259		0
5260		0
5261		0
5262		0
5263		0
5264		0
5265		0
5266		0
5267		0
5268		0
5269		0
5270		0
5271		0
5272		0
5273		0
5274		0
5275		0
5276		0
5277		0
5278		0
5279		0
5280		0
5281		0
5282		0
5283		0
5284		0
5285		0
5286		0
5287		0
5288		0
5289		0
5290		0
5291		0
5292		0
5293		0
5294		0
5295		0
5296		0
5297		0
5298		0
5299		0
5300		0
5301		0
5302		0
5303		0
5304		0
5305		0
5306		0
5307		0
5308		0
5309		0
5310		0
5311		0
5312		0
5313		0
5314		0
5315		0
5316		0
5317		0
5318		0
5319		0
5320		0
5321		0
5322		0
5323		0
5324		0
5325		0
5326		0
5327		0
5328		0
5329		0
5330		0
5331		0
5332		0
5333		0
5334		0
5335		0
5336		0
5337		0
5338		0
5339		0
5340		0
5341		0
5342		0
5343		0
5344		0
5345		0
5346		0
5347		0
5348		0
5349		0
5350		0
5351		0
5352		0
5353		0
5354		0
5355		0
5356		0
5357		0
5358		0
5359		0
5360		0
5361		0
5362		0
5363		0
5364		0
5365		0
5366		0
5367		0
5368		0
5369		0
5370		0
5371		0
5372		0
5373		0
5374		0
5375		0
5376		0
5377		0
5378		0
5379		0
5380		0
5381		0
5382		0
5383		0
5384		0
5385		0
5386		0
5387		0
5388		0
5389		0
5390		0
5391		0
5392		0
5393		0
5394		0
5395		0
5396		0
5397		0
5398		0
5399		0
5400		0
5401		0
5402		0
5403		0
5404		0
5405		0
5406		0
5407		0
5408		0
5409		0
5410		0
5411		0
5412		0
5413		0
5414		0
5415		0
5416		0
5417		0
5418		0
5419		0
5420		0
5421		0
5422		0
5423		0
5424		0
5425		0
5426		0
5427		0
5428		0
5429		0
5430		0
5431		0
5432		0
5433		0
5434		0
5435		0
5436		0
5437		0
5438		0
5439		0
5440		0
5441		0
5442		0
5443		0
5444		0
5445		0
5446		0
5447		0
5448		0
5449		0
5450		0
5451		0
5452		0
5453		0
5454		0
5455		0
5456		0
5457		0
5458		0
5459		0
5460		0
5461		0
5462		0
5463		0
5464		0
5465		0
5466		0
5467		0
5468		0
5469		0
5470		0
5471		0
5472		0
5473		0
5474		0
5475		0
5476		0
5477		0
5478		0
5479		0
5480		0
5481		0
5482		0
5483		0
5484		0
5485		0
5486		0
5487		0
5488		0
5489		0
5490		0
5491		0
5492		0
5493		0
5494		0
5495		0
5496		0
5497		0
5498		0
5499		0
5500		0
5501		0
5502		0
5503		0
5504		0
5505		0
5506		0
5507		0
5508		0
5509		0
5510		0
5511		0
5512		0
5513		0
5514		0
5515		0
5516		0
5517		0
5518		0
5519		0
5520		0
5521		0
5522		0
5523		0
5524		0
5525		0
5526		0
5527		0
5528		0
5529		0
5530		0
5531		0
5532		0
5533		0
5534		0
5535		0
5536		0
5537		0
5538		0
5539		0
5540		0
5541		0
5542		0
5543		0
5544		0
5545		0
5546		0
5547		0
5548		0
5549		0
5550		0
5551		0
5552		0
5553		0
5554		0
5555		0
5556		0
5557		0
5558		0
5559		0
5560		0
5561		0
5562		0
5563		0
5564		0
5565		0
5566		0
5567		0
5568		0
5569		0
5570		0
5571		0
5572		0
5573		0
5574		0
5575		0
5576		0
5577		0
5578		0
5579		0
5580		0
5581		0
5582		0
5583		0
5584		0
5585		0
5586		0
5587		0
5588		0
5589		0
5590		0
5591		0
5592		0
5593		0
5594		0
5595		0
5596		0
5597		0
5598		0
5599		0
5600		0
5601		0
5602		0
5603		0
5604		0
5605		0
5606		0
5607		0
5608		0
5609		0
5610		0
5611		0
5612		0
5613		0
5614		0
5615		0
5616		0
5617		0
5618		0
5619		0
5620		0
5621		0
5622		0
5623		0
5624		0
5625		0
5626		0
5627		0
5628		0
5629		0
5630		0
5631		0
5632		0
5633		0
5634		0
5635		0
5636		0
5637		0
5638		0
5639		0
5640		0
5641		0
5642		0
5643		0
5644		0
5645		0
5646		0
5647		0
5648		0
5649		0
5650		0
5651		0
5652		0
5653		0
5654		0
5655		0
5656		0
5657		0
5658		0
5659		0
5660		0
5661		0
5662		0
5663		0
5664		0
5665		0
5666		0
5667		0
5668		0
5669		0
5670		0
5671		0
5672		0
5673		0
5674		0
5675		0
5676		0
5677		0
5678		0
5679		0
5680		0
5681		0
5682		0
5683		0
5684		0
5685		0
5686		0
5687		0
5688		0
5689		0
5690		0
5691		0
5692		0
5693		0
5694		0
5695		0
5696		0
5697		0
5698		0
5699		0
5700		0
5701		0
5702		0
5703		0
5704		0
5705		0
5706		0
5707		0
5708		0
5709		0
5710		0
5711		0
5712		0
5713		0
5714		0
5715		0
5716		0
5717		0
5718		0
5719		0
5720		0
5721		0
5722		0
5723		0
5724		0
5725		0
5726		0
5727		0
5728		0
5729		0
5730		0
5731		0
5732		0
5733		0
5734		0
5735		0
5736		0
5737		0
5738		0
5739		0
5740		0
5741		0
5742		0
5743		0
5744		0
5745		0
5746		0
5747		0
5748		0
5749		0
5750		0
5751		0
5752		0
5753		0
5754		0
5755		0
5756		0
5757		0
5758		0
5759		0
5760		0
5761		0
5762		0
5763		0
5764		0
5765		0
5766		0
5767		0
5768		0
5769		0
5770		0
5771		0
5772		0
5773		0
5774		0
5775		0
5776		0
5777		0
5778		0
5779		0
5780		0
5781		0
5782		0
5783		0
5784		0
5785		0
5786		0
5787		0
5788		0
5789		0
5790		0
5791		0
5792		0
5793		0
5794		0
5795		0
5796		0
5797		0
5798		0
5799		0
5800		0
5801		0
5802		0
5803		0
5804		0
5805		0
5806		0
5807		0
5808		0
5809		0
5810		0
5811		0
5812		0
5813		0
5814		0
5815		0
5816		0
5817		0
5818		0
5819		0
5820		0
5821		0
5822		0
5823		0
5824		0
5825		0
5826		0
5827		0
5828		0
5829		0
5830		0
5831		0
5832		0
5833		0
5834		0
5835		0
5836		0
5837		0
5838		0
5839		0
5840		0
5841		0
5842		0
5843		0
5844		0
5845		0
5846		0
5847		0
5848		0
5849		0
5850		0
5851		0
5852		0
5853		0
5854		0
5855		0
5856		0
5857		0
5858		0
5859		0
5860		0
5861		0
5862		0
5863		0
5864		0
5865		0
5866		0
5867		0
5868		0
5869		0
5870		0
5871		0
5872		0
5873		0
5874		0
5875		0
5876		0
5877		0
5878		0
5879		0
5880		0
5881		0
5882		0
5883		0
5884		0
5885		0
5886		0
5887		0
5888		0
5889		0
5890		0
5891		0
5892		0
5893		0
5894		0
5895		0
5896		0
5897		0
5898		0
5899		0
5900		0
5901		0
5902		0
5903		0
5904		0
5905		0
5906		0
5907		0
5908		0
5909		0
5910		0
5911		0
5912		0
5913		0
5914		0
5915		0
5916		0
5917		0
5918		0
5919		0
5920		0
5921		0
5922		0
5923		0
5924		0
5925		0
5926		0
5927		0
5928		0
5929		0
5930		0
5931		0
5932		0
5933		0
5934		0
5935		0
5936		0
5937		0
5938		0
5939		0
5940		0
5941		0
5942		0
5943		0
5944		0
5945		0
5946		0
5947		0
5948		0
5949		0
5950		0
5951		0
5952		0
5953		0
5954		0
5955		0
5956		0
5957		0
5958		0
5959		0
5960		0
5961		0
5962		0
5963		0
5964		0
5965		0
5966		0
5967		0
5968		0
5969		0
5970		0
5971		0
5972		0
5973		0
5974		0
5975		0
5976		0
5977		0
5978		0
5979		0
5980		0
5981		0
5982		0
5983		0
5984		0
5985		0
5986		0
5987		0
5988		0
5989		0
5990		0
5991		0
5992		0
5993		0
5994		0
5995		0
5996		0
5997		0
5998		0
5999		0
6000		0
6001		0
6002		0
6003		0
6004		0
6005		0
6006		0
6007		0
6008		0
6009		0
6010		0
6011		0
6012		0
6013		0
6014		0
6015		0
6016		0
6017		0
6018		0
6019		0
6020		0
6021		0
6022		0
6023		0
6024		0
6025		0
6026		0
6027		0
6028		0
6029		0
6030		0
6031		0
6032		0
6033		0
6034		0
6035		0
6036		0
6037		0
6038		0
6039		0
6040		0
6041		0
6042		0
6043		0
6044		0
6045		0
6046		0
6047		0
6048		0
6049		0
6050		0
6051		0
6052		0
6053		0
6054		0
6055		0
6056		0
6057		0
6058		0
6059		0
6060		0
6061		0
6062		0
6063		0
6064		0
6065		0
6066		0
6067		0
6068		0
6069		0
6070		0
6071		0
6072		0
6073		0
6074		0
6075		0
6076		0
6077		0
6078		0
6079		0
6080		0
6081		0
6082		0
6083		0
6084		0
6085		0
6086		0
6087		0
6088		0
6089		0
6090		0
6091		0
6092		0
6093		0
6094		0
6095		0
6096		0
6097		0
6098		0
6099		0
6100		0
6101		0
6102		0
6103		0
6104		0
6105		0
6106		0
6107		0
6108		0
6109		0
6110		0
6111		0
6112		0
6113		0
6114		0
6115		0
6116		0
6117		0
6118		0
6119		0
6120		0
6121		0
6122		0
6123		0
6124		0
6125		0
6126		0
6127		0
6128		0
6129		0
6130		0
6131		0
6132		0
6133		0
6134		0
6135		0
6136		0
6137		0
6138		0
6139		0
6140		0
6141		0
6142		0
6143		0
6144		0
6145		0
6146		0
6147		0
6148		0
6149		0
6150		0
6151		0
6152		0
6153		0
6154		0
6155		0
6156		0
6157		0
6158		0
6159		0
6160		0
6161		0
6162		0
6163		0
6164		0
6165		0
6166		0
6167		0
6168		0
6169		0
6170		0
6171		0
6172		0
6173		0
6174		0
6175		0
6176		0
6177		0
6178		0
6179		0
6180		0
6181		0
6182		0
6183		0
6184		0
6185		0
6186		0
6187		0
6188		0
6189		0
6190		0
6191		0
6192		0
6193		0
6194		0
6195		0
6196		0
6197		0
6198		0
6199		0
6200		0
6201		0
6202		0
6203		0
6204		0
6205		0
6206		0
6207		0
6208		0
6209		0
6210		0
6211		0
6212		0
6213		0
6214		0
6215		0
6216		0
6217		0
6218		0
6219		0
6220		0
6221		0
6222		0
6223		0
6224		0
6225		0
6226		0
6227		0
6228		0
6229		0
6230		0
6231		0
6232		0
6233		0
6234		0
6235		0
6236		0
6237		0
6238		0
6239		0
6240		0
6241		0
6242		0
6243		0
6244		0
6245		0
6246		0
6247		0
6248		0
6249		0
6250		0
6251		0
6252		0
6253		0
6254		0
6255		0
6256		0
6257		0
6258		0
6259		0
6260		0
6261		0
6262		0
6263		0
6264		0
6265		0
6266		0
6267		0
6268		0
6269		0
6270		0
6271		0
6272		0
6273		0
6274		0
6275		0
6276		0
6277		0
6278		0
6279		0
6280		0
6281		0
6282		0
6283		0
6284		0
6285		0
6286		0
6287		0
6288		0
6289		0
6290		0
6291		0
6292		0
6293		0
6294		0
6295		0
6296		0
6297		0
6298		0
6299		0
6300		0
6301		0
6302		0
6303		0
6304		0
6305		0
6306		0
6307		0
6308		0
6309		0
6310		0
6311		0
6312		0
6313		0
6314		0
6315		0
6316		0
6317		0
6318		0
6319		0
6320		0
6321		0
6322		0
6323		0
6324		0
6325		0
6326		0
6327		0
6328		0
6329		0
6330		0
6331		0
6332		0
6333		0
6334		0
6335		0
6336		0
6337		0
6338		0
6339		0
6340		0
6341		0
6342		0
6343		0
6344		0
6345		0
6346		0
6347		0
6348		0
6349		0
6350		0
6351		0
6352		0
6353		0
6354		0
6355		0
6356		0
6357		0
6358		0
6359		0
6360		0
6361		0
6362		0
6363		0
6364		0
6365		0
6366		0
6367		0
6368		0
6369		0
6370		0
6371		0
6372		0
6373		0
6374		0
6375		0
6376		0
6377		0
6378		0
6379		0
6380		0
6381		0
6382		0
6383		0
6384		0
6385		0
6386		0
6387		0
6388		0
6389		0
6390		0
6391		0
6392		0
6393		0
6394		0
6395		0
6396		0
6397		0
6398		0
6399		0
6400		0
6401		0
6402		0
6403		0
6404		0
6405		0
6406		0
6407		0
6408		0
6409		0
6410		0
6411		0
6412		0
6413		0
6414		0
6415		0
6416		0
6417		0
6418		0
6419		0
6420		0
6421		0
6422		0
6423		0
6424		0
6425		0
6426		0
6427		0
6428		0
6429		0
6430		0
6431		0
6432		0
6433		0
6434		0
6435		0
6436		0
6437		0
6438		0
6439		0
6440		0
6441		0
6442		0
6443		0
6444		0
6445		0
6446		0
6447		0
6448		0
6449		0
6450		0
6451		0
6452		0
6453		0
6454		0
6455		0
6456		0
6457		0
6458		0
6459		0
6460		0
6461		0
6462		0
6463		0
6464		0
6465		0
6466		0
6467		0
6468		0
6469		0
6470		0
6471		0
6472		0
6473		0
6474		0
6475		0
6476		0
6477		0
6478		0
6479		0
6480		0
6481		0
6482		0
6483		0
6484		0
6485		0
6486		0
6487		0
6488		0
6489		0
6490		0
6491		0
6492		0
6493		0
6494		0
6495		0
6496		0
6497		0
6498		0
6499		0
6500		0
6501		0
6502		0
6503		0
6504		0
6505		0
6506		0
6507		0
6508		0
6509		0
6510		0
6511		0
6512		0
6513		0
6514		0
6515		0
6516		0
6517		0
6518		0
6519		0
6520		0
6521		0
6522		0
6523		0
6524		0
6525		0
6526		0
6527		0
6528		0
6529		0
6530		0
6531		0
6532		0
6533		0
6534		0
6535		0
6536		0
6537		0
6538		0
6539		0
6540		0
6541		0
6542		0
6543		0
6544		0
6545		0
6546		0
6547		0
6548		0
6549		0
6550		0
6551		0
6552		0
6553		0
6554		0
6555		0
6556		0
6557		0
6558		0
6559		0
6560		0
6561		0
6562		0
6563		0
6564		0
6565		0
6566		0
6567		0
6568		0
6569		0
6570		0
6571		0
6572		0
6573		0
6574		0
6575		0
6576		0
6577		0
6578		0
6579		0
6580		0
6581		0
6582		0
6583		0
6584		0
6585		0
6586		0
6587		0
6588		0
6589		0
6590		0
6591		0
6592		0
6593		0
6594		0
6595		0
6596		0
6597		0
6598		0
6599		0
6600		0
6601		0
6602		0
6603		0
6604		0
6605		0
6606		0
6607		0
6608		0
6609		0
6610		0
6611		0
6612		0
6613		0
6614		0
6615		0
6616		0
6617		0
6618		0
6619		0
6620		0
6621		0
6622		0
6623		0
6624		0
6625		0
6626		0
6627		0
6628		0
6629		0
6630		0
6631		0
6632		0
6633		0
6634		0
6635		0
6636		0
6637		0
6638		0
6639		0
6640		0
6641		0
6642		0
6643		0
6644		0
6645		0
6646		0
6647		0
6648		0
6649		0
6650		0
6651		0
6652		0
6653		0
6654		0
6655		0
6656		0
6657		0
6658		0
6659		0
6660		0
6661		0
6662		0
6663		0
6664		0
6665		0
6666		0
6667		0
6668		0
6669		0
6670		0
6671		0
6672		0
6673		0
6674		0
6675		0
6676		0
6677		0
6678		0
6679		0
6680		0
6681		0
6682		0
6683		0
6684		0
6685		0
6686		0
6687		0
6688		0
6689		0
6690		0
6691		0
6692		0
6693		0
6694		0
6695		0
6696		0
6697		0
6698		0
6699		0
6700		0
6701		0
6702		0
6703		0
6704		0
6705		0
6706		0
6707		0
6708		0
6709		0
6710		0
6711		0
6712		0
6713		0
6714		0
6715		0
6716		0
6717		0
6718		0
6719		0
6720		0
6721		0
6722		0
6723		0
6724		0
6725		0
6726		0
6727		0
6728		0
6729		0
6730		0
6731		0
6732		0
6733		0
6734		0
6735		0
6736		0
6737		0
6738		0
6739		0
6740		0
6741		0
6742		0
6743		0
6744		0
6745		0
6746		0
6747		0
6748		0
6749		0
6750		0
6751		0
6752		0
6753		0
6754		0
6755		0
6756		0
6757		0
6758		0
6759		0
6760		0
6761		0
6762		0
6763		0
6764		0
6765		0
6766		0
6767		0
6768		0
6769		0
6770		0
6771		0
6772		0
6773		0
6774		0
6775		0
6776		0
6777		0
6778		0
6779		0
6780		0
6781		0
6782		0
6783		0
6784		0
6785		0
6786		0
6787		0
6788		0
6789		0
6790		0
6791		0
6792		0
6793		0
6794		0
6795		0
6796		0
6797		0
6798		0
6799		0
6800		0
6801		0
6802		0
6803		0
6804		0
6805		0
6806		0
6807		0
6808		0
6809		0
6810		0
6811		0
6812		0
6813		0
6814		0
6815		0
6816		0
6817		0
6818		0
6819		0
6820		0
6821		0
6822		0
6823		0
6824		0
6825		0
6826		0
6827		0
6828		0
6829		0
6830		0
6831		0
6832		0
6833		0
6834		0
6835		0
6836		0
6837		0
6838		0
6839		0
6840		0
6841		0
6842		0
6843		0
6844		0
6845		0
6846		0
6847		0
6848		0
6849		0
6850		0
6851		0
6852		0
6853		0
6854		0
6855		0
6856		0
6857		0
6858		0
6859		0
6860		0
6861		0
6862		0
6863		0
6864		0
6865		0
6866		0
6867		0
6868		0
6869		0
6870		0
6871		0
6872		0
6873		0
6874		0
6875		0
6876		0
6877		0
6878		0
6879		0
6880		0
6881		0
6882		0
6883		0
6884		0
6885		0
6886		0
6887		0
6888		0
6889		0
6890		0
6891		0
6892		0
6893		0
6894		0
6895		0
6896		0
6897		0
6898		0
6899		0
6900		0
6901		0
6902		0
6903		0
6904		0
6905		0
6906		0
6907		0
6908		0
6909		0
6910		0
6911		0
6912		0
6913		0
6914		0
6915		0
6916		0
6917		0
6918		0
6919		0
6920		0
6921		0
6922		0
6923		0
6924		0
6925		0
6926		0
6927		0
6928		0
6929		0
6930		0
6931		0
6932		0
6933		0
6934		0
6935		0
6936		0
6937		0
6938		0
6939		0
6940		0
6941		0
6942		0
6943		0
6944		0
6945		0
6946		0
6947		0
6948		0
6949		0
6950		0
6951		0
6952		0
6953		0
6954		0
6955		0
6956		0
6957		0
6958		0
6959		0
6960		0
6961		0
6962		0
6963		0
6964		0
6965		0
6966		0
6967		0
6968		0
6969		0
6970		0
6971		0
6972		0
6973		0
6974		0
6975		0
6976		0
6977		0
6978		0
6979		0
6980		0
6981		0
6982		0
6983		0
6984		0
6985		0
6986		0
6987		0
6988		0
6989		0
6990		0
6991		0
6992		0
6993		0
6994		0
6995		0
6996		0
6997		0
6998		0
6999		0
7000		0
7001		0
7002		0
7003		0
7004		0
7005		0
7006		0
7007		0
7008		0
7009		0
7010		0
7011		0
7012		0
7013		0
7014		0
7015		0
7016		0
7017		0
7018		0
7019		0
7020		0
7021		0
7022		0
7023		0
7024		0
7025		0
7026		0
7027		0
7028		0
7029		0
7030		0
7031		0
7032		0
7033		0
7034		0
7035		0
7036		0
7037		0
7038		0
7039		0
7040		0
7041		0
7042		0
7043		0
7044		0
7045		0
7046		0
7047		0
7048		0
7049		0
7050		0
7051		0
7052		0
7053		0
7054		0
7055		0
7056		0
7057		0
7058		0
7059		0
7060		0
7061		0
7062		0
7063		0
7064		0
7065		0
7066		0
7067		0
7068		0
7069		0
7070		0
7071		0
7072		0
7073		0
7074		0
7075		0
7076		0
7077		0
7078		0
7079		0
7080		0
7081		0
7082		0
7083		0
7084		0
7085		0
7086		0
7087		0
7088		0
7089		0
7090		0
7091		0
7092		0
7093		0
7094		0
7095		0
7096		0
7097		0
7098		0
7099		0
7100		0
7101		0
7102		0
7103		0
7104		0
7105		0
7106		0
7107		0
7108		0
7109		0
7110		0
7111		0
7112		0
7113		0
7114		0
7115		0
7116		0
7117		0
7118		0
7119		0
7120		0
7121		0
7122		0
7123		0
7124		0
7125		0
7126		0
7127		0
7128		0
7129		0
7130		0
7131		0
7132		0
7133		0
7134		0
7135		0
7136		0
7137		0
7138		0
7139		0
7140		0
7141		0
7142		0
7143		0
7144		0
7145		0
7146		0
7147		0
7148		0
7149		0
7150		0
7151		0
7152		0
7153		0
7154		0
7155		0
7156		0
7157		0
7158		0
7159		0
7160		0
7161		0
7162		0
7163		0
7164		0
7165		0
7166		0
7167		0
7168		0
7169		0
7170		0
7171		0
7172		0
7173		0
7174		0
7175		0
7176		0
7177		0
7178		0
7179		0
7180		0
7181		0
7182		0
7183		0
7184		0
7185		0
7186		0
7187		0
7188		0
7189		0
7190		0
7191		0
7192		0
7193		0
7194		0
7195		0
7196		0
7197		0
7198		0
7199		0
7200		0
7201		0
7202		0
7203		0
7204		0
7205		0
7206		0
7207		0
7208		0
7209		0
7210		0
7211		0
7212		0
7213		0
7214		0
7215		0
7216		0
7217		0
7218		0
7219		0
7220		0
7221		0
7222		0
7223		0
7224		0
7225		0
7226		0
7227		0
7228		0
7229		0
7230		0
7231		0
7232		0
7233		0
7234		0
7235		0
7236		0
7237		0
7238		0
7239		0
7240		0
7241		0
7242		0
7243		0
7244		0
7245		0
7246		0
7247		0
7248		0
7249		0
7250		0
7251		0
7252		0
7253		0
7254		0
7255		0
7256		0
7257		0
7258		0
7259		0
7260		0
7261		0
7262		0
7263		0
7264		0
7265		0
7266		0
7267		0
7268		0
7269		0
7270		0
7271		0
7272		0
7273		0
7274		0
7275		0
7276		0
7277		0
7278		0
7279		0
7280		0
7281		0
7282		0
7283		0
7284		0
7285		0
7286		0
7287		0
7288		0
7289		0
7290		0
7291		0
7292		0
7293		0
7294		0
7295		0
7296		0
7297		0
7298		0
7299		0
7300		0
7301		0
7302		0
7303		0
7304		0
7305		0
7306		0
7307		0
7308		0
7309		0
7310		0
7311		0
7312		0
7313		0
7314		0
7315		0
7316		0
7317		0
7318		0
7319		0
7320		0
7321		0
7322		0
7323		0
7324		0
7325		0
7326		0
7327		0
7328		0
7329		0
7330		0
7331		0
7332		0
7333		0
7334		0
7335		0
7336		0
7337		0
7338		0
7339		0
7340		0
7341		0
7342		0
7343		0
7344		0
7345		0
7346		0
7347		0
7348		0
7349		0
7350		0
7351		0
7352		0
7353		0
7354		0
7355		0
7356		0
7357		0
7358		0
7359		0
7360		0
7361		0
7362		0
7363		0
7364		0
7365		0
7366		0
7367		0
7368		0
7369		0
7370		0
7371		0
7372		0
7373		0
7374		0
7375		0
7376		0
7377		0
7378		0
7379		0
7380		0
7381		0
7382		0
7383		0
7384		0
7385		0
7386		0
7387		0
7388		0
7389		0
7390		0
7391		0
7392		0
7393		0
7394		0
7395		0
7396		0
7397		0
7398		0
7399		0
7400		0
7401		0
7402		0
7403		0
7404		0
7405		0
7406		0
7407		0
7408		0
7409		0
7410		0
7411		0
7412		0
7413		0
7414		0
7415		0
7416		0
7417		0
7418		0
7419		0
7420		0
7421		0
7422		0
7423		0
7424		0
7425		0
7426		0
7427		0
7428		0
7429		0
7430		0
7431		0
7432		0
7433		0
7434		0
7435		0
7436		0
7437		0
7438		0
7439		0
7440		0
7441		0
7442		0
7443		0
7444		0
7445		0
7446		0
7447		0
7448		0
7449		0
7450		0
7451		0
7452		0
7453		0
7454		0
7455		0
7456		0
7457		0
7458		0
7459		0
7460		0
7461		0
7462		0
7463		0
7464		0
7465		0
7466		0
7467		0
7468		0
7469		0
7470		0
7471		0
7472		0
7473		0
7474		0
7475		0
7476		0
7477		0
7478		0
7479		0
7480		0
7481		0
7482		0
7483		0
7484		0
7485		0
7486		0
7487		0
7488		0
7489		0
7490		0
7491		0
7492		0
7493		0
7494		0
7495		0
7496		0
7497		0
7498		0
7499		0
7500		0
7501		0
7502		0
7503		0
7504		0
7505		0
7506		0
7507		0
7508		0
7509		0
7510		0
7511		0
7512		0
7513		0
7514		0
7515		0
7516		0
7517		0
7518		0
7519		0
7520		0
7521		0
7522		0
7523		0
7524		0
7525		0
7526		0
7527		0
7528		0
7529		0
7530		0
7531		0
7532		0
7533		0
7534		0
7535		0
7536		0
7537		0
7538		0
7539		0
7540		0
7541		0
7542		0
7543		0
7544		0
7545		0
7546		0
7547		0
7548		0
7549		0
7550		0
7551		0
7552		0
7553		0
7554		0
7555		0
7556		0
7557		0
7558		0
7559		0
7560		0
7561		0
7562		0
7563		0
7564		0
7565		0
7566		0
7567		0
7568		0
7569		0
7570		0
7571		0
7572		0
7573		0
7574		0
7575		0
7576		0
7577		0
7578		0
7579		0
7580		0
7581		0
7582		0
7583		0
7584		0
7585		0
7586		0
7587		0
7588		0
7589		0
7590		0
7591		0
7592		0
7593		0
7594		0
7595		0
7596		0
7597		0
7598		0
7599		0
7600		0
7601		0
7602		0
7603		0
7604		0
7605		0
7606		0
7607		0
7608		0
7609		0
7610		0
7611		0
7612		0
7613		0
7614		0
7615		0
7616		0
7617		0
7618		0
7619		0
7620		0
7621		0
7622		0
7623		0
7624		0
7625		0
7626		0
7627		0
7628		0
7629		0
7630		0
7631		0
7632		0
7633		0
7634		0
7635		0
7636		0
7637		0
7638		0
7639		0
7640		0
7641		0
7642		0
7643		0
7644		0
7645		0
7646		0
7647		0
7648		0
7649		0
7650		0
7651		0
7652		0
7653		0
7654		0
7655		0
7656		0
7657		0
7658		0
7659		0
7660		0
7661		0
7662		0
7663		0
7664		0
7665		0
7666		0
7667		0
7668		0
7669		0
7670		0
7671		0
7672		0
7673		0
7674		0
7675		0
7676		0
7677		0
7678		0
7679		0
7680		0
7681		0
7682		0
7683		0
7684		0
7685		0
7686		0
7687		0
7688		0
7689		0
7690		0
7691		0
7692		0
7693		0
7694		0
7695		0
7696		0
7697		0
7698		0
7699		0
7700		0
7701		0
7702		0
7703		0
7704		0
7705		0
7706		0
7707		0
7708		0
7709		0
7710		0
7711		0
7712		0
7713		0
7714		0
7715		0
7716		0
7717		0
7718		0
7719		0
7720		0
7721		0
7722		0
7723		0
7724		0
7725		0
7726		0
7727		0
7728		0
7729		0
7730		0
7731		0
7732		0
7733		0
7734		0
7735		0
7736		0
7737		0
7738		0
7739		0
7740		0
7741		0
7742		0
7743		0
7744		0
7745		0
7746		0
7747		0
7748		0
7749		0
7750		0
7751		0
7752		0
7753		0
7754		0
7755		0
7756		0
7757		0
7758		0
7759		0
7760		0
7761		0
7762		0
7763		0
7764		0
7765		0
7766		0
7767		0
7768		0
7769		0
7770		0
7771		0
7772		0
7773		0
7774		0
7775		0
7776		0
7777		0
7778		0
7779		0
7780		0
7781		0
7782		0
7783		0
7784		0
7785		0
7786		0
7787		0
7788		0
7789		0
7790		0
7791		0
7792		0
7793		0
7794		0
7795		0
7796		0
7797		0
7798		0
7799		0
7800		0
7801		0
7802		0
7803		0
7804		0
7805		0
7806		0
7807		0
7808		0
7809		0
7810		0
7811		0
7812		0
7813		0
7814		0
7815		0
7816		0
7817		0
7818		0
7819		0
7820		0
7821		0
7822		0
7823		0
7824		0
7825		0
7826		0
7827		0
7828		0
7829		0
7830		0
7831		0
7832		0
7833		0
7834		0
7835		0
7836		0
7837		0
7838		0
7839		0
7840		0
7841		0
7842		0
7843		0
7844		0
7845		0
7846		0
7847		0
7848		0
7849		0
7850		0
7851		0
7852		0
7853		0
7854		0
7855		0
7856		0
7857		0
7858		0
7859		0
7860		0
7861		0
7862		0
7863		0
7864		0
7865		0
7866		0
7867		0
7868		0
7869		0
7870		0
7871		0
7872		0
7873		0
7874		0
7875		0
7876		0
7877		0
7878		0
7879		0
7880		0
7881		0
7882		0
7883		0
7884		0
7885		0
7886		0
7887		0
7888		0
7889		0
7890		0
7891		0
7892		0
7893		0
7894		0
7895		0
7896		0
7897		0
7898		0
7899		0
7900		0
7901		0
7902		0
7903		0
7904		0
7905		0
7906		0
7907		0
7908		0
7909		0
7910		0
7911		0
7912		0
7913		0
7914		0
7915		0
7916		0
7917		0
7918		0
7919		0
7920		0
7921		0
7922		0
7923		0
7924		0
7925		0
7926		0
7927		0
7928		0
7929		0
7930		0
7931		0
7932		0
7933		0
7934		0
7935		0
7936		0
7937		0
7938		0
7939		0
7940		0
7941		0
7942		0
7943		0
7944		0
7945		0
7946		0
7947		0
7948		0
7949		0
7950		0
7951		0
7952		0
7953		0
7954		0
7955		0
7956		0
7957		0
7958		0
7959		0
7960		0
7961		0
7962		0
7963		0
7964		0
7965		0
7966		0
7967		0
7968		0
7969		0
7970		0
7971		0
7972		0
7973		0
7974		0
7975		0
7976		0
7977		0
7978		0
7979		0
7980		0
7981		0
7982		0
7983		0
7984		0
7985		0
7986		0
7987		0
7988		0
7989		0
7990		0
7991		0
7992		0
7993		0
7994		0
7995		0
7996		0
7997		0
7998		0
7999		0
8000		0
8001		0
8002		0
8003		0
8004		0
8005		0
8006		0
8007		0
8008		0
8009		0
8010		0
8011		0
8012		0
8013		0
8014		0
8015		0
8016		0
8017		0
8018		0
8019		0
8020		0
8021		0
8022		0
8023		0
8024		0
8025		0
8026		0
8027		0
8028		0
8029		0
8030		0
8031		0
8032		0
8033		0
8034		0
8035		0
8036		0
8037		0
8038		0
8039		0
8040		0
8041		0
8042		0
8043		0
8044		0
8045		0
8046		0
8047		0
8048		0
8049		0
8050		0
8051		0
8052		0
8053		0
8054		0
8055		0
8056		0
8057		0
8058		0
8059		0
8060		0
8061		0
8062		0
8063		0
8064		0
8065		0
8066		0
8067		0
8068		0
8069		0
8070		0
8071		0
8072		0
8073		0
8074		0
8075		0
8076		0
8077		0
8078		0
8079		0
8080		0
8081		0
8082		0
8083		0
8084		0
8085		0
8086		0
8087		0
8088		0
8089		0
8090		0
8091		0
8092		0
8093		0
8094		0
8095		0
8096		0
8097		0
8098		0
8099		0
8100		0
8101		0
8102		0
8103		0
8104		0
8105		0
8106		0
8107		0
8108		0
8109		0
8110		0
8111		0
8112		0
8113		0
8114		0
8115		0
8116		0
8117		0
8118		0
8119		0
8120		0
8121		0
8122		0
8123		0
8124		0
8125		0
8126		0
8127		0
8128		0
8129		0
8130		0
8131		0
8132		0
8133		0
8134		0
8135		0
8136		0
8137		0
8138		0
8139		0
8140		0
8141		0
8142		0
8143		0
8144		0
8145		0
8146		0
8147		0
8148		0
8149		0
8150		0
8151		0
8152		0
8153		0
8154		0
8155		0
8156		0
8157		0
8158		0
8159		0
8160		0
8161		0
8162		0
8163		0
8164		0
8165		0
8166		0
8167		0
8168		0
8169		0
8170		0
8171		0
8172		0
8173		0
8174		0
8175		0
8176		0
8177		0
8178		0
8179		0
8180		0
8181		0
8182		0
8183		0
8184		0
8185		0
8186		0
8187		0
8188		0
8189		0
8190		0
8191		0
8192		0
8193		0
8194		0
8195		0
8196		0
8197		0
8198		0
8199		0
8200		0
8201		0
8202		0
8203		0
8204		0
8205		0
8206		0
8207		0
8208		0
8209		0
8210		0
8211		0
8212		0
8213		0
8214		0
8215		0
8216		0
8217		0
8218		0
8219		0
8220		0
8221		0
8222		0
8223		0
8224		0
8225		0
8226		0
8227		0
8228		0
8229		0
8230		0
8231		0
8232		0
8233		0
8234		0
8235		0
8236		0
8237		0
8238		0
8239		0
8240		0
8241		0
8242		0
8243		0
8244		0
8245		0
8246		0
8247		0
8248		0
8249		0
8250		0
8251		0
8252		0
8253		0
8254		0
8255		0
8256		0
8257		0
8258		0
8259		0
8260		0
8261		0
8262		0
8263		0
8264		0
8265		0
8266		0
8267		0
8268		0
8269		0
8270		0
8271		0
8272		0
8273		0
8274		0
8275		0
8276		0
8277		0
8278		0
8279		0
8280		0
8281		0
8282		0
8283		0
8284		0
8285		0
8286		0
8287		0
8288		0
8289		0
8290		0
8291		0
8292		0
8293		0
8294		0
8295		0
8296		0
8297		0
8298		0
8299		0
8300		0
8301		0
8302		0
8303		0
8304		0
8305		0
8306		0
8307		0
8308		0
8309		0
8310		0
8311		0
8312		0
8313		0
8314		0
8315		0
8316		0
8317		0
8318		0
8319		0
8320		0
8321		0
8322		0
8323		0
8324		0
8325		0
8326		0
8327		0
8328		0
8329		0
8330		0
8331		0
8332		0
8333		0
8334		0
8335		0
8336		0
8337		0
8338		0
8339		0
8340		0
8341		0
8342		0
8343		0
8344		0
8345		0
8346		0
8347		0
8348		0
8349		0
8350		0
8351		0
8352		0
8353		0
8354		0
8355		0
8356		0
8357		0
8358		0
8359		0
8360		0
8361		0
8362		0
8363		0
8364		0
8365		0
8366		0
8367		0
8368		0
8369		0
8370		0
8371		0
8372		0
8373		0
8374		0
8375		0
8376		0
8377		0
8378		0
8379		0
8380		0
8381		0
8382		0
8383		0
8384		0
8385		0
8386		0
8387		0
8388		0
8389		0
8390		0
8391		0
8392		0
8393		0
8394		0
8395		0
8396		0
8397		0
8398		0
8399		0
8400		0
8401		0
8402		0
8403		0
8404		0
8405		0
8406		0
8407		0
8408		0
8409		0
8410		0
8411		0
8412		0
8413		0
8414		0
8415		0
8416		0
8417		0
8418		0
8419		0
8420		0
8421		0
8422		0
8423		0
8424		0
8425		0
8426		0
8427		0
8428		0
8429		0
8430		0
8431		0
8432		0
8433		0
8434		0
8435		0
8436		0
8437		0
8438		0
8439		0
8440		0
8441		0
8442		0
8443		0
8444		0
8445		0
8446		0
8447		0
8448		0
8449		0
8450		0
8451		0
8452		0
8453		0
8454		0
8455		0
8456		0
8457		0
8458		0
8459		0
8460		0
8461		0
8462		0
8463		0
8464		0
8465		0
8466		0
8467		0
8468		0
8469		0
8470		0
8471		0
8472		0
8473		0
8474		0
8475		0
8476		0
8477		0
8478		0
8479		0
8480		0
8481		0
8482		0
8483		0
8484		0
8485		0
8486		0
8487		0
8488		0
8489		0
8490		0
8491		0
8492		0
8493		0
8494		0
8495		0
8496		0
8497		0
8498		0
8499		0
8500		0
8501		0
8502		0
8503		0
8504		0
8505		0
8506		0
8507		0
8508		0
8509		0
8510		0
8511		0
8512		0
8513		0
8514		0
8515		0
8516		0
8517		0
8518		0
8519		0
8520		0
8521		0
8522		0
8523		0
8524		0
8525		0
8526		0
8527		0
8528		0
8529		0
8530		0
8531		0
8532		0
8533		0
8534		0
8535		0
8536		0
8537		0
8538		0
8539		0
8540		0
8541		0
8542		0
8543		0
8544		0
8545		0
8546		0
8547		0
8548		0
8549		0
8550		0
8551		0
8552		0
8553		0
8554		0
8555		0
8556		0
8557		0
8558		0
8559		0
8560		0
8561		0
8562		0
8563		0
8564		0
8565		0
8566		0
8567		0
8568		0
8569		0
8570		0
8571		0
8572		0
8573		0
8574		0
8575		0
8576		0
8577		0
8578		0
8579		0
8580		0
8581		0
8582		0
8583		0
8584		0
8585		0
8586		0
8587		0
8588		0
8589		0
8590		0
8591		0
8592		0
8593		0
8594		0
8595		0
8596		0
8597		0
8598		0
8599		0
8600		0
8601		0
8602		0
8603		0
8604		0
8605		0
8606		0
8607		0
8608		0
8609		0
8610		0
8611		0
8612		0
8613		0
8614		0
8615		0
8616		0
8617		0
8618		0
8619		0
8620		0
8621		0
8622		0
8623		0
8624		0
8625		0
8626		0
8627		0
8628		0
8629		0
8630		0
8631		0
8632		0
8633		0
8634		0
8635		0
8636		0
8637		0
8638		0
8639		0
8640		0
8641		0
8642		0
8643		0
8644		0
8645		0
8646		0
8647		0
8648		0
8649		0
8650		0
8651		0
8652		0
8653		0
8654		0
8655		0
8656		0
8657		0
8658		0
8659		0
8660		0
8661		0
8662		0
8663		0
8664		0
8665		0
8666		0
8667		0
8668		0
8669		0
8670		0
8671		0
8672		0
8673		0
8674		0
8675		0
8676		0
8677		0
8678		0
8679		0
8680		0
8681		0
8682		0
8683		0
8684		0
8685		0
8686		0
8687		0
8688		0
8689		0
8690		0
8691		0
8692		0
8693		0
8694		0
8695		0
8696		0
8697		0
8698		0
8699		0
8700		0
8701		0
8702		0
8703		0
8704		0
8705		0
8706		0
8707		0
8708		0
8709		0
8710		0
8711		0
8712		0
8713		0
8714		0
8715		0
8716		0
8717		0
8718		0
8719		0
8720		0
8721		0
8722		0
8723		0
8724		0
8725		0
8726		0
8727		0
8728		0
8729		0
8730		0
8731		0
8732		0
8733		0
8734		0
8735		0
8736		0
8737		0
8738		0
8739		0
8740		0
8741		0
8742		0
8743		0
8744		0
8745		0
8746		0
8747		0
8748		0
8749		0
8750		0
8751		0
8752		0
8753		0
8754		0
8755		0
8756		0
8757		0
8758		0
8759		0
8760		0
8761		0
8762		0
8763		0
8764		0
8765		0
8766		0
8767		0
8768		0
8769		0
8770		0
8771		0
8772		0
8773		0
8774		0
8775		0
8776		0
8777		0
8778		0
8779		0
8780		0
8781		0
8782		0
8783		0
8784		0
8785		0
8786		0
8787		0
8788		0
8789		0
8790		0
8791		0
8792		0
8793		0
8794		0
8795		0
8796		0
8797		0
8798		0
8799		0
8800		0
8801		0
8802		0
8803		0
8804		0
8805		0
8806		0
8807		0
8808		0
8809		0
8810		0
8811		0
8812		0
8813		0
8814		0
8815		0
8816		0
8817		0
8818		0
8819		0
8820		0
8821		0
8822		0
8823		0
8824		0
8825		0
8826		0
8827		0
8828		0
8829		0
8830		0
8831		0
8832		0
8833		0
8834		0
8835		0
8836		0
8837		0
8838		0
8839		0
8840		0
8841		0
8842		0
8843		0
8844		0
8845		0
8846		0
8847		0
8848		0
8849		0
8850		0
8851		0
8852		0
8853		0
8854		0
8855		0
8856		0
8857		0
8858		0
8859		0
8860		0
8861		0
8862		0
8863		0
8864		0
8865		0
8866		0
8867		0
8868		0
8869		0
8870		0
8871		0
8872		0
8873		0
8874		0
8875		0
8876		0
8877		0
8878		0
8879		0
8880		0
8881		0
8882		0
8883		0
8884		0
8885		0
8886		0
8887		0
8888		0
8889		0
8890		0
8891		0
8892		0
8893		0
8894		0
8895		0
8896		0
8897		0
8898		0
8899		0
8900		0
8901		0
8902		0
8903		0
8904		0
8905		0
8906		0
8907		0
8908		0
8909		0
8910		0
8911		0
8912		0
8913		0
8914		0
8915		0
8916		0
8917		0
8918		0
8919		0
8920		0
8921		0
8922		0
8923		0
8924		0
8925		0
8926		0
8927		0
8928		0
8929		0
8930		0
8931		0
8932		0
8933		0
8934		0
8935		0
8936		0
8937		0
8938		0
8939		0
8940		0
8941		0
8942		0
8943		0
8944		0
8945		0
8946		0
8947		0
8948		0
8949		0
8950		0
8951		0
8952		0
8953		0
8954		0
8955		0
8956		0
8957		0
8958		0
8959		0
8960		0
8961		0
8962		0
8963		0
8964		0
8965		0
8966		0
8967		0
8968		0
8969		0
8970		0
8971		0
8972		0
8973		0
8974		0
8975		0
8976		0
8977		0
8978		0
8979		0
8980		0
8981		0
8982		0
8983		0
8984		0
8985		0
8986		0
8987		0
8988		0
8989		0
8990		0
8991		0
8992		0
8993		0
8994		0
8995		0
8996		0
8997		0
8998		0
8999		0
9000		0
9001		0
9002		0
9003		0
9004		0
9005		0
9006		0
9007		0
9008		0
9009		0
9010		0
9011		0
9012		0
9013		0
9014		0
9015		0
9016		0
9017		0
9018		0
9019		0
9020		0
9021		0
9022		0
9023		0
9024		0
9025		0
9026		0
9027		0
9028		0
9029		0
9030		0
9031		0
9032		0
9033		0
9034		0
9035		0
9036		0
9037		0
9038		0
9039		0
9040		0
9041		0
9042		0
9043		0
9044		0
9045		0
9046		0
9047		0
9048		0
9049		0
9050		0
9051		0
9052		0
9053		0
9054		0
9055		0
9056		0
9057		0
9058		0
9059		0
9060		0
9061		0
9062		0
9063		0
9064		0
9065		0
9066		0
9067		0
9068		0
9069		0
9070		0
9071		0
9072		0
9073		0
9074		0
9075		0
9076		0
9077		0
9078		0
9079		0
9080		0
9081		0
9082		0
9083		0
9084		0
9085		0
9086		0
9087		0
9088		0
9089		0
9090		0
9091		0
9092		0
9093		0
9094		0
9095		0
9096		0
9097		0
9098		0
9099		0
9100		0
9101		0
9102		0
9103		0
9104		0
9105		0
9106		0
9107		0
9108		0
9109		0
9110		0
9111		0
9112		0
9113		0
9114		0
9115		0
9116		0
9117		0
9118		0
9119		0
9120		0
9121		0
9122		0
9123		0
9124		0
9125		0
9126		0
9127		0
9128		0
9129		0
9130		0
9131		0
9132		0
9133		0
9134		0
9135		0
9136		0
9137		0
9138		0
9139		0
9140		0
9141		0
9142		0
9143		0
9144		0
9145		0
9146		0
9147		0
9148		0
9149		0
9150		0
9151		0
9152		0
9153		0
9154		0
9155		0
9156		0
9157		0
9158		0
9159		0
9160		0
9161		0
9162		0
9163		0
9164		0
9165		0
9166		0
9167		0
9168		0
9169		0
9170		0
9171		0
9172		0
9173		0
9174		0
9175		0
9176		0
9177		0
9178		0
9179		0
9180		0
9181		0
9182		0
9183		0
9184		0
9185		0
9186		0
9187		0
9188		0
9189		0
9190		0
9191		0
9192		0
9193		0
9194		0
9195		0
9196		0
9197		0
9198		0
9199		0
9200		0
9201		0
9202		0
9203		0
9204		0
9205		0
9206		0
9207		0
9208		0
9209		0
9210		0
9211		0
9212		0
9213		0
9214		0
9215		0
9216		0
9217		0
9218		0
9219		0
9220		0
9221		0
9222		0
9223		0
9224		0
9225		0
9226		0
9227		0
9228		0
9229		0
9230		0
9231		0
9232		0
9233		0
9234		0
9235		0
9236		0
9237		0
9238		0
9239		0
9240		0
9241		0
9242		0
9243		0
9244		0
9245		0
9246		0
9247		0
9248		0
9249		0
9250		0
9251		0
9252		0
9253		0
9254		0
9255		0
9256		0
9257		0
9258		0
9259		0
9260		0
9261		0
9262		0
9263		0
9264		0
9265		0
9266		0
9267		0
9268		0
9269		0
9270		0
9271		0
9272		0
9273		0
9274		0
9275		0
9276		0
9277		0
9278		0
9279		0
9280		0
9281		0
9282		0
9283		0
9284		0
9285		0
9286		0
9287		0
9288		0
9289		0
9290		0
9291		0
9292		0
9293		0
9294		0
9295		0
9296		0
9297		0
9298		0
9299		0
9300		0
9301		0
9302		0
9303		0
9304		0
9305		0
9306		0
9307		0
9308		0
9309		0
9310		0
9311		0
9312		0
9313		0
9314		0
9315		0
9316		0
9317		0
9318		0
9319		0
9320		0
9321		0
9322		0
9323		0
9324		0
9325		0
9326		0
9327		0
9328		0
9329		0
9330		0
9331		0
9332		0
9333		0
9334		0
9335		0
9336		0
9337		0
9338		0
9339		0
9340		0
9341		0
9342		0
9343		0
9344		0
9345		0
9346		0
9347		0
9348		0
9349		0
9350		0
9351		0
9352		0
9353		0
9354		0
9355		0
9356		0
9357		0
9358		0
9359		0
9360		0
9361		0
9362		0
9363		0
9364		0
9365		0
9366		0
9367		0
9368		0
9369		0
9370		0
9371		0
9372		0
9373		0
9374		0
9375		0
9376		0
9377		0
9378		0
9379		0
9380		0
9381		0
9382		0
9383		0
9384		0
9385		0
9386		0
9387		0
9388		0
9389		0
9390		0
9391		0
9392		0
9393		0
9394		0
9395		0
9396		0
9397		0
9398		0
9399		0
9400		0
9401		0
9402		0
9403		0
9404		0
9405		0
9406		0
9407		0
9408		0
9409		0
9410		0
9411		0
9412		0
9413		0
9414		0
9415		0
9416		0
9417		0
9418		0
9419		0
9420		0
9421		0
9422		0
9423		0
9424		0
9425		0
9426		0
9427		0
9428		0
9429		0
9430		0
9431		0
9432		0
9433		0
9434		0
9435		0
9436		0
9437		0
9438		0
9439		0
9440		0
9441		0
9442		0
9443		0
9444		0
9445		0
9446		0
9447		0
9448		0
9449		0
9450		0
9451		0
9452		0
9453		0
9454		0
9455		0
9456		0
9457		0
9458		0
9459		0
9460		0
9461		0
9462		0
9463		0
9464		0
9465		0
9466		0
9467		0
9468		0
9469		0
9470		0
9471		0
9472		0
9473		0
9474		0
9475		0
9476		0
9477		0
9478		0
9479		0
9480		0
9481		0
9482		0
9483		0
9484		0
9485		0
9486		0
9487		0
9488		0
9489		0
9490		0
9491		0
9492		0
9493		0
9494		0
9495		0
9496		0
9497		0
9498		0
9499		0
9500		0
9501		0
9502		0
9503		0
9504		0
9505		0
9506		0
9507		0
9508		0
9509		0
9510		0
9511		0
9512		0
9513		0
9514		0
9515		0
9516		0
9517		0
9518		0
9519		0
9520		0
9521		0
9522		0
9523		0
9524		0
9525		0
9526		0
9527		0
9528		0
9529		0
9530		0
9531		0
9532		0
9533		0
9534		0
9535		0
9536		0
9537		0
9538		0
9539		0
9540		0
9541		0
9542		0
9543		0
9544		0
9545		0
9546		0
9547		0
9548		0
9549		0
9550		0
9551		0
9552		0
9553		0
9554		0
9555		0
9556		0
9557		0
9558		0
9559		0
9560		0
9561		0
9562		0
9563		0
9564		0
9565		0
9566		0
9567		0
9568		0
9569		0
9570		0
9571		0
9572		0
9573		0
9574		0
9575		0
9576		0
9577		0
9578		0
9579		0
9580		0
9581		0
9582		0
9583		0
9584		0
9585		0
9586		0
9587		0
9588		0
9589		0
9590		0
9591		0
9592		0
9593		0
9594		0
9595		0
9596		0
9597		0
9598		0
9599		0
9600		0
9601		0
9602		0
9603		0
9604		0
9605		0
9606		0
9607		0
9608		0
9609		0
9610		0
9611		0
9612		0
9613		0
9614		0
9615		0
9616		0
9617		0
9618		0
9619		0
9620		0
9621		0
9622		0
9623		0
9624		0
9625		0
9626		0
9627		0
9628		0
9629		0
9630		0
9631		0
9632		0
9633		0
9634		0
9635		0
9636		0
9637		0
9638		0
9639		0
9640		0
9641		0
9642		0
9643		0
9644		0
9645		0
9646		0
9647		0
9648		0
9649		0
9650		0
9651		0
9652		0
9653		0
9654		0
9655		0
9656		0
9657		0
9658		0
9659		0
9660		0
9661		0
9662		0
9663		0
9664		0
9665		0
9666		0
9667		0
9668		0
9669		0
9670		0
9671		0
9672		0
9673		0
9674		0
9675		0
9676		0
9677		0
9678		0
9679		0
9680		0
9681		0
9682		0
9683		0
9684		0
9685		0
9686		0
9687		0
9688		0
9689		0
9690		0
9691		0
9692		0
9693		0
9694		0
9695		0
9696		0
9697		0
9698		0
9699		0
9700		0
9701		0
9702		0
9703		0
9704		0
9705		0
9706		0
9707		0
9708		0
9709		0
9710		0
9711		0
9712		0
9713		0
9714		0
9715		0
9716		0
9717		0
9718		0
9719		0
9720		0
9721		0
9722		0
9723		0
9724		0
9725		0
9726		0
9727		0
9728		0
9729		0
9730		0
9731		0
9732		0
9733		0
9734		0
9735		0
9736		0
9737		0
9738		0
9739		0
9740		0
9741		0
9742		0
9743		0
9744		0
9745		0
9746		0
9747		0
9748		0
9749		0
9750		0
9751		0
9752		0
9753		0
9754		0
9755		0
9756		0
9757		0
9758		0
9759		0
9760		0
9761		0
9762		0
9763		0
9764		0
9765		0
9766		0
9767		0
9768		0
9769		0
9770		0
9771		0
9772		0
9773		0
9774		0
9775		0
9776		0
9777		0
9778		0
9779		0
9780		0
9781		0
9782		0
9783		0
9784		0
9785		0
9786		0
9787		0
9788		0
9789		0
9790		0
9791		0
9792		0
9793		0
9794		0
9795		0
9796		0
9797		0
9798		0
9799		0
9800		0
9801		0
9802		0
9803		0
9804		0
9805		0
9806		0
9807		0
9808		0
9809		0
9810		0
9811		0
9812		0
9813		0
9814		0
9815		0
9816		0
9817		0
9818		0
9819		0
9820		0
9821		0
9822		0
9823		0
9824		0
9825		0
9826		0
9827		0
9828		0
9829		0
9830		0
9831		0
9832		0
9833		0
9834		0
9835		0
9836		0
9837		0
9838		0
9839		0
9840		0
9841		0
9842		0
9843		0
9844		0
9845		0
9846		0
9847		0
9848		0
9849		0
9850		0
9851		0
9852		0
9853		0
9854		0
9855		0
9856		0
9857		0
9858		0
9859		0
9860		0
9861		0
9862		0
9863		0
9864		0
9865		0
9866		0
9867		0
9868		0
9869		0
9870		0
9871		0
9872		0
9873		0
9874		0
9875		0
9876		0
9877		0
9878		0
9879		0
9880		0
9881		0
9882		0
9883		0
9884		0
9885		0
9886		0
9887		0
9888		0
9889		0
9890		0
9891		0
9892		0
9893		0
9894		0
9895		0
9896		0
9897		0
9898		0
9899		0
9900		0
9901		0
9902		0
9903		0
9904		0
9905		0
9906		0
9907		0
9908		0
9909		0
9910		0
9911		0
9912		0
9913		0
9914		0
9915		0
9916		0
9917		0
9918		0
9919		0
9920		0
9921		0
9922		0
9923		0
9924		0
9925		0
9926		0
9927		0
9928		0
9929		0
9930		0
9931		0
9932		0
9933		0
9934		0
9935		0
9936		0
9937		0
9938		0
9939		0
9940		0
9941		0
9942		0
9943		0
9944		0
9945		0
9946		0
9947		0
9948		0
9949		0
9950		0
9951		0
9952		0
9953		0
9954		0
9955		0
9956		0
9957		0
9958		0
9959		0
9960		0
9961		0
9962		0
9963		0
9964		0
9965		0
9966		0
9967		0
9968		0
9969		0
9970		0
9971		0
9972		0
9973		0
9974		0
9975		0
9976		0
9977		0
9978		0
9979		0
9980		0
9981		0
9982		0
9983		0
9984		0
9985		0
9986		0
9987		0
9988		0
9989		0
9990		0
9991		0
9992		0
9993		0
9994		0
9995		0
9996		0
9997		0
9998		0
9999		0
10000		0
