Tile	Output		Total no.	Total no.	avg. latency	avg. latency	average
ID	channel		of packets	of flits	per packet	per flit	throughput
							(clock cycles)	(clock cycles)	(Gbps)
0	South		48		192		2.52083		0.630208		0
0	East		29		116		2.44828		0.612069		0
0	Rear		7		28		3.57143		0.892857		0
0	12		48		3.83333		0.958333		4.92308
1	South		53		212		2.90566		0.726415		0
1	East		49		196		2.42857		0.607143		0
1	West		11		44		3.81818		0.954545		0
1	Rear		21		84		3.52381		0.880952		0
1	10		40		3.2		0.8		6.66667
2	South		59		236		2.94915		0.737288		0
2	East		57		228		3.15789		0.789474		0
2	West		30		120		3.66667		0.916667		0
2	Rear		33		132		3.27273		0.818182		0
2	7		28		3.14286		0.785714		7
3	South		75		300		3.17333		0.793333		0
3	East		47		188		3.2766		0.819149		0
3	West		48		192		3.64583		0.911458		0
3	Rear		27		108		3.74074		0.935185		0
3	6		24		3.33333		0.833333		8.72727
4	South		61		244		2.59016		0.647541		0
4	East		38		152		3.36842		0.842105		0
4	West		62		248		3.35484		0.83871		0
4	Rear		28		112		3.46429		0.866071		0
4	5		20		3.6		0.9		5
5	South		65		260		2.87692		0.719231		0
5	East		19		76		3.78947		0.947368		0
5	West		65		260		3.18462		0.796154		0
5	Rear		27		108		3.44444		0.861111		0
5	9		36		3.55556		0.888889		6.26087
6	South		55		220		2.63636		0.659091		0
6	East		9		36		3.77778		0.944444		0
6	West		54		216		2.31481		0.578704		0
6	Rear		18		72		3.22222		0.805556		0
6	3		12		4		1		2.82353
7	South		36		144		2.52778		0.631944		0
7	West		38		152		2.47368		0.618421		0
7	Rear		14		56		3.71429		0.928571		0
7	4		16		4		1		2.37037
8	North		11		44		3.81818		0.954545		0
8	South		74		296		2.43243		0.608108		0
8	East		39		156		2.48718		0.621795		0
8	Rear		19		76		3.15789		0.789474		0
8	7		28		3.71429		0.928571		4.14815
9	North		11		44		3.27273		0.818182		0
9	South		83		332		2.6506		0.662651		0
9	East		71		284		2.70423		0.676056		0
9	West		17		68		3.76471		0.941176		0
9	Rear		30		120		3.53333		0.883333		0
9	8		32		5		1.25		4.92308
10	North		15		60		3.2		0.8		0
10	South		116		464		3.0431		0.760776		0
10	East		93		372		3.27957		0.819892		0
10	West		35		140		3.74286		0.935714		0
10	Rear		33		132		3.42424		0.856061		0
10	4		16		3.5		0.875		4.26667
11	North		10		40		3.6		0.9		0
11	South		132		528		3.20455		0.801136		0
11	East		87		348		3.2069		0.801724		0
11	West		71		284		3.83099		0.957747		0
11	Rear		43		172		3.37209		0.843023		0
11	5		20		3.6		0.9		5
12	North		9		36		3.55556		0.888889		0
12	South		121		484		2.99174		0.747934		0
12	East		74		296		3.85135		0.962838		0
12	West		82		328		3.5		0.875		0
12	Rear		27		108		3.11111		0.777778		0
12	10		40		3.4		0.85		7.61905
13	North		19		76		3.36842		0.842105		0
13	South		112		448		3.13393		0.783482		0
13	East		41		164		3.7561		0.939024		0
13	West		86		344		3.03488		0.758721		0
13	Rear		42		168		3.47619		0.869048		0
13	13		52		3.84615		0.961538		4.52174
14	North		8		32		3.125		0.78125		0
14	South		87		348		2.74713		0.686782		0
14	East		16		64		3.25		0.8125		0
14	West		80		320		2.425		0.60625		0
14	Rear		36		144		3		0.75		0
14	8		32		3.75		0.9375		4.41379
15	North		10		40		3.5		0.875		0
15	South		54		216		2.48148		0.62037		0
15	West		46		184		2.54348		0.63587		0
15	Rear		12		48		2.91667		0.729167		0
15	4		16		4		1		3.76471
16	North		11		44		2.90909		0.727273		0
16	South		83		332		3.0241		0.756024		0
16	East		57		228		2.42105		0.605263		0
16	Rear		16		64		3.375		0.84375		0
16	4		16		3		0.75		5.81818
17	North		19		76		2.78947		0.697368		0
17	South		102		408		3.37255		0.843137		0
17	East		102		408		2.69608		0.67402		0
17	West		17		68		4		1		0
17	Rear		34		136		3.29412		0.823529		0
17	7		28		3.42857		0.857143		5.89474
18	North		22		88		3		0.75		0
18	South		141		564		3.86525		0.966312		0
18	East		121		484		3.59504		0.89876		0
18	West		49		196		3.63265		0.908163		0
18	Rear		45		180		3.53333		0.883333		0
18	12		48		3.83333		0.958333		5.18919
19	North		24		96		3.79167		0.947917		0
19	South		158		632		4.47468		1.11867		0
19	East		110		440		3.74545		0.936364		0
19	West		85		340		3.64706		0.911765		0
19	Rear		54		216		3.57407		0.893519		0
19	10		40		3.6		0.9		6.15385
20	North		15		60		3.26667		0.816667		0
20	South		145		580		3.70345		0.925862		0
20	East		89		356		3.8427		0.960674		0
20	West		108		432		3.53704		0.884259		0
20	Rear		40		160		3.425		0.85625		0
20	13		52		3.38462		0.846154		6.5
21	North		20		80		3.55		0.8875		0
21	South		139		556		3.7482		0.93705		0
21	East		62		248		4.06452		1.01613		0
21	West		97		388		3.52577		0.881443		0
21	Rear		32		128		3.53125		0.882812		0
21	9		36		3.55556		0.888889		6.54545
22	North		19		76		3.78947		0.947368		0
22	South		116		464		3.57759		0.894397		0
22	East		19		76		3.84211		0.960526		0
22	West		75		300		2.44		0.61		0
22	Rear		44		176		3.22727		0.806818		0
22	5		20		4		1		3.63636
23	North		1		4		2		0.5		0
23	South		74		296		3.18919		0.797297		0
23	West		50		200		2.72		0.68		0
23	Rear		14		56		3		0.75		0
23	9		36		4		1		5.76
24	North		6		24		2.5		0.625		0
24	South		85		340		3.8		0.95		0
24	East		61		244		2.80328		0.70082		0
24	Rear		16		64		3.375		0.84375		0
24	8		32		4		1		2.61224
25	North		18		72		2.38889		0.597222		0
25	South		92		368		3.67391		0.918478		0
25	East		101		404		2.85149		0.712871		0
25	West		19		76		3.47368		0.868421		0
25	Rear		35		140		3.45714		0.864286		0
25	9		36		3.33333		0.833333		6.85714
26	North		13		52		2.46154		0.615385		0
26	South		144		576		4.14583		1.03646		0
26	East		115		460		3.26087		0.815217		0
26	West		37		148		3.97297		0.993243		0
26	Rear		31		124		3.35484		0.83871		0
26	6		24		3.66667		0.916667		4.36364
27	North		6		24		4.16667		1.04167		0
27	South		129		516		4.13178		1.03295		0
27	East		101		404		3.74257		0.935644		0
27	West		31		124		3.83871		0.959677		0
27	Rear		32		128		4.125		1.03125		0
27	4		16		4		1		3.04762
28	North		8		32		4.25		1.0625		0
28	South		124		496		3.95161		0.987903		0
28	East		79		316		4.11392		1.02848		0
28	West		30		120		4.13333		1.03333		0
28	Rear		27		108		4.25926		1.06481		0
28	3		12		4		1		3.42857
29	North		10		40		4.2		1.05		0
29	South		121		484		3.91736		0.979339		0
29	East		45		180		4.06667		1.01667		0
29	West		25		100		4.12		1.03		0
29	Rear		28		112		4.03571		1.00893		0
29	4		16		4		1		3.2
30	North		5		20		4.2		1.05		0
30	South		102		408		3.60784		0.901961		0
30	East		8		32		4		1		0
30	West		15		60		3.86667		0.966667		0
30	Rear		28		112		4.10714		1.02679		0
30	13		52		4		1		4.52174
31	North		1		4		4		1		0
31	South		51		204		3.31373		0.828431		0
31	West		10		40		3.9		0.975		0
31	Rear		11		44		3.81818		0.954545		0
31	9		36		4		1		2.88
32	North		0		0		0		0		0
32	South		57		228		3.80702		0.951754		0
32	East		14		56		4.14286		1.03571		0
32	Rear		22		88		4		1		0
32	12		48		3.83333		0.958333		3.25424
33	North		0		0		0		0		0
33	South		72		288		3.90278		0.975694		0
33	East		21		84		4.14286		1.03571		0
33	West		20		80		4.1		1.025		0
33	Rear		26		104		3.96154		0.990385		0
33	6		24		4		1		3.31034
34	North		0		0		0		0		0
34	South		99		396		3.93939		0.984848		0
34	East		26		104		3.92308		0.980769		0
34	West		39		156		4.23077		1.05769		0
34	Rear		33		132		4.09091		1.02273		0
34	12		48		4.83333		1.20833		3.76471
35	North		0		0		0		0		0
35	South		71		284		4.19718		1.0493		0
35	East		48		192		4.27083		1.06771		0
35	West		44		176		4.09091		1.02273		0
35	Rear		21		84		4.09524		1.02381		0
35	9		36		4		1		6
36	North		0		0		0		0		0
36	South		92		368		4.17391		1.04348		0
36	East		45		180		4.24444		1.06111		0
36	West		38		152		4.13158		1.03289		0
36	Rear		23		92		4.21739		1.05435		0
36	8		32		4		1		3.45946
37	North		0		0		0		0		0
37	South		102		408		4.27451		1.06863		0
37	East		40		160		4.125		1.03125		0
37	West		34		136		4.14706		1.03676		0
37	Rear		19		76		4.15789		1.03947		0
37	4		16		4		1		2.90909
38	North		0		0		0		0		0
38	South		68		272		4.11765		1.02941		0
38	East		20		80		4.1		1.025		0
38	West		33		132		4.0303		1.00758		0
38	Rear		26		104		4.26923		1.06731		0
38	11		44		4		1		3.2
39	North		0		0		0		0		0
39	South		39		156		4		1		0
39	West		16		64		4.125		1.03125		0
39	Rear		11		44		4.09091		1.02273		0
39	5		20		4.4		1.1		2.75862
40	North		0		0		0		0		0
40	South		35		140		4.02857		1.00714		0
40	East		13		52		4.23077		1.05769		0
40	Rear		13		52		4.07692		1.01923		0
40	8		32		4		1		2.13333
41	North		0		0		0		0		0
41	South		43		172		4.06977		1.01744		0
41	East		26		104		4.07692		1.01923		0
41	West		12		48		4.08333		1.02083		0
41	Rear		21		84		4.04762		1.0119		0
41	9		36		4		1		3.78947
42	North		0		0		0		0		0
42	South		65		260		4.2		1.05		0
42	East		42		168		4.16667		1.04167		0
42	West		26		104		4		1		0
42	Rear		26		104		4.26923		1.06731		0
42	5		20		4		1		3.33333
43	North		0		0		0		0		0
43	South		44		176		4.34091		1.08523		0
43	East		37		148		4.13514		1.03378		0
43	West		39		156		4.17949		1.04487		0
43	Rear		22		88		4.18182		1.04545		0
43	9		36		4		1		3.27273
44	North		0		0		0		0		0
44	South		54		216		4.2037		1.05093		0
44	East		36		144		4.22222		1.05556		0
44	West		38		152		4.18421		1.04605		0
44	Rear		21		84		4.19048		1.04762		0
44	9		36		4.44444		1.11111		3.34884
45	North		0		0		0		0		0
45	South		55		220		4.30909		1.07727		0
45	East		47		188		4.21277		1.05319		0
45	West		29		116		4.17241		1.0431		0
45	Rear		22		88		4.18182		1.04545		0
45	10		40		4		1		3.47826
46	North		0		0		0		0		0
46	South		44		176		4.18182		1.04545		0
46	East		27		108		4.14815		1.03704		0
46	West		25		100		4.16		1.04		0
46	Rear		27		108		4.25926		1.06481		0
46	4		16		4		1		2.13333
47	North		0		0		0		0		0
47	South		30		120		4		1		0
47	West		12		48		4.08333		1.02083		0
47	Rear		16		64		4.0625		1.01562		0
47	8		32		4		1		2.28571
48	North		0		0		0		0		0
48	South		12		48		4		1		0
48	East		10		40		4		1		0
48	Rear		18		72		4.11111		1.02778		0
48	10		40		4		1		2.31884
49	North		0		0		0		0		0
49	South		23		92		4.08696		1.02174		0
49	East		18		72		4.05556		1.01389		0
49	West		15		60		4		1		0
49	Rear		16		64		4.0625		1.01562		0
49	7		28		4		1		2.19608
50	North		0		0		0		0		0
50	South		28		112		4.17857		1.04464		0
50	East		20		80		4.2		1.05		0
50	West		26		104		4.30769		1.07692		0
50	Rear		18		72		4.11111		1.02778		0
50	6		24		4		1		2.90909
51	North		0		0		0		0		0
51	South		23		92		4		1		0
51	East		20		80		4.15		1.0375		0
51	West		15		60		4		1		0
51	Rear		18		72		4		1		0
51	7		28		4		1		2.28571
52	North		0		0		0		0		0
52	South		21		84		4.09524		1.02381		0
52	East		23		92		4.13043		1.03261		0
52	West		19		76		4.10526		1.02632		0
52	Rear		21		84		4.09524		1.02381		0
52	12		48		4		1		3.31034
53	North		0		0		0		0		0
53	South		16		64		4.1875		1.04688		0
53	East		22		88		4.04545		1.01136		0
53	West		22		88		4.18182		1.04545		0
53	Rear		21		84		4.19048		1.04762		0
53	7		28		4		1		2.38298
54	North		0		0		0		0		0
54	South		17		68		4.23529		1.05882		0
54	East		19		76		4.05263		1.01316		0
54	West		10		40		4.1		1.025		0
54	Rear		19		76		4.05263		1.01316		0
54	6		24		4		1		2.13333
55	North		0		0		0		0		0
55	South		20		80		4.1		1.025		0
55	West		5		20		4.2		1.05		0
55	Rear		15		60		4.06667		1.01667		0
55	9		36		4		1		1.92
56	North		0		0		0		0		0
56	East		3		12		4		1		0
56	Rear		12		48		4		1		0
56	9		36		4		1		1.9726
57	North		0		0		0		0		0
57	East		2		8		4		1		0
57	West		12		48		4.08333		1.02083		0
57	Rear		10		40		4		1		0
57	13		52		4		1		2.7013
58	North		0		0		0		0		0
58	East		2		8		4.5		1.125		0
58	West		11		44		4		1		0
58	Rear		13		52		4.07692		1.01923		0
58	11		44		4		1		2.66667
59	North		0		0		0		0		0
59	East		6		24		4		1		0
59	West		7		28		4		1		0
59	Rear		11		44		4		1		0
59	4		16		4		1		2.06452
60	North		0		0		0		0		0
60	East		11		44		4		1		0
60	West		3		12		4		1		0
60	Rear		12		48		4.08333		1.02083		0
60	5		20		4		1		2.10526
61	North		0		0		0		0		0
61	East		15		60		4.06667		1.01667		0
61	West		4		16		4.25		1.0625		0
61	Rear		7		28		4.14286		1.03571		0
61	4		16		4		1		2.46154
62	North		0		0		0		0		0
62	East		12		48		4.08333		1.02083		0
62	West		3		12		4		1		0
62	Rear		12		48		4		1		0
62	8		32		4		1		2.28571
63	North		0		0		0		0		0
63	West		3		12		4		1		0
63	Rear		15		60		4.06667		1.01667		0
63	14		56		4		1		2.01802
64	South		0		0		0		0		0
64	East		0		0		0		0		0
64	Front		0		0		0		0		0
64	Rear		3		12		2.66667		0.666667		0
64	4		16		4		1		3.76471
65	South		0		0		0		0		0
65	East		0		0		0		0		0
65	West		0		0		0		0		0
65	Front		0		0		0		0		0
65	Rear		16		64		3.375		0.84375		0
65	5		20		4		1		3.47826
66	South		0		0		0		0		0
66	East		0		0		0		0		0
66	West		0		0		0		0		0
66	Front		0		0		0		0		0
66	Rear		23		92		3.17391		0.793478		0
66	10		40		4		1		3.90244
67	South		0		0		0		0		0
67	East		0		0		0		0		0
67	West		0		0		0		0		0
67	Front		0		0		0		0		0
67	Rear		18		72		3.33333		0.833333		0
67	9		36		4		1		5.33333
68	South		0		0		0		0		0
68	East		0		0		0		0		0
68	West		0		0		0		0		0
68	Front		0		0		0		0		0
68	Rear		14		56		3.07143		0.767857		0
68	14		56		3.71429		0.928571		6.58824
69	South		0		0		0		0		0
69	East		0		0		0		0		0
69	West		0		0		0		0		0
69	Front		0		0		0		0		0
69	Rear		19		76		3.63158		0.907895		0
69	8		32		3.75		0.9375		3.36842
70	South		0		0		0		0		0
70	East		0		0		0		0		0
70	West		0		0		0		0		0
70	Front		0		0		0		0		0
70	Rear		13		52		3.07692		0.769231		0
70	5		20		4		1		4.44444
71	South		0		0		0		0		0
71	West		0		0		0		0		0
71	Front		0		0		0		0		0
71	Rear		2		8		2		0.5		0
71	12		48		4		1		3.31034
72	North		0		0		0		0		0
72	South		0		0		0		0		0
72	East		0		0		0		0		0
72	Front		0		0		0		0		0
72	Rear		10		40		2.6		0.65		0
72	9		36		3.77778		0.944444		4.23529
73	North		0		0		0		0		0
73	South		0		0		0		0		0
73	East		0		0		0		0		0
73	West		0		0		0		0		0
73	Front		0		0		0		0		0
73	Rear		26		104		3.61538		0.903846		0
73	4		16		4		1		4.26667
74	North		0		0		0		0		0
74	South		0		0		0		0		0
74	East		0		0		0		0		0
74	West		0		0		0		0		0
74	Front		0		0		0		0		0
74	Rear		23		92		3.78261		0.945652		0
74	10		40		3.8		0.95		5.92593
75	North		0		0		0		0		0
75	South		0		0		0		0		0
75	East		0		0		0		0		0
75	West		0		0		0		0		0
75	Front		0		0		0		0		0
75	Rear		31		124		3.19355		0.798387		0
75	12		48		4		1		4.92308
76	North		0		0		0		0		0
76	South		0		0		0		0		0
76	East		0		0		0		0		0
76	West		0		0		0		0		0
76	Front		0		0		0		0		0
76	Rear		23		92		3.21739		0.804348		0
76	4		16		3.5		0.875		4.57143
77	North		0		0		0		0		0
77	South		0		0		0		0		0
77	East		0		0		0		0		0
77	West		0		0		0		0		0
77	Front		0		0		0		0		0
77	Rear		34		136		3.47059		0.867647		0
77	8		32		3.75		0.9375		4.26667
78	North		0		0		0		0		0
78	South		0		0		0		0		0
78	East		0		0		0		0		0
78	West		0		0		0		0		0
78	Front		0		0		0		0		0
78	Rear		25		100		3.28		0.82		0
78	11		44		4		1		3.91111
79	North		0		0		0		0		0
79	South		0		0		0		0		0
79	West		0		0		0		0		0
79	Front		0		0		0		0		0
79	Rear		7		28		2.28571		0.571429		0
79	5		20		4		1		3.33333
80	North		0		0		0		0		0
80	South		0		0		0		0		0
80	East		0		0		0		0		0
80	Front		0		0		0		0		0
80	Rear		10		40		3.2		0.8		0
80	6		24		4		1		2.90909
81	North		0		0		0		0		0
81	South		0		0		0		0		0
81	East		0		0		0		0		0
81	West		0		0		0		0		0
81	Front		0		0		0		0		0
81	Rear		31		124		3.6129		0.903226		0
81	3		12		4		1		3.42857
82	North		0		0		0		0		0
82	South		0		0		0		0		0
82	East		0		0		0		0		0
82	West		0		0		0		0		0
82	Front		0		0		0		0		0
82	Rear		40		160		3.525		0.88125		0
82	5		20		4		1		4
83	North		0		0		0		0		0
83	South		0		0		0		0		0
83	East		0		0		0		0		0
83	West		0		0		0		0		0
83	Front		0		0		0		0		0
83	Rear		47		188		3.51064		0.87766		0
83	7		28		4		1		3.73333
84	North		0		0		0		0		0
84	South		0		0		0		0		0
84	East		0		0		0		0		0
84	West		0		0		0		0		0
84	Front		0		0		0		0		0
84	Rear		33		132		3.36364		0.840909		0
84	7		28		3.71429		0.928571		3.6129
85	North		0		0		0		0		0
85	South		0		0		0		0		0
85	East		0		0		0		0		0
85	West		0		0		0		0		0
85	Front		0		0		0		0		0
85	Rear		26		104		3.46154		0.865385		0
85	6		24		4		1		4.17391
86	North		0		0		0		0		0
86	South		0		0		0		0		0
86	East		0		0		0		0		0
86	West		0		0		0		0		0
86	Front		0		0		0		0		0
86	Rear		40		160		3.3		0.825		0
86	4		16		4		1		2.90909
87	North		0		0		0		0		0
87	South		0		0		0		0		0
87	West		0		0		0		0		0
87	Front		0		0		0		0		0
87	Rear		10		40		2.7		0.675		0
87	4		16		4		1		2.56
88	North		0		0		0		0		0
88	South		0		0		0		0		0
88	East		0		0		0		0		0
88	Front		0		0		0		0		0
88	Rear		9		36		2.66667		0.666667		0
88	7		28		4		1		3.2
89	North		0		0		0		0		0
89	South		0		0		0		0		0
89	East		0		0		0		0		0
89	West		0		0		0		0		0
89	Front		0		0		0		0		0
89	Rear		29		116		3.48276		0.87069		0
89	6		24		4		1		2.90909
90	North		0		0		0		0		0
90	South		0		0		0		0		0
90	East		0		0		0		0		0
90	West		0		0		0		0		0
90	Front		0		0		0		0		0
90	Rear		25		100		3.28		0.82		0
90	6		24		4		1		4.8
91	North		0		0		0		0		0
91	South		0		0		0		0		0
91	East		0		0		0		0		0
91	West		0		0		0		0		0
91	Front		0		0		0		0		0
91	Rear		26		104		4.03846		1.00962		0
91	6		24		4		1		4.17391
92	North		0		0		0		0		0
92	South		0		0		0		0		0
92	East		0		0		0		0		0
92	West		0		0		0		0		0
92	Front		0		0		0		0		0
92	Rear		18		72		4		1		0
92	9		36		4		1		3.5122
93	North		0		0		0		0		0
93	South		0		0		0		0		0
93	East		0		0		0		0		0
93	West		0		0		0		0		0
93	Front		0		0		0		0		0
93	Rear		20		80		4		1		0
93	8		32		4		1		4.57143
94	North		0		0		0		0		0
94	South		0		0		0		0		0
94	East		0		0		0		0		0
94	West		0		0		0		0		0
94	Front		0		0		0		0		0
94	Rear		23		92		4		1		0
94	5		20		4		1		4.21053
95	North		0		0		0		0		0
95	South		0		0		0		0		0
95	West		0		0		0		0		0
95	Front		0		0		0		0		0
95	Rear		6		24		4		1		0
95	5		20		4		1		2.35294
96	North		0		0		0		0		0
96	South		0		0		0		0		0
96	East		0		0		0		0		0
96	Front		0		0		0		0		0
96	Rear		10		40		4.1		1.025		0
96	12		48		4		1		2.63014
97	North		0		0		0		0		0
97	South		0		0		0		0		0
97	East		0		0		0		0		0
97	West		0		0		0		0		0
97	Front		0		0		0		0		0
97	Rear		16		64		4.125		1.03125		0
97	10		40		4		1		3.40426
98	North		0		0		0		0		0
98	South		0		0		0		0		0
98	East		0		0		0		0		0
98	West		0		0		0		0		0
98	Front		0		0		0		0		0
98	Rear		24		96		4.08333		1.02083		0
98	9		36		4		1		3.34884
99	North		0		0		0		0		0
99	South		0		0		0		0		0
99	East		0		0		0		0		0
99	West		0		0		0		0		0
99	Front		0		0		0		0		0
99	Rear		12		48		4		1		0
99	9		36		4		1		3.27273
100	North		0		0		0		0		0
100	South		0		0		0		0		0
100	East		0		0		0		0		0
100	West		0		0		0		0		0
100	Front		0		0		0		0		0
100	Rear		16		64		4.0625		1.01562		0
100	7		28		4		1		2.94737
101	North		0		0		0		0		0
101	South		0		0		0		0		0
101	East		0		0		0		0		0
101	West		0		0		0		0		0
101	Front		0		0		0		0		0
101	Rear		15		60		4		1		0
101	4		16		4		1		2.37037
102	North		0		0		0		0		0
102	South		0		0		0		0		0
102	East		0		0		0		0		0
102	West		0		0		0		0		0
102	Front		0		0		0		0		0
102	Rear		17		68		4.11765		1.02941		0
102	9		36		4		1		3.78947
103	North		0		0		0		0		0
103	South		0		0		0		0		0
103	West		0		0		0		0		0
103	Front		0		0		0		0		0
103	Rear		4		16		4		1		0
103	7		28		4		1		2.48889
104	North		0		0		0		0		0
104	South		0		0		0		0		0
104	East		0		0		0		0		0
104	Front		0		0		0		0		0
104	Rear		10		40		4		1		0
104	3		12		4		1		1.54839
105	North		0		0		0		0		0
105	South		0		0		0		0		0
105	East		0		0		0		0		0
105	West		0		0		0		0		0
105	Front		0		0		0		0		0
105	Rear		15		60		4.2		1.05		0
105	6		24		4		1		3.09677
106	North		0		0		0		0		0
106	South		0		0		0		0		0
106	East		0		0		0		0		0
106	West		0		0		0		0		0
106	Front		0		0		0		0		0
106	Rear		20		80		4		1		0
106	6		24		4		1		2.52632
107	North		0		0		0		0		0
107	South		0		0		0		0		0
107	East		0		0		0		0		0
107	West		0		0		0		0		0
107	Front		0		0		0		0		0
107	Rear		16		64		4		1		0
107	6		24		4		1		2.82353
108	North		0		0		0		0		0
108	South		0		0		0		0		0
108	East		0		0		0		0		0
108	West		0		0		0		0		0
108	Front		0		0		0		0		0
108	Rear		13		52		4.07692		1.01923		0
108	8		32		4		1		3.12195
109	North		0		0		0		0		0
109	South		0		0		0		0		0
109	East		0		0		0		0		0
109	West		0		0		0		0		0
109	Front		0		0		0		0		0
109	Rear		13		52		4.07692		1.01923		0
109	9		36		4		1		3.42857
110	North		0		0		0		0		0
110	South		0		0		0		0		0
110	East		0		0		0		0		0
110	West		0		0		0		0		0
110	Front		0		0		0		0		0
110	Rear		18		72		4.05556		1.01389		0
110	9		36		4		1		2.36066
111	North		0		0		0		0		0
111	South		0		0		0		0		0
111	West		0		0		0		0		0
111	Front		0		0		0		0		0
111	Rear		7		28		4.14286		1.03571		0
111	9		36		4		1		2.14925
112	North		0		0		0		0		0
112	South		0		0		0		0		0
112	East		0		0		0		0		0
112	Front		0		0		0		0		0
112	Rear		13		52		4		1		0
112	5		20		4		1		3.47826
113	North		0		0		0		0		0
113	South		0		0		0		0		0
113	East		0		0		0		0		0
113	West		0		0		0		0		0
113	Front		0		0		0		0		0
113	Rear		7		28		4		1		0
113	9		36		4		1		2.32258
114	North		0		0		0		0		0
114	South		0		0		0		0		0
114	East		0		0		0		0		0
114	West		0		0		0		0		0
114	Front		0		0		0		0		0
114	Rear		11		44		4		1		0
114	7		28		4		1		2.43478
115	North		0		0		0		0		0
115	South		0		0		0		0		0
115	East		0		0		0		0		0
115	West		0		0		0		0		0
115	Front		0		0		0		0		0
115	Rear		12		48		4		1		0
115	6		24		4		1		2.46154
116	North		0		0		0		0		0
116	South		0		0		0		0		0
116	East		0		0		0		0		0
116	West		0		0		0		0		0
116	Front		0		0		0		0		0
116	Rear		12		48		4		1		0
116	9		36		4		1		2.28571
117	North		0		0		0		0		0
117	South		0		0		0		0		0
117	East		0		0		0		0		0
117	West		0		0		0		0		0
117	Front		0		0		0		0		0
117	Rear		14		56		4		1		0
117	7		28		4		1		2.19608
118	North		0		0		0		0		0
118	South		0		0		0		0		0
118	East		0		0		0		0		0
118	West		0		0		0		0		0
118	Front		0		0		0		0		0
118	Rear		15		60		4		1		0
118	4		16		4		1		1.72973
119	North		0		0		0		0		0
119	South		0		0		0		0		0
119	West		0		0		0		0		0
119	Front		0		0		0		0		0
119	Rear		6		24		4		1		0
119	9		36		4		1		1.8
120	North		0		0		0		0		0
120	East		0		0		0		0		0
120	Front		0		0		0		0		0
120	Rear		4		16		4		1		0
120	8		32		4		1		2.16949
121	North		0		0		0		0		0
121	East		0		0		0		0		0
121	West		0		0		0		0		0
121	Front		0		0		0		0		0
121	Rear		3		12		4		1		0
121	7		28		4		1		1.83607
122	North		0		0		0		0		0
122	East		0		0		0		0		0
122	West		0		0		0		0		0
122	Front		0		0		0		0		0
122	Rear		5		20		4		1		0
122	8		32		4		1		1.88235
123	North		0		0		0		0		0
123	East		0		0		0		0		0
123	West		0		0		0		0		0
123	Front		0		0		0		0		0
123	Rear		4		16		4		1		0
123	7		28		4		1		2
124	North		0		0		0		0		0
124	East		0		0		0		0		0
124	West		0		0		0		0		0
124	Front		0		0		0		0		0
124	Rear		4		16		4		1		0
124	8		32		4		1		2.13333
125	North		0		0		0		0		0
125	East		0		0		0		0		0
125	West		0		0		0		0		0
125	Front		0		0		0		0		0
125	Rear		1		4		4		1		0
125	6		24		4		1		1.65517
126	North		0		0		0		0		0
126	East		0		0		0		0		0
126	West		0		0		0		0		0
126	Front		0		0		0		0		0
126	Rear		10		40		4		1		0
126	2		8		4		1		1.52381
127	North		0		0		0		0		0
127	West		0		0		0		0		0
127	Front		0		0		0		0		0
127	Rear		9		36		4.11111		1.02778		0
127	6		24		4		1		1.74545
128	South		2		8		4		1		0
128	East		1		4		4		1		0
128	Front		0		0		0		0		0
128	Rear		10		40		4.1		1.025		0
128	10		40		4		1		2.13333
129	South		9		36		4.11111		1.02778		0
129	East		5		20		4		1		0
129	West		14		56		4		1		0
129	Front		0		0		0		0		0
129	Rear		9		36		4.11111		1.02778		0
129	5		20		4		1		3.07692
130	South		10		40		4.1		1.025		0
130	East		9		36		4		1		0
130	West		10		40		4.2		1.05		0
130	Front		0		0		0		0		0
130	Rear		6		24		4		1		0
130	10		40		4		1		4.10256
131	South		3		12		4		1		0
131	East		16		64		4.0625		1.01562		0
131	West		11		44		4		1		0
131	Front		0		0		0		0		0
131	Rear		14		56		4.07143		1.01786		0
131	3		12		4		1		4
132	South		9		36		4		1		0
132	East		8		32		4		1		0
132	West		9		36		4		1		0
132	Front		0		0		0		0		0
132	Rear		13		52		4		1		0
132	11		44		4		1		3.66667
133	South		8		32		4		1		0
133	East		10		40		4		1		0
133	West		9		36		4		1		0
133	Front		0		0		0		0		0
133	Rear		8		32		4.125		1.03125		0
133	4		16		4		1		3.2
134	South		7		28		4		1		0
134	East		11		44		4		1		0
134	West		3		12		4		1		0
134	Front		0		0		0		0		0
134	Rear		6		24		4		1		0
134	9		36		4		1		2.93878
135	South		2		8		4		1		0
135	West		1		4		4		1		0
135	Front		0		0		0		0		0
135	Rear		4		16		4		1		0
135	9		36		4		1		2.4
136	North		6		24		4		1		0
136	South		5		20		4		1		0
136	East		5		20		4		1		0
136	Front		0		0		0		0		0
136	Rear		10		40		4		1		0
136	4		16		4		1		5.33333
137	North		15		60		4		1		0
137	South		12		48		4		1		0
137	East		8		32		4.125		1.03125		0
137	West		15		60		4		1		0
137	Front		0		0		0		0		0
137	Rear		10		40		4.1		1.025		0
137	9		36		4		1		3.69231
138	North		6		24		4		1		0
138	South		12		48		4.16667		1.04167		0
138	East		10		40		4		1		0
138	West		20		80		4.1		1.025		0
138	Front		0		0		0		0		0
138	Rear		12		48		4		1		0
138	7		28		4		1		4.14815
139	North		11		44		4.09091		1.02273		0
139	South		14		56		4		1		0
139	East		12		48		4		1		0
139	West		12		48		4		1		0
139	Front		0		0		0		0		0
139	Rear		8		32		4		1		0
139	10		40		4		1		3.63636
140	North		11		44		4		1		0
140	South		8		32		4.125		1.03125		0
140	East		16		64		4.0625		1.01562		0
140	West		11		44		4.09091		1.02273		0
140	Front		0		0		0		0		0
140	Rear		9		36		4		1		0
140	7		28		4		1		3.2
141	North		9		36		4		1		0
141	South		19		76		4.10526		1.02632		0
141	East		19		76		4		1		0
141	West		9		36		4		1		0
141	Front		0		0		0		0		0
141	Rear		6		24		4.16667		1.04167		0
141	6		24		4		1		2.90909
142	North		12		48		4		1		0
142	South		14		56		4		1		0
142	East		15		60		4.06667		1.01667		0
142	West		6		24		4.16667		1.04167		0
142	Front		0		0		0		0		0
142	Rear		9		36		4.11111		1.02778		0
142	6		24		4.66667		1.16667		2.66667
143	North		3		12		4		1		0
143	South		8		32		4		1		0
143	West		1		4		4		1		0
143	Front		0		0		0		0		0
143	Rear		7		28		4		1		0
143	9		36		4		1		2.44068
144	North		3		12		4		1		0
144	South		8		32		4		1		0
144	East		4		16		4		1		0
144	Front		0		0		0		0		0
144	Rear		4		16		4		1		0
144	13		52		4		1		2.81081
145	North		9		36		4		1		0
145	South		21		84		4.09524		1.02381		0
145	East		7		28		4		1		0
145	West		14		56		4.21429		1.05357		0
145	Front		0		0		0		0		0
145	Rear		9		36		4.11111		1.02778		0
145	9		36		4		1		3.27273
146	North		14		56		4.07143		1.01786		0
146	South		16		64		4.0625		1.01562		0
146	East		8		32		4		1		0
146	West		20		80		4.25		1.0625		0
146	Front		0		0		0		0		0
146	Rear		11		44		4.18182		1.04545		0
146	11		44		4		1		3.2
147	North		12		48		4.08333		1.02083		0
147	South		23		92		4.08696		1.02174		0
147	East		10		40		4.1		1.025		0
147	West		20		80		4.1		1.025		0
147	Front		0		0		0		0		0
147	Rear		13		52		4		1		0
147	5		20		4		1		3.63636
148	North		9		36		4.22222		1.05556		0
148	South		18		72		4		1		0
148	East		15		60		4.13333		1.03333		0
148	West		11		44		4.27273		1.06818		0
148	Front		0		0		0		0		0
148	Rear		6		24		4.16667		1.04167		0
148	4		16		4		1		2.66667
149	North		4		16		4		1		0
149	South		15		60		4.06667		1.01667		0
149	East		28		112		4.14286		1.03571		0
149	West		10		40		4.2		1.05		0
149	Front		0		0		0		0		0
149	Rear		10		40		4.1		1.025		0
149	6		24		4		1		4.17391
150	North		10		40		4		1		0
150	South		23		92		4.21739		1.05435		0
150	East		14		56		4.14286		1.03571		0
150	West		9		36		4.11111		1.02778		0
150	Front		0		0		0		0		0
150	Rear		22		88		4.09091		1.02273		0
150	13		52		4.76923		1.19231		3.10448
151	North		4		16		4		1		0
151	South		9		36		4		1		0
151	West		8		32		4		1		0
151	Front		0		0		0		0		0
151	Rear		7		28		4		1		0
151	5		20		4		1		2.42424
152	North		3		12		4		1		0
152	South		8		32		4		1		0
152	East		3		12		4		1		0
152	Front		0		0		0		0		0
152	Rear		4		16		4		1		0
152	11		44		5.63636		1.40909		2.28571
153	North		2		8		4		1		0
153	South		17		68		4		1		0
153	East		9		36		4		1		0
153	West		12		48		4.08333		1.02083		0
153	Front		0		0		0		0		0
153	Rear		16		64		4.125		1.03125		0
153	9		36		5.11111		1.27778		2.88
154	North		1		4		4		1		0
154	South		19		76		4		1		0
154	East		9		36		4.11111		1.02778		0
154	West		12		48		4		1		0
154	Front		0		0		0		0		0
154	Rear		7		28		4.14286		1.03571		0
154	10		40		4		1		2.46154
155	North		3		12		4		1		0
155	South		21		84		4.19048		1.04762		0
155	East		14		56		4.07143		1.01786		0
155	West		8		32		4		1		0
155	Front		0		0		0		0		0
155	Rear		9		36		4.22222		1.05556		0
155	10		40		4		1		3.40426
156	North		2		8		4		1		0
156	South		15		60		4		1		0
156	East		13		52		4.07692		1.01923		0
156	West		7		28		4		1		0
156	Front		0		0		0		0		0
156	Rear		7		28		4		1		0
156	10		40		4		1		3.07692
157	North		4		16		4		1		0
157	South		11		44		4.09091		1.02273		0
157	East		15		60		4.06667		1.01667		0
157	West		4		16		4		1		0
157	Front		0		0		0		0		0
157	Rear		9		36		4		1		0
157	12		48		4.83333		1.20833		3.09677
158	North		1		4		4		1		0
158	South		13		52		4.15385		1.03846		0
158	East		12		48		4.08333		1.02083		0
158	West		7		28		4.14286		1.03571		0
158	Front		0		0		0		0		0
158	Rear		21		84		4.04762		1.0119		0
158	9		36		4		1		2.52632
159	North		1		4		4		1		0
159	South		8		32		4		1		0
159	West		2		8		4		1		0
159	Front		0		0		0		0		0
159	Rear		9		36		4		1		0
159	7		28		4		1		2.66667
160	North		0		0		0		0		0
160	South		8		32		4.125		1.03125		0
160	East		2		8		4		1		0
160	Front		0		0		0		0		0
160	Rear		5		20		4		1		0
160	14		56		4		1		2.54545
161	North		0		0		0		0		0
161	South		17		68		4		1		0
161	East		4		16		4		1		0
161	West		11		44		4.09091		1.02273		0
161	Front		0		0		0		0		0
161	Rear		5		20		4.2		1.05		0
161	2		8		4		1		2.90909
162	North		0		0		0		0		0
162	South		21		84		4.09524		1.02381		0
162	East		9		36		4.11111		1.02778		0
162	West		4		16		4		1		0
162	Front		0		0		0		0		0
162	Rear		13		52		4		1		0
162	5		20		4.4		1.1		2.35294
163	North		0		0		0		0		0
163	South		11		44		4.09091		1.02273		0
163	East		9		36		4.11111		1.02778		0
163	West		5		20		4		1		0
163	Front		0		0		0		0		0
163	Rear		11		44		4		1		0
163	11		44		4		1		2.41096
164	North		0		0		0		0		0
164	South		11		44		4		1		0
164	East		8		32		4		1		0
164	West		5		20		4		1		0
164	Front		0		0		0		0		0
164	Rear		12		48		4.08333		1.02083		0
164	9		36		4		1		2.44068
165	North		0		0		0		0		0
165	South		13		52		4.07692		1.01923		0
165	East		4		16		4		1		0
165	West		5		20		4		1		0
165	Front		0		0		0		0		0
165	Rear		7		28		4		1		0
165	7		28		4		1		2.15385
166	North		0		0		0		0		0
166	South		12		48		4		1		0
166	East		6		24		4.16667		1.04167		0
166	West		2		8		4		1		0
166	Front		0		0		0		0		0
166	Rear		9		36		4		1		0
166	6		24		4		1		2
167	North		0		0		0		0		0
167	South		5		20		4		1		0
167	West		1		4		4		1		0
167	Front		0		0		0		0		0
167	Rear		3		12		4		1		0
167	9		36		4		1		1.7561
168	North		0		0		0		0		0
168	South		12		48		4		1		0
168	East		3		12		4.33333		1.08333		0
168	Front		0		0		0		0		0
168	Rear		3		12		4		1		0
168	10		40		4		1		2.75862
169	North		0		0		0		0		0
169	South		13		52		4		1		0
169	East		2		8		4		1		0
169	West		10		40		4.1		1.025		0
169	Front		0		0		0		0		0
169	Rear		6		24		4		1		0
169	12		48		4		1		2.31325
170	North		0		0		0		0		0
170	South		16		64		4.0625		1.01562		0
170	East		9		36		4		1		0
170	West		8		32		4.25		1.0625		0
170	Front		0		0		0		0		0
170	Rear		11		44		4.18182		1.04545		0
170	3		12		4		1		2.4
171	North		0		0		0		0		0
171	South		11		44		4.18182		1.04545		0
171	East		1		4		4		1		0
171	West		4		16		4		1		0
171	Front		0		0		0		0		0
171	Rear		12		48		4		1		0
171	11		44		4.36364		1.09091		2.37838
172	North		0		0		0		0		0
172	South		13		52		4		1		0
172	East		2		8		4		1		0
172	West		3		12		4.33333		1.08333		0
172	Front		0		0		0		0		0
172	Rear		7		28		4.14286		1.03571		0
172	4		16		4		1		3.04762
173	North		0		0		0		0		0
173	South		12		48		4.08333		1.02083		0
173	East		3		12		4		1		0
173	West		4		16		4		1		0
173	Front		0		0		0		0		0
173	Rear		7		28		4.28571		1.07143		0
173	7		28		5.42857		1.35714		2.11321
174	North		0		0		0		0		0
174	South		11		44		4		1		0
174	East		3		12		4		1		0
174	West		5		20		4		1		0
174	Front		0		0		0		0		0
174	Rear		12		48		4		1		0
174	4		16		4		1		1.82857
175	North		0		0		0		0		0
175	South		4		16		4		1		0
175	West		2		8		4		1		0
175	Front		0		0		0		0		0
175	Rear		2		8		4		1		0
175	7		28		4		1		1.41772
176	North		0		0		0		0		0
176	South		8		32		4.125		1.03125		0
176	East		2		8		4		1		0
176	Front		0		0		0		0		0
176	Rear		8		32		4		1		0
176	10		40		4		1		2.31884
177	North		0		0		0		0		0
177	South		5		20		4		1		0
177	East		3		12		4		1		0
177	West		3		12		4		1		0
177	Front		0		0		0		0		0
177	Rear		6		24		4		1		0
177	9		36		4		1		2.76923
178	North		0		0		0		0		0
178	South		10		40		4		1		0
178	East		2		8		4.5		1.125		0
178	West		4		16		4		1		0
178	Front		0		0		0		0		0
178	Rear		8		32		4		1		0
178	7		28		4		1		2.66667
179	North		0		0		0		0		0
179	South		10		40		4		1		0
179	East		4		16		4.25		1.0625		0
179	West		1		4		4		1		0
179	Front		0		0		0		0		0
179	Rear		6		24		4		1		0
179	8		32		4		1		2.37037
180	North		0		0		0		0		0
180	South		3		12		4		1		0
180	East		6		24		4		1		0
180	West		4		16		4		1		0
180	Front		0		0		0		0		0
180	Rear		12		48		4		1		0
180	8		32		4		1		1.70667
181	North		0		0		0		0		0
181	South		7		28		4		1		0
181	East		3		12		4		1		0
181	West		4		16		4		1		0
181	Front		0		0		0		0		0
181	Rear		10		40		4.1		1.025		0
181	10		40		4		1		2.28571
182	North		0		0		0		0		0
182	South		9		36		4		1		0
182	East		6		24		4		1		0
182	West		2		8		4		1		0
182	Front		0		0		0		0		0
182	Rear		7		28		4.28571		1.07143		0
182	6		24		4		1		2.4
183	North		0		0		0		0		0
183	South		4		16		4		1		0
183	West		1		4		4		1		0
183	Front		0		0		0		0		0
183	Rear		2		8		4		1		0
183	9		36		4		1		1.77778
184	North		0		0		0		0		0
184	East		3		12		4		1		0
184	Front		0		0		0		0		0
184	Rear		4		16		4		1		0
184	9		36		4		1		1.48454
185	North		0		0		0		0		0
185	East		0		0		0		0		0
185	West		4		16		4		1		0
185	Front		0		0		0		0		0
185	Rear		3		12		4		1		0
185	8		32		4		1		1.77778
186	North		0		0		0		0		0
186	East		2		8		4		1		0
186	West		4		16		4		1		0
186	Front		0		0		0		0		0
186	Rear		4		16		4		1		0
186	8		32		4		1		1.88235
187	North		0		0		0		0		0
187	East		4		16		4		1		0
187	West		3		12		4		1		0
187	Front		0		0		0		0		0
187	Rear		3		12		4		1		0
187	6		24		4		1		1.45455
188	North		0		0		0		0		0
188	East		3		12		4		1		0
188	West		0		0		0		0		0
188	Front		0		0		0		0		0
188	Rear		3		12		4		1		0
188	7		28		4		1		2.33333
189	North		0		0		0		0		0
189	East		1		4		4		1		0
189	West		2		8		4		1		0
189	Front		0		0		0		0		0
189	Rear		2		8		4		1		0
189	10		40		6.6		1.65		1.58416
190	North		0		0		0		0		0
190	East		2		8		4		1		0
190	West		4		16		4		1		0
190	Front		0		0		0		0		0
190	Rear		4		16		4		1		0
190	12		48		4		1		1.47692
191	North		0		0		0		0		0
191	West		2		8		4		1		0
191	Front		0		0		0		0		0
191	Rear		3		12		4		1		0
191	10		40		4		1		1.97531
192	South		1		4		5		1.25		0
192	East		0		0		0		0		0
192	Front		0		0		0		0		0
192	12		48		4		1		2.74286
193	South		3		12		4		1		0
193	East		0		0		0		0		0
193	West		3		12		4		1		0
193	Front		0		0		0		0		0
193	8		32		4		1		2.2069
194	South		0		0		0		0		0
194	East		2		8		4		1		0
194	West		2		8		4		1		0
194	Front		0		0		0		0		0
194	4		16		4		1		2.66667
195	South		2		8		4.5		1.125		0
195	East		3		12		4		1		0
195	West		0		0		0		0		0
195	Front		0		0		0		0		0
195	15		60		4		1		4.0678
196	South		0		0		0		0		0
196	East		0		0		0		0		0
196	West		2		8		4		1		0
196	Front		0		0		0		0		0
196	16		64		4		1		3.71014
197	South		1		4		4		1		0
197	East		1		4		4		1		0
197	West		1		4		4		1		0
197	Front		0		0		0		0		0
197	7		28		4		1		3.11111
198	South		0		0		0		0		0
198	East		5		20		4		1		0
198	West		0		0		0		0		0
198	Front		0		0		0		0		0
198	8		32		4		1		3.28205
199	South		0		0		0		0		0
199	West		1		4		4		1		0
199	Front		0		0		0		0		0
199	8		32		4		1		2.03175
200	North		0		0		0		0		0
200	South		1		4		4		1		0
200	East		1		4		4		1		0
200	Front		0		0		0		0		0
200	9		36		4		1		2.88
201	North		3		12		4		1		0
201	South		4		16		4		1		0
201	East		1		4		4		1		0
201	West		0		0		0		0		0
201	Front		0		0		0		0		0
201	8		32		4		1		2.41509
202	North		2		8		4		1		0
202	South		2		8		4		1		0
202	East		0		0		0		0		0
202	West		1		4		4		1		0
202	Front		0		0		0		0		0
202	10		40		4		1		3.2
203	North		2		8		4		1		0
203	South		3		12		4		1		0
203	East		1		4		4		1		0
203	West		1		4		4		1		0
203	Front		0		0		0		0		0
203	3		12		4		1		2.28571
204	North		1		4		4		1		0
204	South		2		8		4		1		0
204	East		0		0		0		0		0
204	West		0		0		0		0		0
204	Front		0		0		0		0		0
204	8		32		4		1		2.56
205	North		2		8		4		1		0
205	South		2		8		4		1		0
205	East		0		0		0		0		0
205	West		1		4		4		1		0
205	Front		0		0		0		0		0
205	7		28		4		1		4.14815
206	North		5		20		4		1		0
206	South		1		4		5		1.25		0
206	East		1		4		4		1		0
206	West		4		16		4		1		0
206	Front		0		0		0		0		0
206	6		24		4		1		2.52632
207	North		0		0		0		0		0
207	South		2		8		4		1		0
207	West		0		0		0		0		0
207	Front		0		0		0		0		0
207	7		28		4		1		2.43478
208	North		0		0		0		0		0
208	South		0		0		0		0		0
208	East		1		4		4		1		0
208	Front		0		0		0		0		0
208	6		24		4		1		1.95918
209	North		1		4		4		1		0
209	South		6		24		4		1		0
209	East		1		4		4		1		0
209	West		2		8		4		1		0
209	Front		0		0		0		0		0
209	5		20		4		1		2.96296
210	North		1		4		4		1		0
210	South		8		32		4		1		0
210	East		0		0		0		0		0
210	West		1		4		4		1		0
210	Front		0		0		0		0		0
210	6		24		5.33333		1.33333		2.4
211	North		0		0		0		0		0
211	South		4		16		4		1		0
211	East		1		4		4		1		0
211	West		2		8		4		1		0
211	Front		0		0		0		0		0
211	10		40		4		1		2.75862
212	North		0		0		0		0		0
212	South		2		8		4		1		0
212	East		1		4		4		1		0
212	West		1		4		4		1		0
212	Front		0		0		0		0		0
212	6		24		4		1		3.31034
213	North		1		4		4		1		0
213	South		2		8		4		1		0
213	East		0		0		0		0		0
213	West		1		4		4		1		0
213	Front		0		0		0		0		0
213	9		36		4		1		3.5122
214	North		8		32		4		1		0
214	South		3		12		4		1		0
214	East		4		16		4		1		0
214	West		0		0		0		0		0
214	Front		0		0		0		0		0
214	12		48		4		1		2.86567
215	North		1		4		4		1		0
215	South		0		0		0		0		0
215	West		1		4		4		1		0
215	Front		0		0		0		0		0
215	11		44		4		1		2.28571
216	North		0		0		0		0		0
216	South		1		4		4		1		0
216	East		1		4		4		1		0
216	Front		0		0		0		0		0
216	5		20		4		1		2.16216
217	North		0		0		0		0		0
217	South		9		36		4.11111		1.02778		0
217	East		3		12		4		1		0
217	West		3		12		4		1		0
217	Front		0		0		0		0		0
217	13		52		4		1		2.53659
218	North		0		0		0		0		0
218	South		3		12		4		1		0
218	East		1		4		4		1		0
218	West		5		20		4		1		0
218	Front		0		0		0		0		0
218	11		44		4		1		3.14286
219	North		0		0		0		0		0
219	South		5		20		4		1		0
219	East		2		8		4		1		0
219	West		2		8		4		1		0
219	Front		0		0		0		0		0
219	6		24		4		1		2.4
220	North		0		0		0		0		0
220	South		2		8		4		1		0
220	East		3		12		4		1		0
220	West		1		4		4		1		0
220	Front		0		0		0		0		0
220	5		20		4		1		2.42424
221	North		0		0		0		0		0
221	South		3		12		4		1		0
221	East		4		16		4.25		1.0625		0
221	West		0		0		0		0		0
221	Front		0		0		0		0		0
221	7		28		4		1		2.43478
222	North		3		12		4		1		0
222	South		12		48		4		1		0
222	East		3		12		4.33333		1.08333		0
222	West		0		0		0		0		0
222	Front		0		0		0		0		0
222	10		40		4		1		2.19178
223	North		0		0		0		0		0
223	South		2		8		4		1		0
223	West		0		0		0		0		0
223	Front		0		0		0		0		0
223	10		40		4		1		2.53968
224	North		0		0		0		0		0
224	South		3		12		4		1		0
224	East		0		0		0		0		0
224	Front		0		0		0		0		0
224	9		36		4		1		2.32258
225	North		0		0		0		0		0
225	South		4		16		4.25		1.0625		0
225	East		1		4		4		1		0
225	West		6		24		4		1		0
225	Front		0		0		0		0		0
225	8		32		4		1		2.06452
226	North		0		0		0		0		0
226	South		6		24		4		1		0
226	East		1		4		4		1		0
226	West		5		20		4		1		0
226	Front		0		0		0		0		0
226	10		40		4		1		2.13333
227	North		0		0		0		0		0
227	South		7		28		4		1		0
227	East		0		0		0		0		0
227	West		5		20		4		1		0
227	Front		0		0		0		0		0
227	7		28		4		1		2.66667
228	North		0		0		0		0		0
228	South		7		28		4.14286		1.03571		0
228	East		1		4		4		1		0
228	West		2		8		4		1		0
228	Front		0		0		0		0		0
228	5		20		4		1		2.16216
229	North		0		0		0		0		0
229	South		5		20		4		1		0
229	East		2		8		4		1		0
229	West		1		4		4		1		0
229	Front		0		0		0		0		0
229	4		16		4		1		1.93939
230	North		0		0		0		0		0
230	South		10		40		4		1		0
230	East		7		28		4		1		0
230	West		1		4		4		1		0
230	Front		0		0		0		0		0
230	5		20		4		1		1.81818
231	North		0		0		0		0		0
231	South		1		4		4		1		0
231	West		0		0		0		0		0
231	Front		0		0		0		0		0
231	11		44		4		1		1.77778
232	North		0		0		0		0		0
232	South		4		16		4		1		0
232	East		0		0		0		0		0
232	Front		0		0		0		0		0
232	6		24		4		1		1.68421
233	North		0		0		0		0		0
233	South		5		20		4		1		0
233	East		1		4		4		1		0
233	West		4		16		4		1		0
233	Front		0		0		0		0		0
233	8		32		4		1		1.45455
234	North		0		0		0		0		0
234	South		3		12		4		1		0
234	East		4		16		4		1		0
234	West		8		32		4.125		1.03125		0
234	Front		0		0		0		0		0
234	6		24		4		1		1.92
235	North		0		0		0		0		0
235	South		11		44		4		1		0
235	East		3		12		4		1		0
235	West		3		12		4		1		0
235	Front		0		0		0		0		0
235	7		28		4		1		1.80645
236	North		0		0		0		0		0
236	South		6		24		4		1		0
236	East		3		12		4		1		0
236	West		1		4		4		1		0
236	Front		0		0		0		0		0
236	11		44		4		1		1.87234
237	North		0		0		0		0		0
237	South		2		8		4.5		1.125		0
237	East		2		8		4		1		0
237	West		4		16		4		1		0
237	Front		0		0		0		0		0
237	8		32		4		1		1.96923
238	North		0		0		0		0		0
238	South		7		28		4		1		0
238	East		8		32		4		1		0
238	West		1		4		4		1		0
238	Front		0		0		0		0		0
238	8		32		4		1		2.03175
239	North		0		0		0		0		0
239	South		1		4		4		1		0
239	West		0		0		0		0		0
239	Front		0		0		0		0		0
239	10		40		4		1		1.5534
240	North		0		0		0		0		0
240	South		2		8		4		1		0
240	East		2		8		4		1		0
240	Front		0		0		0		0		0
240	11		44		4		1		1.43089
241	North		0		0		0		0		0
241	South		3		12		4		1		0
241	East		4		16		4		1		0
241	West		3		12		4		1		0
241	Front		0		0		0		0		0
241	6		24		4		1		1.57377
242	North		0		0		0		0		0
242	South		8		32		4.125		1.03125		0
242	East		4		16		4		1		0
242	West		3		12		4		1		0
242	Front		0		0		0		0		0
242	8		32		4		1		1.91045
243	North		0		0		0		0		0
243	South		5		20		4		1		0
243	East		7		28		4		1		0
243	West		8		32		4.125		1.03125		0
243	Front		0		0		0		0		0
243	8		32		4		1		1.93939
244	North		0		0		0		0		0
244	South		6		24		4.16667		1.04167		0
244	East		3		12		4		1		0
244	West		7		28		4		1		0
244	Front		0		0		0		0		0
244	12		48		4		1		2.04255
245	North		0		0		0		0		0
245	South		6		24		4.16667		1.04167		0
245	East		3		12		4		1		0
245	West		3		12		4.33333		1.08333		0
245	Front		0		0		0		0		0
245	4		16		6		1.5		1.77778
246	North		0		0		0		0		0
246	South		7		28		4		1		0
246	East		5		20		4.2		1.05		0
246	West		1		4		4		1		0
246	Front		0		0		0		0		0
246	4		16		4		1		1.3617
247	North		0		0		0		0		0
247	South		3		12		4		1		0
247	West		0		0		0		0		0
247	Front		0		0		0		0		0
247	5		20		4		1		1.48148
248	North		0		0		0		0		0
248	East		0		0		0		0		0
248	Front		0		0		0		0		0
248	10		40		4		1		1.6
249	North		0		0		0		0		0
249	East		0		0		0		0		0
249	West		4		16		4		1		0
249	Front		0		0		0		0		0
249	5		20		4		1		1.45455
250	North		0		0		0		0		0
250	East		1		4		4		1		0
250	West		3		12		4		1		0
250	Front		0		0		0		0		0
250	10		40		4		1		2
251	North		0		0		0		0		0
251	East		1		4		4		1		0
251	West		2		8		4		1		0
251	Front		0		0		0		0		0
251	7		28		4		1		1.80645
252	North		0		0		0		0		0
252	East		1		4		4		1		0
252	West		1		4		4		1		0
252	Front		0		0		0		0		0
252	10		40		4		1		1.56863
253	North		0		0		0		0		0
253	East		2		8		4		1		0
253	West		2		8		4		1		0
253	Front		0		0		0		0		0
253	7		28		4		1		1.62319
254	North		0		0		0		0		0
254	East		2		8		4		1		0
254	West		2		8		4		1		0
254	Front		0		0		0		0		0
254	9		36		4		1		1.44
255	North		0		0		0		0		0
255	West		0		0		0		0		0
255	Front		0		0		0		0		0
255	8		32		4		1		1.31959

Overall average latency per channel (in clock cycles per flit) = 0.931057

Overall average latency per channel(in clock cycles per packet) = 3.72423

Overall total throughput is 3.01027

Overall average latency (in clock cycles per flit) = 31.0733

Total Flits Generated = 7968
Total Flits Received = 7968
