63.0409
84.4838
67.7206
89.139
73.6249
68.5416
101.55
94.6003
85.3817
98.6479
82.8091
79.2367
90.5888
79.6979
57.0376
82.3393
92.396
76.8127
80.3986
80.5682
52.8517
77.4048
64.8768
82.7838
75.8353
71.9827
78.1689
90.8295
90.8192
75.2898
71.8939
71.034
76.1069
89.7093
103.802
81.9524
79.3357
83.9334
79.2408
73.6067
72.7271
93.2454
72.8259
79.6363
85.3777
69.9942
74.5514
88.5114
85.3861
84.5105
80.4611
81.3273
87.272
80.4057
84.7779
117.414
106.107
94.3192
100.993
100.307
126
94.1831
82.0122
85.4396
78.0437
79.4978
84.1075
93.2939
92.3497
89.6914
100.235
84.3214
69.7413
68.3304
68.337
95.9737
52.4925
74.2653
55.1678
56.6408
61.7445
64.8872
87.0764
82.6244
50.6164
62.6724
63.4807
55.0491
48.7536
67.0803
69.8105
78.7928
67.8173
90.6625
81.7755
93.5662
72.7538
61.7955
61.9173
58.7054
57.8583
80.2661
69.3322
63.2909
53.1867
56.2457
70.1134
60.3683
60.2809
53.6674
73.744
73.6527
82.0841
47.4953
49.0905
60.5561
66.9087
84.8816
73.054
68.4031
80.2604
70.0016
72.2977
71.1636
64.6688
89.6732
71.0088
63.5793
65.1491
85.3846
67.7147
52.1398
52.8582
76.6579
72.9746
66.0294
65.0196
58.0907
77.5304
88.394
100.744
94.9987
92.5104
98.0641
59.5245
97.7888
89.0656
83.8454
76.8541
73.5603
84.69
91.8778
91.2241
73.7564
94.1302
81.954
92.7591
91.6608
79.3404
78.8418
56.6812
114.073
99.9018
93.102
100.126
104.578
101.78
92.4284
104.82
106.765
89.4861
79.0143
70.9026
94.7006
114.443
71.2251
80.5362
77.7694
79.8308
76.1475
79.5595
70.8412
49.5486
84.2236
80.933
78.7512
85.2368
76.0062
80.8348
88.2387
96.8564
91.588
96.1452
79.4776
69.8859
86.0482
121.815
96.6326
83.9287
75.2087
83.7156
73.3915
99.3852
75.3527
78.95
73.7522
85.4653
78.2153
82.7058
52.3692
81.0078
85.527
85.8853
67.8634
68.7292
56.6711
76.5206
80.3521
84.505
86.5796
72.0127
52.8846
71.5955
86.1348
83.1695
114.305
91.1097
90.7919
92.4233
104.459
75.7435
54.7044
66.0342
82.342
68.6022
74.0224
51.354
74.0447
59.8524
85.1068
68.5926
61.5749
81.8357
50.4551
98.1671
110.833
75.9069
80.9025
79.8376
83.5307
55.3848
71.8251
74.0907
76.0895
73.4098
80.2819
77.679
62.1511
64.9185
74.8956
65.0943
82.5059
87.1467
90.6471
66.1371
26
62.6261
75.4124
73.6657
85.2973
77.3724
86.204
77.9054
65.372
71.9092
73.0688
85.4949
85.0956
82.7577
79.7471
86.1212
97.1662
91.2396
76.488
88.0035
93.4345
62.7256
66.5033
85.6647
78.3866
80.6925
62.8537
70.1433
55.4538
74.2304
72.9335
58.8893
79.5591
79.5698
75.3885
