Results:

Topology: MESH

Traffic Pattern: TRANSPOSE

Routing Algorithm: PROM
{"PIR": [1, 2, 3, 4, 5, 6, 7, 8, 9, 10, 11, 12, 13, 14, 15, 16, 17, 18, 19, 20, 21, 22, 23, 24, 25, 26, 27, 28, 29, 30, 31, 32, 33, 34, 35, 36, 37, 38, 39, 40, 41, 42, 43, 44, 45, 46, 47, 48, 49, 50, 51, 52, 53, 54, 55, 56, 57, 58, 59, 60, 61, 62, 63, 64, 65, 66, 67, 68, 69, 70, 71, 72, 73, 74, 75, 76, 77, 78, 79, 80, 81, 82, 83, 84, 85, 86, 87, 88, 89, 90, 91, 92, 93, 94, 95, 96, 97, 98, 99, 100]
,"Power": [0.0102403, 0.0153597, 0.0204846, 0.0256263, 0.0353152, 0.0409679, 0.0460805, 0.0511903, 0.0593431, 0.0662007, 0.0716966, 0.0768895, 0.0827889, 0.0896799, 0.0968472, 0.102253, 0.10734, 0.114416, 0.119932, 0.12626, 0.132241, 0.138574, 0.147259, 0.151112, 0.155502, 0.165973, 0.171188, 0.177392, 0.182728, 0.188262, 0.197, 0.197013, 0.205003, 0.214104, 0.222764, 0.223265, 0.232767, 0.234332, 0.243243, 0.244832, 0.254936, 0.258551, 0.267669, 0.269521, 0.282706, 0.283764, 0.286318, 0.295812, 0.296772, 0.297687, 0.30834, 0.309974, 0.310775, 0.322596, 0.32398, 0.324005, 0.324463, 0.336573, 0.339074, 0.340303, 0.340577, 0.359063, 0.359526, 0.36012, 0.36051, 0.361526, 0.376155, 0.377179, 0.379114, 0.379512, 0.380624, 0.380989, 0.39083, 0.391076, 0.391397, 0.391434, 0.391605, 0.39225, 0.392335, 0.393047, 0.393269, 0.393593, 0.394064, 0.394114, 0.394205, 0.394457, 0.394601, 0.395136, 0.395421, 0.395665, 0.395756, 0.395767, 0.395957, 0.396293, 0.396514, 0.396748, 0.396754, 0.396916, 0.397448, 0.397643]
,"Global_Latency": [0, 0, 0, 0, 0, 0, 0, 0, 0, 0, 0, 0, 0, 0, 0, 0, 0, 0, 0, 0, 0, 0, 0, 0, 0, 0, 0, 0, 0, 0, 0, 0.752197, 5.21031, 8.66667, 13.0, 17.3333, 21.6667, 26.6321, 26.9219, 30.0, 34.6667, 36.2947, 39.0, 43.3333, 46.9594, 55.4882, 59.7708, 60.6667, 64.0, 65.0, 67.3975, 68.6339, 70.3646, 75.6667, 79.9015, 80.076, 81.75, 82.0, 82.425, 85.3761, 85.4974, 86.3333, 86.3525, 86.4271, 86.6898, 87.8816, 88.2713, 92.0496, 94.1741, 96.3815, 98.1538, 98.2083, 99.75, 104.668, 105.509, 108.103, 109.068, 118.528, 124.618, 126.125, 131.688, 139.87, 152.19, 156.479, 160.333, 164.637, 188.729, 252.96, 270.274, 302.128, 312.756, 421.101, 467.676, 478.238, 493.461, 508.287, 551.24, 642.877, 666.979, 830.062]
, "Global_ThroughPut": [0, 0, 0, 0, 0, 0, 0, 0, 0, 0, 0, 0, 0, 0, 0, 0, 0, 0, 0, 0, 0, 0, 0, 0, 0, 0, 0, 0, 0, 0, 0, 15.976, 16.0029, 16.0669, 16.1258, 16.1549, 16.1711, 16.1923, 16.1953, 16.2015, 16.2651, 16.3067, 16.3245, 16.3542, 16.3662, 16.3945, 16.4223, 16.4251, 16.5144, 16.5335, 16.5417, 16.5854, 16.657, 16.6601, 16.6615, 16.6722, 16.6958, 16.7513, 16.789, 16.8, 16.8064, 16.8358, 16.8417, 16.8841, 16.8867, 16.9089, 16.9308, 17.0, 17.1667, 17.2565, 17.3333, 17.3542, 17.4833, 20.4186, 20.7621, 22.7064, 23.1642, 23.3722, 23.4545, 23.4933, 23.6099, 24.5873, 25.7404, 27.6607, 27.6654, 27.6926, 27.8798, 27.9758, 27.9884, 28.1141, 28.3616, 28.3945, 28.4919, 28.5503, 28.8207, 28.8534, 29.3244, 29.5399, 29.6189, 30.1265]
}

Routing Algorithm: XY
{"PIR": [1, 2, 3, 4, 5, 6, 7, 8, 9, 10, 11, 12, 13, 14, 15, 16, 17, 18, 19, 20, 21, 22, 23, 24, 25, 26, 27, 28, 29, 30, 31, 32, 33, 34, 35, 36, 37, 38, 39, 40, 41, 42, 43, 44, 45, 46, 47, 48, 49, 50, 51, 52, 53, 54, 55, 56, 57, 58, 59, 60, 61, 62, 63, 64, 65, 66, 67, 68, 69, 70, 71, 72, 73, 74, 75, 76, 77, 78, 79, 80, 81, 82, 83, 84, 85, 86, 87, 88, 89, 90, 91, 92, 93, 94, 95, 96, 97, 98, 99, 100]
,"Power": [0.0102416, 0.0153625, 0.0204819, 0.0256082, 0.0355788, 0.0409679, 0.0461011, 0.0512068, 0.0598406, 0.0658637, 0.0717173, 0.0768114, 0.0823109, 0.0894416, 0.0960741, 0.101363, 0.107312, 0.114531, 0.120173, 0.126687, 0.131815, 0.139123, 0.147424, 0.151725, 0.156323, 0.165356, 0.170796, 0.17709, 0.183959, 0.189775, 0.196655, 0.197212, 0.205635, 0.214556, 0.22122, 0.223703, 0.232245, 0.233523, 0.241794, 0.244297, 0.256554, 0.257573, 0.268949, 0.269108, 0.282614, 0.282911, 0.285172, 0.296532, 0.297373, 0.2977, 0.307599, 0.309165, 0.309185, 0.321031, 0.324092, 0.32503, 0.325755, 0.337865, 0.340255, 0.341826, 0.342824, 0.355685, 0.35622, 0.35749, 0.360064, 0.360596, 0.376752, 0.377164, 0.377224, 0.377562, 0.377661, 0.380971, 0.390539, 0.390742, 0.390967, 0.391337, 0.391556, 0.391739, 0.392431, 0.392769, 0.392831, 0.39284, 0.392953, 0.392972, 0.393438, 0.394304, 0.394323, 0.394395, 0.395097, 0.395285, 0.395464, 0.395614, 0.395862, 0.395957, 0.396316, 0.396868, 0.397318, 0.397332, 0.397824, 0.398436]
,"Global_Latency": [0, 0, 0, 0, 0, 0, 0, 0, 0, 0, 0, 0, 0, 0, 0, 0, 0, 0, 0, 0, 0, 0, 0, 0, 0, 0, 0, 0, 0, 0, 0, 2.73214, 8.66667, 13.0, 13.9841, 17.3333, 20.8244, 21.6667, 27.8437, 28.9306, 34.0851, 34.6667, 39.0, 43.3333, 44.7054, 48.3724, 51.4568, 53.0625, 54.8257, 55.3229, 60.6667, 61.0625, 65.0, 65.0734, 65.4889, 65.7348, 69.3333, 69.7262, 73.7578, 73.9978, 75.1979, 80.5184, 81.4427, 83.6632, 85.0095, 86.1533, 86.4342, 86.5503, 87.6369, 96.3333, 97.6318, 102.5, 105.229, 107.427, 114.242, 114.339, 117.0, 120.215, 131.75, 132.557, 148.958, 160.667, 161.125, 176.031, 183.292, 334.519, 392.116, 404.179, 420.392, 548.354, 591.772, 596.96, 617.417, 718.716, 754.871, 783.431, 810.54, 1056.99, 1096.26, 1202.19]
, "Global_ThroughPut": [0, 0, 0, 0, 0, 0, 0, 0, 0, 0, 0, 0, 0, 0, 0, 0, 0, 0, 0, 0, 0, 0, 0, 0, 0, 0, 0, 0, 0, 0, 0, 15.8682, 16.1533, 16.2038, 16.2482, 16.2522, 16.2646, 16.2671, 16.2789, 16.2944, 16.3116, 16.3229, 16.3459, 16.3467, 16.3631, 16.4246, 16.4307, 16.4361, 16.4595, 16.5152, 16.5318, 16.5686, 16.5833, 16.5936, 16.6011, 16.6105, 16.6375, 16.6382, 16.6937, 16.7317, 16.7676, 16.7917, 16.8081, 16.8519, 16.9345, 16.9416, 16.975, 17.0463, 17.25, 17.2586, 17.2825, 17.3611, 17.4583, 17.55, 19.2866, 20.6104, 23.0571, 23.1598, 23.1719, 23.3527, 23.4293, 26.51, 27.0015, 27.4815, 27.6776, 27.749, 27.7916, 27.857, 27.9483, 28.0623, 28.0644, 28.1593, 28.473, 28.5796, 28.6226, 29.0042, 29.3031, 29.5382, 29.6043, 30.1992]
}

Routing Algorithm: WF
{"PIR": [1, 2, 3, 4, 5, 6, 7, 8, 9, 10, 11, 12, 13, 14, 15, 16, 17, 18, 19, 20, 21, 22, 23, 24, 25, 26, 27, 28, 29, 30, 31, 32, 33, 34, 35, 36, 37, 38, 39, 40, 41, 42, 43, 44, 45, 46, 47, 48, 49, 50, 51, 52, 53, 54, 55, 56, 57, 58, 59, 60, 61, 62, 63, 64, 65, 66, 67, 68, 69, 70, 71, 72, 73, 74, 75, 76, 77, 78, 79, 80, 81, 82, 83, 84, 85, 86, 87, 88, 89, 90, 91, 92, 93, 94, 95, 96, 97, 98, 99, 100]
,"Power": [0.0102389, 0.0153597, 0.0204778, 0.0256049, 0.0353782, 0.0409775, 0.0460709, 0.0511848, 0.0601318, 0.0657385, 0.0716133, 0.0767982, 0.0837113, 0.0888548, 0.0962203, 0.101875, 0.107332, 0.114962, 0.120268, 0.126187, 0.132092, 0.138678, 0.147407, 0.15167, 0.155634, 0.167047, 0.170844, 0.177056, 0.182714, 0.191029, 0.197302, 0.197423, 0.207201, 0.215759, 0.221316, 0.223036, 0.233094, 0.23388, 0.242891, 0.244268, 0.255293, 0.256084, 0.268455, 0.269535, 0.284091, 0.284178, 0.284366, 0.298952, 0.300538, 0.300909, 0.309745, 0.314557, 0.316867, 0.330743, 0.331729, 0.33249, 0.333922, 0.351886, 0.352933, 0.354261, 0.356176, 0.375076, 0.37536, 0.376977, 0.377347, 0.379755, 0.403598, 0.403656, 0.403715, 0.404496, 0.404888, 0.406193, 0.428745, 0.430534, 0.43309, 0.433121, 0.433884, 0.435092, 0.435678, 0.435811, 0.436558, 0.436644, 0.437119, 0.437268, 0.437463, 0.43752, 0.438425, 0.43891, 0.438916, 0.438928, 0.440069, 0.440738, 0.441251, 0.4416, 0.441667, 0.442242, 0.442426, 0.443161, 0.446234, 0.446869]
,"Global_Latency": [0, 0, 0, 0, 0, 0, 0, 0, 0, 0, 0, 0, 0, 0, 0, 0, 0, 0, 0, 0, 0, 0, 0, 0, 0, 0, 0, 0, 0, 0, 8.66667, 9.3125, 13.0, 15.9683, 17.3333, 21.6667, 26.8125, 34.6667, 37.375, 39.0, 39.4206, 41.3583, 43.2343, 43.3333, 43.9295, 46.5833, 46.8955, 54.1177, 54.6116, 55.75, 57.487, 57.9818, 58.9345, 63.251, 65.0, 70.036, 74.1598, 74.4252, 74.8507, 75.4892, 79.7812, 81.0754, 81.933, 83.3958, 84.7714, 91.8819, 94.9335, 95.9375, 98.9341, 99.3542, 106.124, 114.768, 119.286, 122.078, 130.604, 132.943, 134.048, 135.826, 137.44, 138.854, 140.596, 148.348, 158.25, 168.296, 185.134, 239.917, 289.75, 324.562, 331.062, 438.498, 473.014, 512.105, 547.708, 566.086, 698.194, 858.963, 1223.38, 1270.23, 1357.1, 1650.76]
, "Global_ThroughPut": [0, 0, 0, 0, 0, 0, 0, 0, 0, 0, 0, 0, 0, 0, 0, 0, 0, 0, 0, 0, 0, 0, 0, 0, 0, 0, 0, 0, 0, 0, 15.5691, 15.7984, 15.8486, 15.8585, 15.8647, 15.8834, 15.8835, 15.9025, 15.9078, 15.914, 15.915, 15.9399, 15.964, 16.0042, 16.0231, 16.0557, 16.1164, 16.12, 16.1381, 16.1583, 16.1645, 16.1802, 16.1951, 16.2059, 16.2167, 16.2211, 16.2229, 16.2398, 16.2504, 16.287, 16.3032, 16.3134, 16.3854, 16.4207, 16.5235, 16.5393, 16.548, 16.6163, 16.6798, 16.6944, 16.75, 16.8333, 16.9, 17.5681, 18.6404, 18.791, 19.2897, 19.4551, 19.5089, 19.6101, 19.7878, 19.8096, 20.6876, 21.7465, 21.9569, 21.9582, 21.9606, 21.9732, 22.0791, 22.0918, 22.1227, 22.1508, 22.1643, 22.1886, 22.2622, 22.3934, 22.418, 22.5638, 22.6627, 23.1733]
}

Routing Algorithm: NL
{"PIR": [1, 2, 3, 4, 5, 6, 7, 8, 9, 10, 11, 12, 13, 14, 15, 16, 17, 18, 19, 20, 21, 22, 23, 24, 25, 26, 27, 28, 29, 30, 31, 32, 33, 34, 35, 36, 37, 38, 39, 40, 41, 42, 43, 44, 45, 46, 47, 48, 49, 50, 51, 52, 53, 54, 55, 56, 57, 58, 59, 60, 61, 62, 63, 64, 65, 66, 67, 68, 69, 70, 71, 72, 73, 74, 75, 76, 77, 78, 79, 80, 81, 82, 83, 84, 85, 86, 87, 88, 89, 90, 91, 92, 93, 94, 95, 96, 97, 98, 99, 100]
,"Power": [0.0102389, 0.0153583, 0.0204778, 0.0255986, 0.0355168, 0.0409693, 0.0460833, 0.0511945, 0.0595397, 0.0659098, 0.0716626, 0.076798, 0.0832481, 0.0899201, 0.0961361, 0.101715, 0.107219, 0.115073, 0.120235, 0.125465, 0.131952, 0.139483, 0.145989, 0.151119, 0.155841, 0.165592, 0.170634, 0.176597, 0.183992, 0.190551, 0.196608, 0.19855, 0.206701, 0.212179, 0.220844, 0.222547, 0.232779, 0.234041, 0.242826, 0.244495, 0.254787, 0.256285, 0.269474, 0.270432, 0.281825, 0.286262, 0.287323, 0.29834, 0.298632, 0.299057, 0.31374, 0.313875, 0.316755, 0.33112, 0.331976, 0.332377, 0.334989, 0.352707, 0.353041, 0.353467, 0.354605, 0.376647, 0.376734, 0.378784, 0.379869, 0.383548, 0.398675, 0.401069, 0.401546, 0.401803, 0.403773, 0.404464, 0.4225, 0.424757, 0.424833, 0.425759, 0.425979, 0.427206, 0.427269, 0.427406, 0.427595, 0.431391, 0.431806, 0.432395, 0.432966, 0.433249, 0.434499, 0.43452, 0.434525, 0.43483, 0.435335, 0.435919, 0.436994, 0.437126, 0.437173, 0.437554, 0.438751, 0.438752, 0.439136, 0.439354]
,"Global_Latency": [0, 0, 0, 0, 0, 0, 0, 0, 0, 0, 0, 0, 0, 0, 0, 0, 0, 0, 0, 0, 0, 0, 0, 0, 0, 0, 0, 0, 0, 1.06252, 4.82197, 5.64931, 8.66667, 10.1458, 11.5655, 13.0, 13.5322, 17.3333, 21.6667, 28.675, 29.8576, 34.1058, 34.6667, 39.0, 43.3333, 44.6682, 46.1927, 59.0114, 59.6583, 60.6667, 61.1076, 65.0, 65.2645, 66.1735, 72.4507, 74.1083, 76.2113, 78.4089, 81.125, 86.2708, 88.8894, 89.6789, 90.1324, 90.8333, 91.5694, 94.1518, 95.2265, 98.1023, 99.2628, 103.772, 115.106, 115.792, 118.716, 119.368, 121.021, 121.771, 122.819, 130.951, 132.995, 135.299, 143.618, 149.336, 157.565, 241.312, 296.69, 314.583, 320.208, 323.469, 421.049, 426.797, 432.667, 457.667, 550.446, 637.101, 702.692, 727.324, 733.521, 736.548, 829.399, 1127.48]
, "Global_ThroughPut": [0, 0, 0, 0, 0, 0, 0, 0, 0, 0, 0, 0, 0, 0, 0, 0, 0, 0, 0, 0, 0, 0, 0, 0, 0, 0, 0, 0, 0, 15.7598, 15.7953, 15.8196, 15.8956, 15.9053, 15.9279, 15.9345, 15.9821, 16.0608, 16.0894, 16.1457, 16.1534, 16.1685, 16.1924, 16.261, 16.287, 16.3002, 16.3214, 16.3241, 16.3313, 16.3528, 16.3611, 16.367, 16.3751, 16.3772, 16.3789, 16.3885, 16.4125, 16.4217, 16.4381, 16.4872, 16.5111, 16.5391, 16.5583, 16.5962, 16.6166, 16.6188, 16.6562, 16.85, 16.9375, 16.9722, 17.0, 18.5229, 18.5319, 19.4435, 19.5403, 19.5937, 19.6216, 19.8091, 20.0671, 24.1186, 24.4006, 24.5058, 25.5626, 25.617, 25.6685, 25.7345, 25.8008, 25.8654, 26.0243, 26.064, 26.1213, 26.2985, 26.311, 26.3518, 26.3702, 26.4295, 26.4347, 26.5099, 26.5572, 26.6285]
}


Traffic Pattern: BIT_SHUFFLE

Routing Algorithm: PROM
{"PIR": [1, 2, 3, 4, 5, 6, 7, 8, 9, 10, 11, 12, 13, 14, 15, 16, 17, 18, 19, 20, 21, 22, 23, 24, 25, 26, 27, 28, 29, 30, 31, 32, 33, 34, 35, 36, 37, 38, 39, 40, 41, 42, 43, 44, 45, 46, 47, 48, 49, 50, 51, 52, 53, 54, 55, 56, 57, 58, 59, 60, 61, 62, 63, 64, 65, 66, 67, 68, 69, 70, 71, 72, 73, 74, 75, 76, 77, 78, 79, 80, 81, 82, 83, 84, 85, 86, 87, 88, 89, 90, 91, 92, 93, 94, 95, 96, 97, 98, 99, 100]
,"Power": [0.00906028, 0.0135904, 0.0181206, 0.0226507, 0.0316505, 0.0362411, 0.0407713, 0.0453014, 0.0534636, 0.0588918, 0.063422, 0.06796, 0.0742186, 0.0799755, 0.0852561, 0.0906028, 0.0951478, 0.101099, 0.106015, 0.111838, 0.117231, 0.12403, 0.129974, 0.133552, 0.138159, 0.146119, 0.151105, 0.157163, 0.162649, 0.169023, 0.174446, 0.175681, 0.183062, 0.188291, 0.197018, 0.198193, 0.206964, 0.207168, 0.215833, 0.216815, 0.225644, 0.229115, 0.237549, 0.239671, 0.251074, 0.252839, 0.253054, 0.267879, 0.267898, 0.270207, 0.283235, 0.284197, 0.284796, 0.302894, 0.30308, 0.30385, 0.303969, 0.324399, 0.324849, 0.325703, 0.32807, 0.347425, 0.350578, 0.352273, 0.352675, 0.352834, 0.37716, 0.379136, 0.379335, 0.380203, 0.380886, 0.382337, 0.407708, 0.4098, 0.409962, 0.41188, 0.412262, 0.413282, 0.414147, 0.41651, 0.419456, 0.419458, 0.420947, 0.421006, 0.421446, 0.421566, 0.422841, 0.422936, 0.424177, 0.424436, 0.425355, 0.425355, 0.425514, 0.425581, 0.425755, 0.4272, 0.42758, 0.428274, 0.428538, 0.430897]
,"Global_Latency": [0, 0, 0, 0, 0, 0, 0, 0, 0, 0, 0, 0, 0, 0, 0, 0, 0, 0, 0, 0, 0, 0, 0, 0, 0, 0, 0, 0, 0, 0, 0, 0, 15.6667, 17.6496, 23.2292, 23.5, 31.3333, 39.1667, 40.6295, 50.6875, 51.1153, 59.3646, 62.6667, 70.0577, 70.5, 70.6339, 71.9433, 78.3333, 79.4896, 83.3073, 84.748, 92.25, 99.7177, 101.833, 109.667, 117.5, 120.952, 123.045, 129.009, 130.714, 155.347, 156.667, 156.917, 157.953, 162.964, 164.457, 164.625, 164.936, 169.323, 172.938, 178.521, 178.754, 180.292, 184.934, 191.734, 192.257, 194.583, 204.96, 217.056, 217.321, 233.333, 247.208, 249.889, 263.219, 277.845, 318.264, 320.619, 334.202, 344.25, 420.125, 506.378, 587.333, 824.833, 838.143, 1137.44, 1182.54, 1391.75, 1568.58, 2319.6, 2695.31]
, "Global_ThroughPut": [0, 0, 0, 0, 0, 0, 0, 0, 0, 0, 0, 0, 0, 0, 0, 0, 0, 0, 0, 0, 0, 0, 0, 0, 0, 0, 0, 0, 0, 0, 0, 0, 11.1542, 11.1616, 11.206, 11.2105, 11.2189, 11.219, 11.2232, 11.2247, 11.229, 11.2332, 11.2432, 11.2519, 11.2547, 11.2552, 11.2574, 11.2625, 11.2808, 11.2853, 11.2914, 11.2939, 11.295, 11.2975, 11.2978, 11.2999, 11.3023, 11.3078, 11.3103, 11.3263, 11.3345, 11.3468, 11.3504, 11.3508, 11.3693, 11.3694, 11.3712, 11.3819, 11.3899, 11.4388, 11.4429, 11.4541, 11.4923, 11.5058, 11.5214, 11.5969, 11.6978, 11.7381, 11.8095, 11.8143, 11.8571, 11.8571, 12.6247, 12.9255, 13.1977, 13.2417, 13.3058, 13.3283, 13.3309, 13.3523, 13.3557, 13.3831, 13.3836, 13.3927, 13.4458, 13.4806, 13.511, 13.5856, 13.6103, 13.8284]
}

Routing Algorithm: XY
{"PIR": [1, 2, 3, 4, 5, 6, 7, 8, 9, 10, 11, 12, 13, 14, 15, 16, 17, 18, 19, 20, 21, 22, 23, 24, 25, 26, 27, 28, 29, 30, 31, 32, 33, 34, 35, 36, 37, 38, 39, 40, 41, 42, 43, 44, 45, 46, 47, 48, 49, 50, 51, 52, 53, 54, 55, 56, 57, 58, 59, 60, 61, 62, 63, 64, 65, 66, 67, 68, 69, 70, 71, 72, 73, 74, 75, 76, 77, 78, 79, 80, 81, 82, 83, 84, 85, 86, 87, 88, 89, 90, 91, 92, 93, 94, 95, 96, 97, 98, 99, 100]
,"Power": [0.00906028, 0.0135904, 0.0181206, 0.0226507, 0.0315542, 0.0362411, 0.0407713, 0.0453014, 0.053232, 0.0586832, 0.063422, 0.0679679, 0.0739818, 0.0799728, 0.0858912, 0.0906028, 0.0951408, 0.102627, 0.107238, 0.11178, 0.117314, 0.123482, 0.129899, 0.13402, 0.138207, 0.147895, 0.15047, 0.157719, 0.162764, 0.168082, 0.174791, 0.176053, 0.18214, 0.190055, 0.198359, 0.198479, 0.206488, 0.206755, 0.214592, 0.216158, 0.225931, 0.227533, 0.237538, 0.239611, 0.251412, 0.254085, 0.25453, 0.265664, 0.267917, 0.268772, 0.281499, 0.284091, 0.285631, 0.299123, 0.300078, 0.300919, 0.305982, 0.324611, 0.324792, 0.325498, 0.328422, 0.349579, 0.351736, 0.352659, 0.354052, 0.355571, 0.378837, 0.380043, 0.380731, 0.381267, 0.381287, 0.382033, 0.405559, 0.406629, 0.407296, 0.407771, 0.409435, 0.410226, 0.411079, 0.412137, 0.415034, 0.415726, 0.415904, 0.416108, 0.416888, 0.416999, 0.417348, 0.417794, 0.41794, 0.418171, 0.418878, 0.419988, 0.420077, 0.420689, 0.421147, 0.422412, 0.422781, 0.423152, 0.423217, 0.423679]
,"Global_Latency": [0, 0, 0, 0, 0, 0, 0, 0, 0, 0, 0, 0, 0, 0, 0, 0, 0, 0, 0, 0, 0, 0, 0, 0, 0, 0, 0, 0, 0, 0, 0, 0, 1.32575, 15.6667, 23.5, 27.6786, 31.3333, 39.1667, 40.0104, 45.7748, 51.9688, 53.8333, 59.2396, 62.6667, 63.875, 70.5, 78.3333, 81.6362, 85.0885, 93.4226, 101.079, 106.91, 106.983, 109.667, 110.01, 117.5, 133.952, 136.045, 136.125, 141.967, 146.984, 148.597, 155.866, 156.667, 163.802, 164.5, 165.979, 170.188, 173.609, 174.386, 180.857, 181.438, 182.917, 185.029, 189.896, 190.978, 201.771, 214.321, 215.266, 217.968, 228.707, 243.4, 245.583, 256.635, 279.087, 311.646, 356.25, 439.125, 474.798, 534.756, 640.132, 709.554, 729.185, 734.083, 1090.95, 1283.63, 1355.02, 1472.25, 2004.36, 2126.63]
, "Global_ThroughPut": [0, 0, 0, 0, 0, 0, 0, 0, 0, 0, 0, 0, 0, 0, 0, 0, 0, 0, 0, 0, 0, 0, 0, 0, 0, 0, 0, 0, 0, 0, 0, 0, 11.3095, 11.3491, 11.3698, 11.3841, 11.3893, 11.3965, 11.4219, 11.4231, 11.4274, 11.4316, 11.4427, 11.446, 11.4464, 11.4492, 11.4505, 11.4547, 11.4616, 11.4698, 11.4713, 11.4716, 11.4774, 11.4848, 11.491, 11.5019, 11.5041, 11.523, 11.5252, 11.5283, 11.5401, 11.5478, 11.5578, 11.5714, 11.5804, 11.6041, 11.6073, 11.625, 11.6571, 11.6571, 11.6697, 11.6773, 11.6843, 11.7287, 11.754, 11.7542, 11.7602, 11.8857, 11.9225, 12.0, 12.1071, 12.1429, 13.8883, 14.9813, 16.1472, 16.283, 16.4923, 16.548, 16.5628, 16.5782, 16.5807, 16.5914, 16.7411, 16.7658, 16.9592, 16.9835, 17.0004, 17.0309, 17.2134, 17.6491]
}

Routing Algorithm: WF
{"PIR": [1, 2, 3, 4, 5, 6, 7, 8, 9, 10, 11, 12, 13, 14, 15, 16, 17, 18, 19, 20, 21, 22, 23, 24, 25, 26, 27, 28, 29, 30, 31, 32, 33, 34, 35, 36, 37, 38, 39, 40, 41, 42, 43, 44, 45, 46, 47, 48, 49, 50, 51, 52, 53, 54, 55, 56, 57, 58, 59, 60, 61, 62, 63, 64, 65, 66, 67, 68, 69, 70, 71, 72, 73, 74, 75, 76, 77, 78, 79, 80, 81, 82, 83, 84, 85, 86, 87, 88, 89, 90, 91, 92, 93, 94, 95, 96, 97, 98, 99, 100]
,"Power": [0.00906028, 0.0135904, 0.0181206, 0.0226507, 0.031711, 0.0362411, 0.0407713, 0.0453014, 0.0526962, 0.0580017, 0.063422, 0.0679521, 0.0738994, 0.0802116, 0.0854534, 0.0905423, 0.0951646, 0.101951, 0.106941, 0.111741, 0.117083, 0.122701, 0.130384, 0.13399, 0.139113, 0.147212, 0.152111, 0.15721, 0.162656, 0.167962, 0.173705, 0.176099, 0.181801, 0.189061, 0.196606, 0.197213, 0.206682, 0.206933, 0.216185, 0.216218, 0.226821, 0.227735, 0.238452, 0.241028, 0.252583, 0.253042, 0.253985, 0.265034, 0.267766, 0.268608, 0.283775, 0.284849, 0.285158, 0.30133, 0.302598, 0.302837, 0.304148, 0.324052, 0.324221, 0.324226, 0.324616, 0.349487, 0.350361, 0.350442, 0.350512, 0.351066, 0.377394, 0.378648, 0.38041, 0.380624, 0.381038, 0.381369, 0.408473, 0.408893, 0.410543, 0.412099, 0.412628, 0.413131, 0.414097, 0.41464, 0.417666, 0.419695, 0.420056, 0.420252, 0.421436, 0.42157, 0.422156, 0.422375, 0.422441, 0.424948, 0.424953, 0.425192, 0.425214, 0.425498, 0.425565, 0.425726, 0.426229, 0.426362, 0.42789, 0.429485]
,"Global_Latency": [0, 0, 0, 0, 0, 0, 0, 0, 0, 0, 0, 0, 0, 0, 0, 0, 0, 0, 0, 0, 0, 0, 0, 0, 0, 0, 0, 0, 0, 0, 0, 0, 0, 0, 0, 10.6042, 15.6667, 23.5, 31.3333, 39.1667, 47.7361, 54.8333, 62.6667, 67.7169, 70.5, 70.8558, 76.2422, 78.3333, 91.0528, 93.9375, 95.7262, 97.2381, 106.483, 109.667, 117.5, 117.826, 125.102, 126.292, 128.682, 133.574, 137.021, 138.696, 145.549, 147.975, 149.729, 164.5, 165.082, 174.935, 178.952, 186.5, 191.782, 203.444, 210.982, 211.5, 213.727, 217.428, 224.363, 237.785, 239.975, 246.406, 261.721, 265.368, 286.435, 289.806, 290.25, 326.0, 429.373, 432.679, 493.924, 627.083, 672.743, 966.958, 1040.96, 1082.52, 1093.14, 1235.42, 1236.44, 1387.67, 1400.24, 1918.59]
, "Global_ThroughPut": [0, 0, 0, 0, 0, 0, 0, 0, 0, 0, 0, 0, 0, 0, 0, 0, 0, 0, 0, 0, 0, 0, 0, 0, 0, 0, 0, 0, 0, 0, 0, 0, 0, 0, 0, 11.1973, 11.2693, 11.3251, 11.3367, 11.3523, 11.3717, 11.3824, 11.3877, 11.3913, 11.394, 11.3979, 11.4112, 11.4151, 11.4194, 11.4259, 11.426, 11.4366, 11.4395, 11.4431, 11.4452, 11.4514, 11.4524, 11.4558, 11.4665, 11.4682, 11.4855, 11.4983, 11.4987, 11.5024, 11.5061, 11.5079, 11.5213, 11.5232, 11.5483, 11.5514, 11.6026, 11.6071, 11.6176, 11.65, 11.6905, 11.693, 11.7143, 11.8645, 11.9286, 11.9643, 12.0714, 12.0714, 12.9564, 13.8065, 13.8611, 13.9629, 13.9637, 13.9681, 14.0323, 14.0913, 14.1332, 14.1629, 14.207, 14.2081, 14.2083, 14.3086, 14.3492, 14.3667, 14.4303, 14.4898]
}

Routing Algorithm: NL
{"PIR": [1, 2, 3, 4, 5, 6, 7, 8, 9, 10, 11, 12, 13, 14, 15, 16, 17, 18, 19, 20, 21, 22, 23, 24, 25, 26, 27, 28, 29, 30, 31, 32, 33, 34, 35, 36, 37, 38, 39, 40, 41, 42, 43, 44, 45, 46, 47, 48, 49, 50, 51, 52, 53, 54, 55, 56, 57, 58, 59, 60, 61, 62, 63, 64, 65, 66, 67, 68, 69, 70, 71, 72, 73, 74, 75, 76, 77, 78, 79, 80, 81, 82, 83, 84, 85, 86, 87, 88, 89, 90, 91, 92, 93, 94, 95, 96, 97, 98, 99, 100]
,"Power": [0.00906028, 0.0135904, 0.0181206, 0.0226507, 0.0316685, 0.0362411, 0.0407713, 0.0453014, 0.0538992, 0.0582105, 0.063288, 0.06801, 0.0740485, 0.0796658, 0.0852552, 0.0903863, 0.0951974, 0.101133, 0.106408, 0.111886, 0.117277, 0.122957, 0.13143, 0.134517, 0.138599, 0.146869, 0.151658, 0.157087, 0.161757, 0.169044, 0.172992, 0.175452, 0.181178, 0.189068, 0.197472, 0.198015, 0.20514, 0.206304, 0.215404, 0.218235, 0.226388, 0.227568, 0.237612, 0.239012, 0.251537, 0.252833, 0.253332, 0.265189, 0.265917, 0.267834, 0.283797, 0.283869, 0.284687, 0.304244, 0.304598, 0.304645, 0.305456, 0.322295, 0.324814, 0.325617, 0.327022, 0.344093, 0.348493, 0.350327, 0.350333, 0.354599, 0.37928, 0.379347, 0.379583, 0.380909, 0.381193, 0.382138, 0.413722, 0.414921, 0.41538, 0.415863, 0.415878, 0.416581, 0.419251, 0.419481, 0.421639, 0.422005, 0.42444, 0.425092, 0.425163, 0.425552, 0.425995, 0.427536, 0.427668, 0.428253, 0.429376, 0.429602, 0.430458, 0.43088, 0.43104, 0.431204, 0.431714, 0.431767, 0.432104, 0.433609]
,"Global_Latency": [0, 0, 0, 0, 0, 0, 0, 0, 0, 0, 0, 0, 0, 0, 0, 0, 0, 0, 0, 0, 0, 0, 0, 0, 0, 0, 0, 0, 0, 0, 0, 0, 0, 0, 0, 0, 0, 0.138908, 15.6667, 23.5, 26.3333, 31.3333, 39.1667, 52.3611, 52.625, 62.6667, 64.1944, 70.5, 77.572, 78.3333, 78.6261, 81.5764, 93.0338, 93.4318, 93.8289, 94.5694, 94.6945, 98.2535, 99.9896, 100.913, 108.458, 109.083, 109.417, 114.625, 117.5, 129.256, 144.529, 147.917, 149.965, 151.228, 152.896, 155.583, 158.396, 161.0, 164.5, 189.688, 189.997, 193.799, 199.394, 211.292, 213.542, 222.562, 225.667, 227.992, 230.792, 240.021, 261.157, 298.5, 300.167, 327.25, 434.986, 467.688, 534.333, 569.167, 763.458, 1354.93, 1857.54, 2016.21, 2179.44, 2337.4]
, "Global_ThroughPut": [0, 0, 0, 0, 0, 0, 0, 0, 0, 0, 0, 0, 0, 0, 0, 0, 0, 0, 0, 0, 0, 0, 0, 0, 0, 0, 0, 0, 0, 0, 0, 0, 0, 0, 0, 0, 0, 11.332, 11.3378, 11.381, 11.4015, 11.402, 11.4082, 11.421, 11.4248, 11.4253, 11.432, 11.435, 11.4359, 11.4378, 11.4466, 11.4479, 11.4635, 11.4645, 11.467, 11.4777, 11.4824, 11.4913, 11.4949, 11.4951, 11.5057, 11.507, 11.5105, 11.5109, 11.5139, 11.5186, 11.525, 11.5261, 11.531, 11.5423, 11.5504, 11.574, 11.5762, 11.5763, 11.5806, 11.581, 11.607, 11.6104, 11.6196, 11.6339, 11.7619, 11.9126, 11.9286, 12.0429, 12.0714, 12.125, 12.1786, 13.1317, 13.1983, 13.2429, 13.3384, 13.3671, 13.4611, 13.4654, 13.8031, 13.8413, 13.9044, 14.248, 14.3472, 14.3514]
}


Topology: SPIDERGON

Traffic Pattern: TRANSPOSE

Routing Algorithm: PROM
{"PIR": [1, 2, 3, 4, 5, 6, 7, 8, 9, 10, 11, 12, 13, 14, 15, 16, 17, 18, 19, 20, 21, 22, 23, 24, 25, 26, 27, 28, 29, 30, 31, 32, 33, 34, 35, 36, 37, 38, 39, 40, 41, 42, 43, 44, 45, 46, 47, 48, 49, 50, 51, 52, 53, 54, 55, 56, 57, 58, 59, 60, 61, 62, 63, 64, 65, 66, 67, 68, 69, 70, 71, 72, 73, 74, 75, 76, 77, 78, 79, 80, 81, 82, 83, 84, 85, 86, 87, 88, 89, 90, 91, 92, 93, 94, 95, 96, 97, 98, 99, 100]
,"Power": [0.114373, 0.115456, 0.116599, 0.117783, 0.118931, 0.119399, 0.119406, 0.120158, 0.120313, 0.121026, 0.121816, 0.124887, 0.12544, 0.126477, 0.126529, 0.127529, 0.12863, 0.130991, 0.131064, 0.134402, 0.135975, 0.13609, 0.136278, 0.137113, 0.139712, 0.140224, 0.140226, 0.141227, 0.143708, 0.143727, 0.144967, 0.146296, 0.148712, 0.149415, 0.149964, 0.14999, 0.151664, 0.152009, 0.152197, 0.152799, 0.155011, 0.156101, 0.156152, 0.157876, 0.158284, 0.164596, 0.16525, 0.166317, 0.166628, 0.166888, 0.167252, 0.167687, 0.168095, 0.169213, 0.169593, 0.170516, 0.170669, 0.171012, 0.171423, 0.172331, 0.173071, 0.173776, 0.174051, 0.174348, 0.1745, 0.175241, 0.17679, 0.177097, 0.177171, 0.178538, 0.179979, 0.181131, 0.181424, 0.18177, 0.182011, 0.182027, 0.182518, 0.182599, 0.182781, 0.183128, 0.183301, 0.183622, 0.183775, 0.184297, 0.184511, 0.184776, 0.184794, 0.184922, 0.18528, 0.185354, 0.185453, 0.185492, 0.185578, 0.185613, 0.185686, 0.18572, 0.185746, 0.18578, 0.186144, 0.186317]
,"Global_Latency": [0, 0, 0, 0, 0, 0, 0, 0, 0, 0, 0, 0, 0, 0, 0, 0, 0, 0, 0, 0, 0, 0, 0, 0, 0, 0, 0, 0, 0, 0, 0, 0, 0, 0.3125, 2.33333, 2.66667, 3.47917, 3.83333, 5.0, 6.16667, 8.32785, 8.5, 9.29167, 9.66667, 10.0685, 10.5737, 10.8333, 12.1667, 12.2083, 12.849, 14.5, 15.4583, 15.5, 16.4844, 16.6786, 17.0, 17.1134, 17.6224, 18.0, 19.5772, 19.9974, 23.8333, 24.2292, 24.8943, 25.3333, 28.8958, 30.9018, 31.494, 32.5278, 32.9405, 33.2917, 33.4688, 34.75, 35.4583, 36.3333, 37.0139, 41.0625, 41.1667, 41.6875, 59.3333, 62.875, 64.0833, 70.75, 79.1667, 90.25, 167.5, 222.417, 245.125, 254.5, 267.917, 298.75, 299.125, 310.542, 311.958, 425.917, 546.458, 682.562, 691.125, 715.75, 1065.83]
, "Global_ThroughPut": [0, 0, 0, 0, 0, 0, 0, 0, 0, 0, 0, 0, 0, 0, 0, 0, 0, 0, 0, 0, 0, 0, 0, 0, 0, 0, 0, 0, 0, 0, 0, 0, 0, 5.89807, 6.10502, 6.14835, 6.16207, 6.21429, 6.50811, 6.76471, 6.77465, 6.87615, 6.92105, 6.96667, 7.38889, 7.42236, 7.59091, 7.8383, 7.92857, 8.65979, 8.8, 9.13701, 9.38562, 9.64842, 9.91925, 10.0601, 10.2121, 10.3828, 10.574, 10.6553, 10.6883, 10.7435, 10.831, 11.0238, 11.1984, 11.3592, 11.586, 11.6971, 11.7799, 11.7812, 11.9651, 12.0181, 12.1848, 12.2095, 12.235, 12.3994, 12.4833, 12.6721, 12.7953, 13.0808, 13.091, 13.2712, 13.5482, 13.9099, 14.1389, 14.2985, 14.3886, 15.0441, 15.0472, 15.1849, 15.7353, 15.8082, 16.2079, 16.5186, 16.8215, 17.1333, 17.5202, 17.5673, 18.2406, 23.5112]
}

Routing Algorithm: XY
{"PIR": [1, 2, 3, 4, 5, 6, 7, 8, 9, 10, 11, 12, 13, 14, 15, 16, 17, 18, 19, 20, 21, 22, 23, 24, 25, 26, 27, 28, 29, 30, 31, 32, 33, 34, 35, 36, 37, 38, 39, 40, 41, 42, 43, 44, 45, 46, 47, 48, 49, 50, 51, 52, 53, 54, 55, 56, 57, 58, 59, 60, 61, 62, 63, 64, 65, 66, 67, 68, 69, 70, 71, 72, 73, 74, 75, 76, 77, 78, 79, 80, 81, 82, 83, 84, 85, 86, 87, 88, 89, 90, 91, 92, 93, 94, 95, 96, 97, 98, 99, 100]
,"Power": [0.0431563, 0.0432717, 0.0434234, 0.0439893, 0.0443282, 0.0461828, 0.0469118, 0.0470998, 0.0489526, 0.0497166, 0.050427, 0.0504348, 0.0519802, 0.0524655, 0.0527777, 0.0529239, 0.0536445, 0.0549142, 0.0553303, 0.056107, 0.0573082, 0.0579187, 0.0582081, 0.0586887, 0.0589611, 0.0589776, 0.0598671, 0.0607168, 0.0611944, 0.061393, 0.0621852, 0.0630406, 0.0656428, 0.0662084, 0.0676267, 0.0680745, 0.0681107, 0.0681202, 0.0695893, 0.0697697, 0.0698759, 0.071905, 0.0721303, 0.072137, 0.0724089, 0.0728995, 0.0730302, 0.0744368, 0.0744927, 0.0745124, 0.0747441, 0.0747567, 0.0752385, 0.0759109, 0.0761226, 0.07725, 0.0773916, 0.0883668, 0.0884272, 0.0885416, 0.0889304, 0.0916038, 0.0916205, 0.0916699, 0.0918069, 0.0921636, 0.0952023, 0.0955378, 0.0955688, 0.0956142, 0.0956752, 0.0957597, 0.0989916, 0.0991893, 0.0996109, 0.0997193, 0.0998837, 0.100194, 0.10041, 0.100468, 0.100798, 0.100842, 0.100907, 0.100949, 0.101058, 0.101125, 0.101416, 0.10149, 0.101689, 0.10174, 0.101768, 0.101791, 0.101991, 0.102029, 0.102045, 0.102099, 0.102109, 0.102226, 0.102379, 0.10247]
,"Global_Latency": [0, 0, 0, 0, 0, 0, 0, 0, 0, 0, 0, 0, 0, 0, 0, 0, 0, 0, 0, 0, 0, 0, 0, 0, 0, 3.64899, 5.41667, 7.22222, 9.09091, 10.6602, 12.7715, 15.1515, 15.4416, 16.875, 17.2917, 17.5458, 18.4155, 18.4343, 20.5084, 21.1687, 22.5448, 23.9536, 24.3056, 24.6591, 24.822, 25.7602, 26.25, 26.792, 27.2146, 27.6431, 27.8449, 28.9773, 30.101, 31.5713, 35.2441, 38.3838, 44.6098, 47.1165, 47.2727, 48.0619, 48.5173, 48.75, 54.1667, 57.4053, 62.5379, 66.4205, 67.9482, 86.6288, 96.0038, 118.622, 184.687, 399.062, 518.791, 534.962, 555.057, 578.542, 590.208, 595.625, 700.938, 810.474, 885.104, 893.807, 921.146, 977.869, 1083.96, 1118.79, 1119.14, 1157.65, 1159.02, 1164.19, 1214.27, 1228.1, 1237.4, 1242.29, 1333.55, 1369.61, 1434.48, 1461.35, 1502.33, 1782.68]
, "Global_ThroughPut": [0, 0, 0, 0, 0, 0, 0, 0, 0, 0, 0, 0, 0, 0, 0, 0, 0, 0, 0, 0, 0, 0, 0, 0, 0, 2.67303, 2.69501, 2.72012, 2.72135, 2.74342, 2.74651, 2.74931, 2.74975, 2.75086, 2.75107, 2.75141, 2.75149, 2.75206, 2.75241, 2.75268, 2.75284, 2.7529, 2.75293, 2.75352, 2.75455, 2.75495, 2.75586, 2.75764, 2.75955, 2.76115, 2.76148, 2.76248, 2.76349, 2.76486, 2.76543, 2.76668, 2.76872, 2.77083, 2.77092, 2.77431, 2.77602, 2.77719, 2.78238, 2.78578, 2.78579, 2.78696, 2.78981, 2.79046, 2.79324, 2.79482, 2.79886, 2.80122, 2.80305, 2.80318, 2.80352, 2.80519, 2.80582, 2.80894, 2.80925, 2.81214, 2.81661, 2.81864, 2.82143, 2.82403, 2.82778, 2.83184, 2.83532, 2.83654, 2.83804, 2.83929, 2.84167, 2.84257, 2.86111, 2.89286, 2.95238, 2.95833, 2.95833, 2.96667, 2.97917, 3.0]
}

Routing Algorithm: WF
{"PIR": [1, 2, 3, 4, 5, 6, 7, 8, 9, 10, 11, 12, 13, 14, 15, 16, 17, 18, 19, 20, 21, 22, 23, 24, 25, 26, 27, 28, 29, 30, 31, 32, 33, 34, 35, 36, 37, 38, 39, 40, 41, 42, 43, 44, 45, 46, 47, 48, 49, 50, 51, 52, 53, 54, 55, 56, 57, 58, 59, 60, 61, 62, 63, 64, 65, 66, 67, 68, 69, 70, 71, 72, 73, 74, 75, 76, 77, 78, 79, 80, 81, 82, 83, 84, 85, 86, 87, 88, 89, 90, 91, 92, 93, 94, 95, 96, 97, 98, 99, 100]
,"Power": [0.0163518, 0.0427312, 0.0490643, 0.0517146, 0.0520713, 0.0526539, 0.0542819, 0.0545192, 0.0546381, 0.0551063, 0.0552989, 0.0573601, 0.0598203, 0.059911, 0.0599685, 0.0603298, 0.0613166, 0.0646094, 0.0659437, 0.0683761, 0.0692734, 0.0710229, 0.0719782, 0.0720518, 0.0725238, 0.073234, 0.0744868, 0.0746731, 0.0773338, 0.0783619, 0.0791016, 0.0802964, 0.0826019, 0.0832888, 0.0835776, 0.0841846, 0.0849656, 0.0857751, 0.0864664, 0.0879914, 0.0891132, 0.0925328, 0.0990565, 0.099751, 0.100075, 0.101954, 0.10333, 0.103487, 0.106973, 0.107817, 0.110586, 0.111361, 0.111416, 0.116204, 0.117453, 0.117878, 0.11836, 0.119118, 0.119797, 0.121647, 0.124093, 0.125306, 0.126046, 0.126347, 0.12682, 0.130332, 0.130837, 0.134212, 0.134323, 0.134589, 0.134765, 0.136378, 0.137432, 0.140115, 0.142713, 0.143445, 0.144333, 0.144744, 0.147655, 0.149733, 0.149956, 0.155945, 0.158758, 0.159074, 0.159773, 0.160112, 0.162615, 0.162774, 0.163212, 0.16332, 0.164738, 0.165962, 0.167172, 0.168193, 0.169984, 0.172065, 0.172095, 0.180098, 0.196836, 0.212987]
,"Global_Latency": [0, 0, 0, 0, 0, 0, 0, 0, 0, 0, 0, 0, 0, 0, 0, 0, 0, 0, 0, 0, 0, 0, 1.19621, 4.01667, 5.70833, 7.63636, 8.21117, 8.24567, 9.48106, 13.5947, 14.0625, 15.0612, 15.5673, 16.4513, 16.4909, 17.1402, 17.9403, 18.1042, 19.0076, 20.5425, 23.5833, 24.332, 27.4576, 27.9993, 28.744, 28.764, 28.8487, 34.2046, 34.6629, 35.7121, 36.2292, 36.8225, 37.5481, 38.6383, 40.3201, 43.6625, 44.553, 45.7955, 46.9242, 47.5274, 47.5455, 48.0019, 50.3674, 52.9632, 57.798, 57.9779, 113.932, 174.977, 249.188, 408.0, 427.102, 452.533, 452.686, 569.981, 650.235, 672.716, 703.023, 715.5, 768.387, 785.36, 795.636, 801.625, 868.977, 876.364, 942.176, 963.896, 1000.68, 1059.17, 1068.7, 1127.05, 1184.48, 1206.0, 1248.17, 1274.5, 1375.31, 1481.2, 1525.75, 1566.56, 1617.36, 1655.39]
, "Global_ThroughPut": [0, 0, 0, 0, 0, 0, 0, 0, 0, 0, 0, 0, 0, 0, 0, 0, 0, 0, 0, 0, 0, 0, 3.2688, 3.31391, 3.40432, 3.43831, 3.43852, 3.45582, 3.48292, 3.63158, 3.7246, 3.76149, 3.9105, 4.54816, 4.65207, 4.68818, 4.76858, 4.78103, 4.78854, 4.89416, 4.96162, 5.00347, 5.02256, 5.12385, 5.28436, 5.29044, 5.32979, 5.38395, 5.43919, 5.4403, 5.65551, 5.72642, 5.83312, 5.86207, 6.08235, 6.09922, 6.11217, 6.19853, 6.24359, 6.5, 6.87587, 7.12, 7.25128, 8.02778, 8.62428, 8.76165, 8.95786, 10.3452, 10.435, 10.527, 10.6176, 10.6656, 10.858, 10.8907, 11.064, 11.4444, 11.5423, 11.7531, 11.9044, 12.7468, 12.7736, 13.3031, 13.3536, 13.4377, 13.5959, 13.7341, 13.8289, 14.1747, 14.3848, 14.5563, 14.6684, 15.2952, 15.4779, 15.8364, 16.571, 16.7361, 17.498, 17.5582, 18.2707, 19.4883]
}

Routing Algorithm: NL
{"PIR": [1, 2, 3, 4, 5, 6, 7, 8, 9, 10, 11, 12, 13, 14, 15, 16, 17, 18, 19, 20, 21, 22, 23, 24, 25, 26, 27, 28, 29, 30, 31, 32, 33, 34, 35, 36, 37, 38, 39, 40, 41, 42, 43, 44, 45, 46, 47, 48, 49, 50, 51, 52, 53, 54, 55, 56, 57, 58, 59, 60, 61, 62, 63, 64, 65, 66, 67, 68, 69, 70, 71, 72, 73, 74, 75, 76, 77, 78, 79, 80, 81, 82, 83, 84, 85, 86, 87, 88, 89, 90, 91, 92, 93, 94, 95, 96, 97, 98, 99, 100]
,"Power": [0.0463338, 0.0472898, 0.0475356, 0.0478808, 0.0492128, 0.0511285, 0.0520839, 0.0537306, 0.0557825, 0.0574376, 0.0587758, 0.05976, 0.0630802, 0.0637744, 0.0642119, 0.064601, 0.0646641, 0.0692135, 0.0693279, 0.0708174, 0.0717855, 0.0719203, 0.076296, 0.0770116, 0.0797049, 0.0799074, 0.0823142, 0.0832489, 0.0848457, 0.0861953, 0.0866752, 0.0874745, 0.0895538, 0.0922061, 0.0977154, 0.0997141, 0.101078, 0.101209, 0.10184, 0.102057, 0.102135, 0.102917, 0.103357, 0.104867, 0.106283, 0.106388, 0.106516, 0.107556, 0.109043, 0.110324, 0.110502, 0.110828, 0.112148, 0.116384, 0.117279, 0.117348, 0.120633, 0.121072, 0.126991, 0.12705, 0.127394, 0.127407, 0.128079, 0.128085, 0.128116, 0.130453, 0.130661, 0.130742, 0.131072, 0.131073, 0.131754, 0.131815, 0.131864, 0.132364, 0.132428, 0.132547, 0.132571, 0.13261, 0.132627, 0.13267, 0.132701, 0.132729, 0.132774, 0.132873, 0.133004, 0.13312, 0.133198, 0.133271, 0.133356, 0.133527, 0.133701, 0.133878, 0.134198, 0.134287, 0.134337, 0.138913, 0.139249, 0.139899, 0.140481, 0.140494]
,"Global_Latency": [0, 0, 0, 0, 0, 0, 0, 0, 0, 0, 0, 0, 0, 0, 0, 0, 0, 0, 0, 0, 0, 0, 0, 0, 0, 0, 0, 0.497569, 3.78125, 4.33333, 6.5, 7.53976, 8.66667, 10.4453, 10.8333, 10.9062, 12.7443, 14.74, 14.8177, 15.1667, 15.8333, 17.3333, 17.7344, 19.1071, 19.4141, 19.7389, 21.099, 21.3325, 21.6667, 22.9153, 23.3365, 25.0781, 25.2825, 26.1553, 26.375, 26.6667, 30.3333, 30.9311, 33.25, 33.3047, 33.625, 34.0279, 34.6146, 34.75, 35.0864, 36.75, 37.0066, 37.875, 38.7241, 38.8854, 45.1562, 45.9336, 46.4167, 46.4688, 47.0651, 49.7677, 50.875, 55.8125, 57.082, 57.707, 59.25, 59.8272, 62.1094, 62.125, 69.6035, 74.9381, 76.25, 76.7453, 77.4479, 79.875, 81.3314, 85.6732, 91.1818, 91.7462, 94.1875, 100.619, 105.127, 128.547, 151.426, 173.913]
, "Global_ThroughPut": [0, 0, 0, 0, 0, 0, 0, 0, 0, 0, 0, 0, 0, 0, 0, 0, 0, 0, 0, 0, 0, 0, 0, 0, 0, 0, 0, 5.11708, 5.30014, 5.31397, 5.33961, 5.36452, 5.37376, 5.37682, 5.41073, 5.4149, 5.41863, 5.43807, 5.45696, 5.4587, 5.46389, 5.47531, 5.51003, 5.53639, 5.53657, 5.57445, 5.58059, 5.58348, 5.5851, 5.63652, 5.63829, 5.64729, 5.6803, 5.96429, 6.02195, 6.04511, 6.0485, 6.05128, 6.0625, 6.07065, 6.10287, 6.14056, 6.15306, 6.15663, 6.15784, 6.16433, 6.16548, 6.16846, 6.18304, 6.20175, 6.20226, 6.20468, 6.20581, 6.21429, 6.23805, 6.24835, 6.25, 6.25965, 6.26129, 6.27007, 6.30135, 6.30369, 6.31603, 6.33333, 6.34301, 6.37302, 6.38136, 6.38764, 6.3961, 6.40998, 6.41221, 6.45833, 6.46454, 6.5, 6.5, 6.51111, 6.51923, 6.61101, 6.67284, 6.83333]
}


Traffic Pattern: BIT_SHUFFLE

Routing Algorithm: PROM
{"PIR": [1, 2, 3, 4, 5, 6, 7, 8, 9, 10, 11, 12, 13, 14, 15, 16, 17, 18, 19, 20, 21, 22, 23, 24, 25, 26, 27, 28, 29, 30, 31, 32, 33, 34, 35, 36, 37, 38, 39, 40, 41, 42, 43, 44, 45, 46, 47, 48, 49, 50, 51, 52, 53, 54, 55, 56, 57, 58, 59, 60, 61, 62, 63, 64, 65, 66, 67, 68, 69, 70, 71, 72, 73, 74, 75, 76, 77, 78, 79, 80, 81, 82, 83, 84, 85, 86, 87, 88, 89, 90, 91, 92, 93, 94, 95, 96, 97, 98, 99, 100]
,"Power": [0.108773, 0.114281, 0.115036, 0.116889, 0.118755, 0.11908, 0.119732, 0.120056, 0.120216, 0.120942, 0.121325, 0.12286, 0.125581, 0.126828, 0.128106, 0.128944, 0.131775, 0.133901, 0.134427, 0.134858, 0.136528, 0.137897, 0.140098, 0.14056, 0.14101, 0.141856, 0.14504, 0.147349, 0.152031, 0.154258, 0.156754, 0.158353, 0.158636, 0.159341, 0.160644, 0.160654, 0.161295, 0.161886, 0.162951, 0.165081, 0.16628, 0.168933, 0.169486, 0.169638, 0.170708, 0.170855, 0.171952, 0.173069, 0.173889, 0.1746, 0.176392, 0.18095, 0.182073, 0.183073, 0.183946, 0.184057, 0.185322, 0.185734, 0.186845, 0.187303, 0.187623, 0.193024, 0.193244, 0.193594, 0.193981, 0.194327, 0.206026, 0.209254, 0.210799, 0.212448, 0.21377, 0.213974, 0.214022, 0.214861, 0.215207, 0.216087, 0.216419, 0.216582, 0.217409, 0.217495, 0.217567, 0.218395, 0.218914, 0.219222, 0.219706, 0.219985, 0.220235, 0.220271, 0.220527, 0.220548, 0.221023, 0.221064, 0.221915, 0.225488, 0.228791, 0.229102, 0.229465, 0.23238, 0.232777, 0.233543]
,"Global_Latency": [0, 0, 0, 0, 0, 0, 0, 0, 0, 0, 0, 0, 0, 0, 0, 0, 0, 0, 0, 0, 0, 0, 0, 0, 0, 0, 0, 0, 0, 0, 0, 1.125, 3.69281, 5.69048, 5.72727, 7.46465, 7.5873, 7.65721, 9.23203, 12.4971, 12.8743, 14.0778, 15.3766, 18.1, 19.7475, 24.25, 25.2778, 25.8194, 26.0556, 27.8735, 28.8312, 32.253, 33.0952, 37.4702, 40.8478, 41.3056, 41.5833, 42.0, 46.7222, 47.0667, 47.4583, 50.6405, 53.3059, 57.2348, 58.3229, 61.0185, 65.4957, 68.7698, 69.4883, 70.104, 93.6705, 105.03, 105.773, 134.132, 143.788, 176.861, 203.528, 253.292, 279.129, 290.232, 322.838, 333.401, 369.667, 402.229, 419.291, 420.167, 437.929, 486.576, 517.758, 524.517, 536.806, 645.292, 677.75, 733.615, 748.087, 762.048, 820.417, 854.234, 962.302, 1165.75]
, "Global_ThroughPut": [0, 0, 0, 0, 0, 0, 0, 0, 0, 0, 0, 0, 0, 0, 0, 0, 0, 0, 0, 0, 0, 0, 0, 0, 0, 0, 0, 0, 0, 0, 0, 5.85612, 5.86403, 5.87105, 5.89796, 5.92988, 5.93157, 5.96591, 6.00736, 6.02411, 6.02962, 6.04719, 6.13008, 6.13563, 6.13866, 6.14246, 6.17433, 6.18511, 6.19841, 6.20726, 6.21901, 6.24788, 6.25145, 6.25204, 6.25714, 6.26786, 6.29592, 6.29818, 6.3022, 6.3033, 6.30352, 6.3151, 6.32123, 6.34228, 6.34762, 6.41327, 6.53739, 6.66667, 6.71429, 6.85714, 6.85714, 8.9245, 9.08004, 9.10194, 9.1125, 9.16746, 9.16947, 9.17237, 9.17827, 9.18846, 9.18971, 9.21749, 9.24569, 9.25731, 9.28863, 9.35205, 9.36132, 9.3703, 9.37739, 9.39075, 9.41643, 9.42526, 9.42636, 9.44806, 9.46516, 9.61248, 9.6836, 9.69061, 9.77083, 10.2971]
}

Routing Algorithm: XY
{"PIR": [1, 2, 3, 4, 5, 6, 7, 8, 9, 10, 11, 12, 13, 14, 15, 16, 17, 18, 19, 20, 21, 22, 23, 24, 25, 26, 27, 28, 29, 30, 31, 32, 33, 34, 35, 36, 37, 38, 39, 40, 41, 42, 43, 44, 45, 46, 47, 48, 49, 50, 51, 52, 53, 54, 55, 56, 57, 58, 59, 60, 61, 62, 63, 64, 65, 66, 67, 68, 69, 70, 71, 72, 73, 74, 75, 76, 77, 78, 79, 80, 81, 82, 83, 84, 85, 86, 87, 88, 89, 90, 91, 92, 93, 94, 95, 96, 97, 98, 99, 100]
,"Power": [0.0977456, 0.101685, 0.102025, 0.105967, 0.107687, 0.108064, 0.110548, 0.113681, 0.115017, 0.115453, 0.115513, 0.116019, 0.11674, 0.117352, 0.119711, 0.121745, 0.121755, 0.122542, 0.122794, 0.124034, 0.125099, 0.127292, 0.127759, 0.128055, 0.128834, 0.129695, 0.13056, 0.130718, 0.131074, 0.131208, 0.132372, 0.132999, 0.134901, 0.135823, 0.136518, 0.137696, 0.138796, 0.143995, 0.144074, 0.145843, 0.146346, 0.146362, 0.146965, 0.147071, 0.147268, 0.147325, 0.147452, 0.148278, 0.148356, 0.148956, 0.149571, 0.149974, 0.150459, 0.150476, 0.153381, 0.153607, 0.153636, 0.154055, 0.154453, 0.154475, 0.159959, 0.161665, 0.164116, 0.16751, 0.167594, 0.168209, 0.168374, 0.168942, 0.168958, 0.169668, 0.169883, 0.173999, 0.175326, 0.176088, 0.176565, 0.176852, 0.176863, 0.177249, 0.177251, 0.177631, 0.177691, 0.177799, 0.178096, 0.178404, 0.178552, 0.178601, 0.178646, 0.178773, 0.178815, 0.178927, 0.179224, 0.179283, 0.179304, 0.179412, 0.179507, 0.179524, 0.179864, 0.180132, 0.183454, 0.200487]
,"Global_Latency": [0, 0, 0, 0, 0, 0, 0, 0, 0, 0, 0, 0, 0, 0, 0, 0, 0, 0, 0, 0, 0, 0, 0, 0, 0, 0, 0, 0, 0, 0, 1.84963, 6.32618, 6.86111, 8.10606, 10.2917, 14.0253, 17.6578, 22.7863, 23.3513, 24.5442, 25.3337, 28.7576, 32.4659, 33.0661, 34.8737, 39.0607, 41.2251, 41.6465, 45.6345, 48.3649, 48.5581, 53.1629, 55.5069, 56.2973, 60.7777, 61.7519, 71.5979, 72.768, 73.7096, 74.3885, 75.2235, 86.4924, 90.0854, 94.2828, 102.056, 103.148, 107.588, 129.417, 134.278, 149.652, 169.64, 275.129, 406.458, 442.652, 445.938, 758.229, 760.0, 808.146, 963.75, 1200.62, 1341.56, 1365.76, 1432.19, 1458.75, 1493.75, 1507.45, 1549.79, 1677.08, 1706.59, 1842.04, 1847.25, 2093.54, 2094.08, 2118.69, 2147.65, 2241.88, 2265.67, 2523.77, 2649.9, 3084.17]
, "Global_ThroughPut": [0, 0, 0, 0, 0, 0, 0, 0, 0, 0, 0, 0, 0, 0, 0, 0, 0, 0, 0, 0, 0, 0, 0, 0, 0, 0, 0, 0, 0, 0, 3.71304, 3.74514, 3.74766, 3.74815, 3.75522, 3.76157, 3.7622, 3.76786, 3.77153, 3.77306, 3.77399, 3.77694, 3.78378, 3.78571, 3.79278, 3.79536, 3.79541, 3.79592, 3.80476, 3.81527, 3.82041, 3.8213, 3.82609, 3.82872, 3.83454, 3.83573, 3.83623, 3.84134, 3.84237, 3.84337, 3.84612, 3.84691, 3.84797, 3.85, 3.85069, 3.85194, 3.85425, 3.85457, 3.85623, 3.85666, 3.85757, 3.85824, 3.85892, 3.86038, 3.86538, 3.86579, 3.86681, 3.86843, 3.87287, 3.87299, 3.87988, 3.88462, 3.88571, 3.89568, 3.89796, 3.90216, 3.90285, 3.90528, 3.91188, 3.91218, 3.91592, 3.92124, 3.92184, 3.93853, 3.97959, 3.99286, 4.0, 4.01429, 4.07143, 4.07143]
}

Routing Algorithm: WF
{"PIR": [1, 2, 3, 4, 5, 6, 7, 8, 9, 10, 11, 12, 13, 14, 15, 16, 17, 18, 19, 20, 21, 22, 23, 24, 25, 26, 27, 28, 29, 30, 31, 32, 33, 34, 35, 36, 37, 38, 39, 40, 41, 42, 43, 44, 45, 46, 47, 48, 49, 50, 51, 52, 53, 54, 55, 56, 57, 58, 59, 60, 61, 62, 63, 64, 65, 66, 67, 68, 69, 70, 71, 72, 73, 74, 75, 76, 77, 78, 79, 80, 81, 82, 83, 84, 85, 86, 87, 88, 89, 90, 91, 92, 93, 94, 95, 96, 97, 98, 99, 100]
,"Power": [0.0199554, 0.049104, 0.0496853, 0.0503805, 0.0563757, 0.0586768, 0.0594972, 0.0597154, 0.060949, 0.0611917, 0.0614465, 0.0615578, 0.0615979, 0.0628547, 0.0630038, 0.0634004, 0.0636704, 0.0639085, 0.0659999, 0.0661673, 0.0664806, 0.0671004, 0.0687208, 0.0691646, 0.0718024, 0.0737559, 0.0738112, 0.0757149, 0.0777616, 0.0802768, 0.0809905, 0.0810133, 0.0825634, 0.082763, 0.0833339, 0.0834504, 0.0836013, 0.0871635, 0.0884442, 0.0887888, 0.0889047, 0.0889631, 0.0903755, 0.0929488, 0.0944064, 0.0952904, 0.0954791, 0.0955801, 0.096078, 0.096882, 0.0973368, 0.0978114, 0.0979906, 0.0992571, 0.100531, 0.100633, 0.101408, 0.101613, 0.103699, 0.104089, 0.104609, 0.105318, 0.105749, 0.107005, 0.107024, 0.10712, 0.107355, 0.108076, 0.110312, 0.111251, 0.111535, 0.116407, 0.116879, 0.117004, 0.118366, 0.118514, 0.11926, 0.119862, 0.120417, 0.120462, 0.121414, 0.122885, 0.123574, 0.124445, 0.126556, 0.126805, 0.128166, 0.131219, 0.131607, 0.13184, 0.133355, 0.133521, 0.137915, 0.138966, 0.139572, 0.144338, 0.14899, 0.154435, 0.155216, 0.161002]
,"Global_Latency": [0, 0, 0, 0, 0, 0, 0, 0, 0, 0, 0, 0, 0, 0, 0, 0, 0, 0, 0, 0, 0, 0, 0, 0, 0, 0, 0, 0, 1.40095, 3.41566, 5.72222, 8.18005, 10.4717, 13.2306, 17.1194, 20.1339, 20.598, 20.9052, 21.0176, 22.0121, 22.731, 23.5042, 24.9186, 24.925, 24.9414, 26.3777, 27.234, 30.0298, 30.1902, 31.2186, 36.1495, 37.4561, 38.3009, 38.6535, 38.7871, 42.6031, 47.4982, 49.3101, 50.1101, 51.4811, 52.2773, 52.8531, 55.5691, 56.3391, 63.2495, 71.8456, 88.1864, 130.728, 133.283, 138.849, 377.694, 759.062, 789.696, 808.763, 870.03, 898.682, 923.375, 982.824, 1136.37, 1144.29, 1156.33, 1212.76, 1363.16, 1406.25, 1539.4, 1622.92, 1641.22, 1701.17, 1786.06, 1793.54, 1818.5, 1870.06, 1893.94, 2001.67, 2032.85, 2066.98, 2159.29, 2261.04, 2327.41, 2351.17]
, "Global_ThroughPut": [0, 0, 0, 0, 0, 0, 0, 0, 0, 0, 0, 0, 0, 0, 0, 0, 0, 0, 0, 0, 0, 0, 0, 0, 0, 0, 0, 0, 2.97393, 2.9979, 3.02383, 3.02805, 3.04272, 3.05732, 3.08575, 3.12612, 3.13514, 3.14394, 3.1454, 3.1618, 3.17626, 3.17703, 3.18651, 3.18651, 3.2328, 3.24167, 3.26203, 3.26395, 3.27329, 3.28342, 3.28421, 3.28431, 3.30217, 3.30616, 3.34808, 3.46809, 3.46963, 3.51532, 3.54632, 3.57521, 3.59091, 3.6007, 3.60326, 3.60967, 3.65909, 3.67035, 3.70833, 3.75, 3.79142, 3.79789, 3.92939, 3.94012, 4.05784, 4.125, 4.41667, 4.50279, 4.5368, 4.68624, 4.72199, 4.73333, 4.90659, 5.16955, 5.1875, 5.29296, 7.02632, 7.24688, 7.90782, 8.2124, 8.33847, 9.40142, 9.50496, 9.5585, 9.7003, 9.71317, 9.76603, 10.0712, 10.0767, 10.3603, 12.4472, 12.9311]
}

Routing Algorithm: NL
{"PIR": [1, 2, 3, 4, 5, 6, 7, 8, 9, 10, 11, 12, 13, 14, 15, 16, 17, 18, 19, 20, 21, 22, 23, 24, 25, 26, 27, 28, 29, 30, 31, 32, 33, 34, 35, 36, 37, 38, 39, 40, 41, 42, 43, 44, 45, 46, 47, 48, 49, 50, 51, 52, 53, 54, 55, 56, 57, 58, 59, 60, 61, 62, 63, 64, 65, 66, 67, 68, 69, 70, 71, 72, 73, 74, 75, 76, 77, 78, 79, 80, 81, 82, 83, 84, 85, 86, 87, 88, 89, 90, 91, 92, 93, 94, 95, 96, 97, 98, 99, 100]
,"Power": [0.0993627, 0.100673, 0.102816, 0.103181, 0.103365, 0.104954, 0.105872, 0.107889, 0.107973, 0.108836, 0.11008, 0.112794, 0.114417, 0.115195, 0.117234, 0.117685, 0.118082, 0.118086, 0.118446, 0.119112, 0.120355, 0.120372, 0.120675, 0.120924, 0.121037, 0.121923, 0.122206, 0.123604, 0.125339, 0.128183, 0.131962, 0.132046, 0.132092, 0.132187, 0.133448, 0.136414, 0.13718, 0.139637, 0.140092, 0.141067, 0.141216, 0.142961, 0.144681, 0.146866, 0.147377, 0.149149, 0.149173, 0.149468, 0.149644, 0.153406, 0.153682, 0.154743, 0.157326, 0.157922, 0.15805, 0.161018, 0.161263, 0.16174, 0.162025, 0.166201, 0.171244, 0.172016, 0.172345, 0.172555, 0.17296, 0.178468, 0.178479, 0.178803, 0.180524, 0.181143, 0.182011, 0.182533, 0.182956, 0.183131, 0.183837, 0.186804, 0.187165, 0.188009, 0.188572, 0.18865, 0.188941, 0.189124, 0.189301, 0.189449, 0.189676, 0.189761, 0.190027, 0.190194, 0.190241, 0.190371, 0.190456, 0.190561, 0.190722, 0.190994, 0.191034, 0.191074, 0.191249, 0.191291, 0.191335, 0.191651]
,"Global_Latency": [0, 0, 0, 0, 0, 0, 0, 0, 0, 0, 0, 0, 0, 0, 0, 0, 0, 0, 0, 0, 0, 0, 0, 0, 0, 0, 0, 0, 0, 0, 0.613636, 2.55026, 3.95833, 4.21667, 4.62945, 6.03175, 7.0, 7.80556, 8.95455, 10.6389, 11.5587, 13.2202, 14.9788, 16.3988, 16.7451, 17.5291, 18.4001, 19.1814, 20.2083, 20.2702, 21.3689, 22.0657, 22.4688, 26.3438, 27.8333, 30.8117, 31.1847, 35.0133, 36.0, 36.2328, 37.5, 38.6963, 40.1288, 41.0064, 41.3016, 44.5682, 51.7917, 55.6944, 56.1803, 62.2599, 74.3333, 80.6258, 98.6791, 112.348, 122.025, 125.617, 146.746, 175.181, 194.24, 199.104, 220.797, 260.301, 277.499, 284.111, 317.511, 368.851, 374.319, 393.071, 393.321, 395.514, 407.966, 408.808, 469.202, 483.857, 484.399, 535.183, 593.448, 604.154, 791.21, 913.444]
, "Global_ThroughPut": [0, 0, 0, 0, 0, 0, 0, 0, 0, 0, 0, 0, 0, 0, 0, 0, 0, 0, 0, 0, 0, 0, 0, 0, 0, 0, 0, 0, 0, 0, 5.74617, 5.76639, 5.79743, 5.89947, 5.94188, 5.95916, 6.09274, 6.13011, 6.13804, 6.16071, 6.22588, 6.23055, 6.23574, 6.31422, 6.3376, 6.37369, 6.38571, 6.41058, 6.41438, 6.43802, 6.46513, 6.49883, 6.52381, 6.58982, 6.63187, 6.6746, 6.70888, 6.89286, 6.8956, 6.90816, 7.09184, 7.35714, 7.39286, 7.42857, 7.92857, 8.197, 8.23568, 8.25271, 8.38533, 8.40328, 8.44243, 8.45555, 8.5443, 8.55622, 8.6, 8.62352, 8.65137, 8.65655, 8.67704, 8.70586, 8.76489, 8.80872, 8.82304, 8.84588, 8.8734, 8.8915, 8.96915, 8.97131, 8.9976, 9.0258, 9.26861, 9.33333, 9.47865, 9.53407, 12.2528, 17.8321, 18.5152, 20.0073, 21.2359, 21.275]
}

