#Simcount		average latency
1		0
2		0
3		0
4		0
5		0
6		0
7		0
8		0
9		0
10		0
11		0
12		0
13		0
14		0
15		0
16		0
17		0
18		3
19		3
20		2
21		3
22		0
23		0
24		4
25		4.5
26		0
27		2
28		3.25
29		2.28571
30		3.8
31		2
32		4.25
33		4
34		4
35		5
36		4
37		2.66667
38		3
39		3.4
40		3.25
41		3.2
42		2
43		4
44		4.125
45		4
46		4.5
47		2
48		3.22222
49		3
50		3.14286
51		2.5
52		3.16667
53		4.33333
54		3
55		5
56		4.25
57		4
58		3.22222
59		2.75
60		2.55556
61		3
62		2.5
63		4
64		5.25
65		4.83333
66		4.5
67		2
68		3
69		2.8
70		3.11111
71		2.5
72		2.83333
73		5.5
74		3.5
75		5
76		5.16667
77		3
78		3
79		3.2
80		2.8
81		3.16667
82		2
83		4
84		3
85		4.75
86		4.33333
87		3.66667
88		6
89		4
90		2.9
91		2.5
92		2.77778
93		4
94		4.25
95		4
96		4
97		9.5
98		4.125
99		3
100		2.57143
101		2.75
102		2.57143
103		4
104		3.66667
105		4.5
106		4
107		2.5
108		3.16667
109		3.66667
110		2.66667
111		2.5
112		4.9
113		4.33333
114		2.66667
115		4
116		4
117		3.66667
118		3.4
119		3.66667
120		2.5
121		3.66667
122		2.4
123		0
124		9
125		4.5
126		4.6
127		2.5
128		3.25
129		3
130		3.4
131		2.5
132		2.33333
133		12.5
134		2.5
135		5
136		5.4
137		5
138		3.4
139		4
140		2.83333
141		2.8
142		8.6
143		5
144		3.6
145		6
146		4
147		2
148		7.75
149		4.75
150		4
151		2.5
152		3.875
153		2.66667
154		3.8
155		4
156		4.33333
157		12
158		3.2
159		4
160		5.2
161		3.2
162		3
163		4
164		3.8
165		3
166		6.16667
167		4
168		3.16667
169		15
170		3.125
171		3.66667
172		3.25
173		3.28571
174		3
175		4.6
176		3.57143
177		4.25
178		2.5
179		4
180		3.5
181		3.75
182		2.75
183		2
184		8.16667
185		3.83333
186		3.71429
187		3.33333
188		3.4
189		4
190		3.2
191		2.66667
192		4
193		8.4
194		3.2
195		3
196		6.33333
197		4.5
198		2.66667
199		4.16667
200		2.85714
201		3.5
202		2.75
203		2.66667
204		3.5
205		8
206		3.4
207		4
208		3.28571
209		3.25
210		2.4
211		3
212		4
213		3.25
214		3.4
215		5.66667
216		2.6
217		9
218		2.71429
219		4.33333
220		4.16667
221		3.25
222		2.8
223		3
224		3.25
225		3
226		4.2
227		3.5
228		3
229		4
230		2.66667
231		3
232		9
233		3
234		3.5
235		3.2
236		4
237		3.4
238		2
239		4
240		3
241		8
242		2.4
243		3
244		5.75
245		3.33333
246		3.6
247		4.5
248		2.8
249		3.25
250		2.28571
251		2
252		3.6
253		5
254		3.25
255		4.66667
256		3.16667
257		4
258		2
259		4
260		3
261		3.5
262		2.83333
263		3.25
264		3.16667
265		12.3333
266		4.33333
267		4
268		3.71429
269		3
270		2.625
271		2.6
272		3.25
273		3
274		3.5
275		3
276		4.2
277		10
278		2
279		4
280		3.85714
281		3.33333
282		2.5
283		3.33333
284		2.8
285		3.33333
286		4.33333
287		0
288		3.33333
289		4
290		2.83333
291		3
292		7.6
293		4
294		3.5
295		3.66667
296		3
297		5
298		2
299		4.2
300		2.25
301		7.75
302		3
303		3.33333
304		5.4
305		3.33333
306		3.5
307		4.5
308		3.33333
309		2.66667
310		3.25
311		2.33333
312		3.33333
313		6.66667
314		3.28571
315		3.5
316		3.25
317		4
318		3.14286
319		3.8
320		3
321		3
322		3
323		3
324		3
325		12.3333
326		3.66667
327		4
328		3.2
329		3
330		2.5
331		3.33333
332		3.5
333		3
334		3.33333
335		5
336		3.4
337		33
338		2.66667
339		4.25
340		4.6
341		3
342		2.85714
343		3.4
344		3
345		3
346		3.8
347		4
348		3.75
349		3.83333
350		3.33333
351		2.33333
352		6.66667
353		4
354		3.2
355		3.4
356		3.42857
357		4
358		2.83333
359		3.5
360		3.16667
361		7.5
362		2
363		3
364		5.2
365		3
366		3.25
367		3.33333
368		3.16667
369		2.5
370		2.5
371		2
372		3.45455
373		10.5
374		2.75
375		3.33333
376		3.4
377		4.5
378		3.5
379		3
380		3.6
381		3
382		2.5
383		3.6
384		3.5
385		8.6
386		4
387		4.33333
388		3.5
389		4
390		2.66667
391		3
392		3.125
393		0
394		3.6
395		3.5
396		3.85714
397		33
398		4.75
399		3
400		4
401		4.33333
402		2.6
403		3
404		4
405		3
406		4.25
407		4
408		3.33333
409		4
410		2.8
411		4
412		6
413		5.6
414		3
415		3
416		3.6
417		4.25
418		3.2
419		3
420		3
421		6.66667
422		4.83333
423		3.25
424		6.66667
425		3.5
426		3.5
427		3.75
428		2.5
429		4
430		2.66667
431		2.5
432		4.5
433		5.66667
434		3
435		4.5
436		5.33333
437		4.25
438		3.5
439		3
440		3.25
441		3.71429
442		3.66667
443		4
444		3.5
445		10.5
446		3.2
447		4.25
448		3
449		3.25
450		3.5
451		3
452		2.75
453		0
454		3.25
455		4
456		3.2
457		33
458		5
459		3.5
460		4.4
461		3
462		3.57143
463		3
464		3.4
465		7
466		3.8
467		3.8
468		2.8
469		3.66667
470		3.8
471		2.75
472		9.25
473		3.5
474		3.33333
475		4.5
476		3.42857
477		3.25
478		2.8
479		5.83333
480		3.5
481		7.2
482		2.33333
483		3.66667
484		6.5
485		3
486		4.85714
487		4
488		3.66667
489		2.66667
490		3.33333
491		3.66667
492		3.66667
493		8
494		2.66667
495		3.6
496		4.57143
497		3.66667
498		4
499		2.8
500		4
501		3.5
502		3.25
503		5
504		3.33333
505		17.5
506		3.5
507		3.8
508		3.66667
509		3.5
510		2.5
511		3.5
512		4
513		3
514		2.33333
515		3
516		3.2
517		11.25
518		5.71429
519		3.25
520		7
521		3.5
522		3
523		3.66667
524		6.2
525		3
526		3.375
527		3.5
528		3.33333
529		3.5
530		4.2
531		3
532		6.57143
533		3
534		3
535		3
536		4.6
537		4
538		3.25
539		3.85714
540		5
541		4.25
542		2.75
543		4
544		6.25
545		3.5
546		3.16667
547		4.25
548		3.33333
549		4
550		3.66667
551		3.5
552		3.66667
553		7.5
554		3
555		2.5
556		4
557		4
558		2.66667
559		2.83333
560		5
561		4.5
562		3.25
563		5
564		4.14286
565		5
566		3.16667
567		3
568		5.5
569		3.66667
570		3
571		4
572		4.42857
573		3.25
574		3
575		2.25
576		3.33333
577		7.75
578		3.2
579		4.25
580		7
581		4
582		3.2
583		4.5
584		3.375
585		3
586		2.6
587		3.83333
588		3.11111
589		7
590		2.66667
591		4.75
592		3.75
593		3.33333
594		3
595		2.66667
596		3.1
597		4.2
598		2.5
599		3
600		4
601		4.66667
602		3.2
603		5.5
604		8.33333
605		3.2
606		3
607		3
608		3.5
609		3.42857
610		3
611		3.5
612		3
613		9.2
614		3
615		3
616		4.14286
617		4.33333
618		2.42857
619		4
620		3.33333
621		3.5
622		4
623		3.5
624		4
625		5
626		3.33333
627		2
628		6
629		3.4
630		3.2
631		4.66667
632		3.5
633		3.5
634		4
635		4
636		3.16667
637		4
638		2.5
639		2
640		7.83333
641		6.5
642		3.75
643		4.5
644		2.83333
645		3.33333
646		3.75
647		3.33333
648		3.75
649		8
650		4.2
651		4
652		4.83333
653		4.6
654		3.625
655		2.33333
656		2.57143
657		3
658		3.2
659		3
660		4.8
661		7
662		3.5
663		3
664		3.28571
665		3
666		4.5
667		2
668		3.44444
669		3
670		3.33333
671		4
672		3.5
673		10.6
674		2.83333
675		2
676		3.14286
677		3
678		3.625
679		3.25
680		4.66667
681		0
682		3.5
683		4
684		3.33333
685		7.14286
686		2.66667
687		3.5
688		3.83333
689		3.33333
690		4
691		4
692		3.66667
693		0
694		3.4
695		3
696		3.25
697		4.2
698		3.375
699		2.5
700		10.3333
701		3.75
702		4.5
703		2.5
704		4
705		2.4
706		3.42857
707		2
708		2.83333
709		7
710		3.14286
711		4
712		6.25
713		4
714		3
715		3
716		3.625
717		2.33333
718		3.83333
719		3
720		3.5
721		5
722		3.66667
723		2
724		2.75
725		2.85714
726		4.42857
727		2
728		3
729		2.66667
730		3.25
731		4
732		4.25
733		10.75
734		2.75
735		3
736		3.22222
737		3.5
738		2.83333
739		2.75
740		3.66667
741		3
742		3.75
743		3
744		2.75
745		8.33333
746		3.5
747		2.8
748		3.66667
749		3
750		3.28571
751		4
752		4
753		5
754		2.75
755		4.5
756		3.33333
757		3.8
758		2
759		3
760		7.4
761		3.5
762		4
763		2
764		3.4
765		3.33333
766		3.875
767		3
768		2.6
769		8
770		3.36364
771		0
772		6.33333
773		4.5
774		3
775		3.5
776		3
777		3
778		3
779		2.6
780		3.75
781		5
782		3.75
783		3
784		3.66667
785		3
786		3.4
787		4.16667
788		2.5
789		4.25
790		2.6
791		3
792		4
793		13
794		4
795		5.5
796		3.375
797		4
798		2.42857
799		3.16667
800		3.5
801		2.6
802		3.33333
803		4
804		3
805		10.75
806		4.25
807		2.5
808		4
809		3
810		2.71429
811		2.66667
812		4.28571
813		0
814		4.33333
815		4.33333
816		3
817		4.5
818		2.375
819		3.4
820		8.75
821		2.85714
822		4
823		2.66667
824		6.33333
825		4
826		2.71429
827		5
828		2.71429
829		10
830		2.6
831		3.28571
832		4.28571
833		3
834		3.66667
835		4.33333
836		3.33333
837		3
838		2.66667
839		4
840		3.28571
841		4
842		3
843		4.66667
844		10.5
845		4
846		3.16667
847		2
848		3.3
849		4
850		3.125
851		4
852		2.8
853		9
854		3.5
855		4.25
856		5.4
857		3.33333
858		2.42857
859		3.6
860		2.4
861		2.4
862		3
863		5
864		3.5
865		7.66667
866		3.57143
867		2.5
868		3
869		3
870		3
871		2.5
872		3
873		4
874		3.33333
875		4
876		3.5
877		3.66667
878		3
879		6
880		18
881		3
882		3.25
883		4
884		3
885		3.6
886		3.6
887		3.25
888		2.28571
889		10.75
890		3.88889
891		2
892		5
893		4
894		3.28571
895		5
896		2.57143
897		3.75
898		2.5
899		3.33333
900		3
901		4.375
902		3.33333
903		3
904		9
905		3.83333
906		3.5
907		3
908		2.66667
909		4
910		3.14286
911		4.66667
912		2.33333
913		16
914		3
915		3.8
916		4.85714
917		3
918		3.42857
919		3.4
920		2.8
921		4.5
922		4.25
923		3
924		3
925		4.5
926		3.2
927		3.25
928		8.5
929		3.25
930		3.88889
931		0
932		3
933		4
934		3.6
935		3.25
936		3.71429
937		8.5
938		3.25
939		3.25
940		4.6
941		3.33333
942		3.33333
943		3.5
944		2.66667
945		4
946		3.57143
947		6.33333
948		4
949		5.2
950		3.33333
951		2.5
952		3.28571
953		3.5
954		2.83333
955		3
956		3.28571
957		4.5
958		4
959		3.42857
960		3.16667
961		3.6
962		4.16667
963		3.5
964		6.5
965		3.8
966		2.85714
967		4
968		4
969		2.66667
970		3.375
971		2
972		2.5
973		4.33333
974		2.83333
975		3.2
976		8.66667
977		3
978		4.66667
979		3.4
980		3
981		2
982		3
983		3.66667
984		2
985		7.25
986		2.5
987		4
988		5
989		3.5
990		3
991		2
992		3.42857
993		5
994		2.5
995		0
996		3
997		5.25
998		3.33333
999		3
1000		5.85714
