#Simcount		average latency
1		0
2		0
3		0
4		0
5		0
6		0
7		0
8		0
9		0
10		0
11		0
12		0
13		0
14		0
15		0
16		0
17		0
18		0
19		3
20		0
21		2
22		3
23		4
24		0
25		5.25
26		4.5
27		0
28		2
29		3.33333
30		2.5
31		3
32		0
33		5
34		4.5
35		4
36		0
37		6.33333
38		4
39		3.7
40		0
41		4.66667
42		0
43		7
44		11
45		4
46		16
47		4
48		2.66667
49		3.14286
50		5
51		7
52		0
53		6
54		8.33333
55		4.5
56		10
57		9.75
58		5.5
59		3
60		4.5
61		9.6
62		4.5
63		2.5
64		14
65		4
66		12
67		12
68		7
69		3.14286
70		8
71		5
72		0
73		11.25
74		8.4
75		6.5
76		8
77		0
78		5
79		5.77778
80		0
81		9.33333
82		7
83		4.2
84		0
85		6
86		5
87		9.33333
88		0
89		4
90		14
91		4
92		5
93		9.66667
94		0
95		11
96		0
97		16.6667
98		10
99		5
100		5
101		10
102		0
103		5.75
104		4
105		10.3333
106		5
107		9.25
108		4
109		3
110		0
111		3.66667
112		14
113		5.66667
114		0
115		5
116		0
117		5
118		5
119		10.2
120		0
121		16.6
122		5
123		9
124		0
125		4
126		9
127		71
128		0
129		3
130		3
131		6.2
132		0
133		17
134		12
135		0
136		0
137		6
138		4.5
139		11.75
140		0
141		7.33333
142		0
143		2
144		6
145		26
146		0
147		9.5
148		0
149		2
150		0
151		5.66667
152		0
153		2
154		0
155		0
156		0
157		8
158		0
159		2
160		0
161		3
162		0
163		2
164		0
165		0
166		0
167		26
168		0
169		2
170		0
171		7.6
172		0
173		28
174		0
175		0
176		0
177		6
178		0
179		27
180		0
181		2.75
182		0
183		2
184		0
185		0
186		0
187		32
188		0
189		2
190		0
191		2.75
192		0
193		29
194		0
195		15
196		0
197		91
198		0
199		45
200		0
201		2.33333
202		0
203		8.5
204		0
205		0
206		0
207		14
208		0
209		2
210		0
211		5
212		0
213		4
214		0
215		0
216		0
217		0
218		0
219		6.5
220		0
221		2.33333
222		0
223		0
224		0
225		2
226		0
227		9
228		0
229		2
230		0
231		2.5
232		0
233		2
234		0
235		7
236		0
237		0
238		0
239		2
240		0
241		2.33333
242		0
243		3.5
244		0
245		0
246		0
247		0
248		0
249		2
250		0
251		2.5
252		0
253		2
254		0
255		0
256		0
257		0
258		0
259		2
260		0
261		2.66667
262		0
263		0
264		0
265		3
266		0
267		2
268		0
269		2
270		0
271		2.66667
272		0
273		0
274		0
275		0
276		0
277		2
278		0
279		2
280		0
281		2.75
282		0
283		0
284		0
285		0
286		0
287		2
288		0
289		2
290		0
291		2.75
292		0
293		0
294		0
295		0
296		0
297		2
298		0
299		2
300		0
301		2.75
302		0
303		0
304		0
305		0
306		0
307		2
308		0
309		0
310		0
311		2.6
312		0
313		0
314		0
315		0
316		0
317		2
318		0
319		0
320		0
321		2.6
322		0
323		0
324		0
325		0
326		0
327		2
328		0
329		0
330		0
331		2.5
332		0
333		2
334		0
335		0
336		0
337		2
338		0
339		0
340		0
341		2.5
342		0
343		2
344		0
345		0
346		0
347		2
348		0
349		0
350		0
351		2.33333
352		0
353		2
354		0
355		2
356		0
357		2
358		0
359		0
360		0
361		2
362		0
363		2
364		0
365		2.5
366		0
367		2
368		0
369		0
370		0
371		2
372		0
373		2
374		0
375		3
376		0
377		2.5
378		0
379		0
380		0
381		2
382		0
383		2
384		0
385		3
386		0
387		2.5
388		0
389		0
390		0
391		2
392		0
393		2
394		0
395		3
396		0
397		2.5
398		0
399		0
400		0
401		2
402		0
403		2
404		0
405		3
406		0
407		2.5
408		0
409		0
410		0
411		2
412		0
413		2
414		0
415		2.5
416		0
417		2.5
418		0
419		0
420		0
421		2
422		0
423		0
424		0
425		2.33333
426		0
427		2.5
428		0
429		0
430		0
431		2
432		0
433		0
434		0
435		2.33333
436		0
437		2.5
438		0
439		0
440		0
441		2
442		0
443		0
444		0
445		2.5
446		0
447		2.5
448		0
449		2
450		0
451		2
452		0
453		0
454		0
455		2.5
456		0
457		2.5
458		0
459		2
460		0
461		2
462		0
463		0
464		0
465		2
466		0
467		2.5
468		0
469		2
470		0
471		2
472		0
473		0
474		0
475		2
476		0
477		2.5
478		0
479		2
480		0
481		2
482		0
483		0
484		0
485		2
486		0
487		2.5
488		0
489		0
490		0
491		2
492		0
493		0
494		0
495		2
496		0
497		2.5
498		0
499		0
500		0
501		2
502		0
503		0
504		0
505		2
506		0
507		2.5
508		0
509		0
510		0
511		2
512		0
513		0
514		0
515		2
516		0
517		2.5
518		0
519		0
520		0
521		2
522		0
523		0
524		0
525		2
526		0
527		2.5
528		0
529		0
530		0
531		2
532		0
533		0
534		0
535		2
536		0
537		2.5
538		0
539		0
540		0
541		2
542		0
543		0
544		0
545		2
546		0
547		2.5
548		0
549		0
550		0
551		2
552		0
553		0
554		0
555		2
556		0
557		2.5
558		0
559		3
560		0
561		2
562		0
563		0
564		0
565		2
566		0
567		2.5
568		0
569		3
570		0
571		2
572		0
573		0
574		0
575		2
576		0
577		2.5
578		0
579		3
580		0
581		2
582		0
583		0
584		0
585		2
586		0
587		2.33333
588		0
589		3
590		0
591		2
592		0
593		0
594		0
595		0
596		0
597		2
598		0
599		2.5
600		0
601		2
602		0
603		0
604		0
605		0
606		0
607		2
608		0
609		2.5
610		0
611		2
612		0
613		3
614		0
615		0
616		0
617		2
618		0
619		2.5
620		0
621		2
622		0
623		3
624		0
625		0
626		0
627		2
628		0
629		2.5
630		0
631		2
632		0
633		3
634		0
635		0
636		0
637		2
638		0
639		2.5
640		0
641		2
642		0
643		3
644		0
645		0
646		0
647		2
648		0
649		2.5
650		0
651		0
652		0
653		3
654		0
655		0
656		0
657		2
658		0
659		2.66667
660		0
661		0
662		0
663		3
664		0
665		0
666		0
667		2
668		0
669		2.66667
670		0
671		0
672		0
673		3
674		0
675		0
676		0
677		2
678		0
679		2.66667
680		0
681		0
682		0
683		3
684		0
685		0
686		0
687		2
688		0
689		2.66667
690		0
691		0
692		0
693		3
694		0
695		0
696		0
697		2
698		0
699		2.66667
700		0
701		0
702		0
703		3
704		0
705		3
706		0
707		2
708		0
709		2.33333
710		0
711		0
712		0
713		3
714		0
715		2
716		0
717		2
718		0
719		2.5
720		0
721		0
722		0
723		3
724		0
725		2
726		0
727		0
728		0
729		2.5
730		0
731		3
732		0
733		3
734		0
735		2
736		0
737		0
738		0
739		2.5
740		0
741		0
742		0
743		3
744		0
745		2
746		0
747		0
748		0
749		2.5
750		0
751		0
752		0
753		3
754		0
755		2
756		0
757		0
758		0
759		2
760		0
761		0
762		0
763		2.66667
764		0
765		2
766		0
767		0
768		0
769		2
770		0
771		0
772		0
773		2.66667
774		0
775		2
776		0
777		0
778		0
779		2
780		0
781		0
782		0
783		2.75
784		0
785		2
786		0
787		0
788		0
789		2
790		0
791		0
792		0
793		2.75
794		0
795		2
796		0
797		0
798		0
799		2
800		0
801		0
802		0
803		2.66667
804		0
805		2
806		0
807		2
808		0
809		2
810		0
811		0
812		0
813		2.5
814		0
815		2
816		0
817		2.5
818		0
819		2
820		0
821		0
822		0
823		2.5
824		0
825		0
826		0
827		2.66667
828		0
829		0
830		0
831		0
832		0
833		2.5
834		0
835		3
836		0
837		2.66667
838		0
839		0
840		0
841		0
842		0
843		2.5
844		0
845		3
846		0
847		2.66667
848		0
849		0
850		0
851		0
852		0
853		3
854		0
855		3
856		0
857		2.66667
858		0
859		2
860		0
861		0
862		0
863		3
864		0
865		3
866		0
867		2.66667
868		0
869		2
870		0
871		0
872		0
873		3
874		0
875		3
876		0
877		2.66667
878		0
879		2
880		0
881		0
882		0
883		3
884		0
885		2
886		0
887		2.66667
888		0
889		0
890		0
891		2
892		0
893		0
894		0
895		2.5
896		0
897		2.66667
898		0
899		0
900		0
901		2
902		0
903		0
904		0
905		3
906		0
907		2.66667
908		0
909		0
910		0
911		2
912		0
913		0
914		0
915		3
916		0
917		2.5
918		0
919		0
920		0
921		2
922		0
923		0
924		0
925		3
926		0
927		2.66667
928		0
929		0
930		0
931		2
932		0
933		0
934		0
935		3
936		0
937		2.66667
938		0
939		0
940		0
941		2
942		0
943		0
944		0
945		3
946		0
947		2.5
948		0
949		0
950		0
951		2
952		0
953		0
954		0
955		3
956		0
957		2.5
958		0
959		0
960		0
961		2
962		0
963		0
964		0
965		3
966		0
967		2.5
968		0
969		0
970		0
971		2
972		0
973		2
974		0
975		3
976		0
977		2.5
978		0
979		0
980		0
981		2
982		0
983		2
984		0
985		3
986		0
987		2.5
988		0
989		0
990		0
991		0
992		0
993		2
994		0
995		3
996		0
997		2.5
998		0
999		0
1000		0
