#Simcount		average latency
1		0
2		0
3		0
4		0
5		0
6		0
7		0
8		0
9		0
10		0
11		0
12		0
13		0
14		0
15		0
16		0
17		0
18		3
19		3
20		2
21		2
22		0
23		0
24		4
25		4.33333
26		5
27		2
28		3.4
29		2.33333
30		3.5
31		3
32		3.5
33		4
34		4
35		0
36		5
37		4
38		2.92308
39		3.33333
40		2.84615
41		2.33333
42		0
43		4
44		4
45		4.25
46		0
47		2.44444
48		3.2
49		3
50		3
51		2.5
52		3.66667
53		4
54		4
55		0
56		4.25
57		4
58		2.81818
59		3
60		2.2
61		3
62		2
63		4
64		5.5
65		4.2
66		0
67		2.5
68		3.2
69		2.5
70		3
71		3
72		2.8
73		5
74		3.5
75		3
76		6.33333
77		4
78		2.81818
79		2.66667
80		2.44444
81		2.6
82		3
83		2
84		3.6
85		5
86		4
87		2
88		5
89		2.77778
90		2.33333
91		5
92		2.6
93		4
94		3.25
95		3
96		3.4
97		6.25
98		2.66667
99		2
100		2.875
101		3.14286
102		2
103		2
104		3.57143
105		3.8
106		0
107		2
108		3.14286
109		3
110		2.25
111		3
112		6.8
113		4.33333
114		3
115		4
116		3.83333
117		4
118		2.75
119		2
120		2.5
121		4
122		2.66667
123		4
124		7.5
125		3.5
126		3.4
127		2
128		3
129		2.66667
130		3
131		3
132		2
133		6
134		2.75
135		5
136		4.75
137		4
138		3
139		3
140		2.33333
141		2.5
142		3
143		2
144		3.66667
145		5.16667
146		2.66667
147		2
148		6.33333
149		2.8
150		3
151		0
152		2.8
153		3.83333
154		3.16667
155		3
156		2.66667
157		7.2
158		2.77778
159		5
160		4.16667
161		3
162		3.16667
163		3
164		3.5
165		3
166		3.66667
167		2.8
168		3.2
169		4.28571
170		2.83333
171		4
172		4.33333
173		3.66667
174		3.2
175		3.5
176		2.66667
177		4
178		2.625
179		3
180		2.75
181		3.66667
182		3.25
183		2
184		7.5
185		3.33333
186		3
187		2.5
188		3.16667
189		3.14286
190		2
191		3
192		2.66667
193		4.5
194		4.25
195		3.5
196		8.5
197		3.75
198		2.75
199		2.5
200		2.71429
201		4
202		3
203		3
204		2.5
205		7.66667
206		4.16667
207		3.25
208		4.16667
209		3
210		3.25
211		2.8
212		3
213		3
214		2.75
215		3.66667
216		4.57143
217		6
218		2.57143
219		3.25
220		4.66667
221		4
222		3
223		3.25
224		4
225		3.25
226		4
227		4.4
228		2
229		6.16667
230		2.85714
231		2.5
232		5.2
233		3.33333
234		3.25
235		4
236		3.71429
237		4
238		4
239		2.5
240		2.66667
241		3.66667
242		3.33333
243		2.75
244		22
245		3.4
246		4
247		4.5
248		2.66667
249		3.33333
250		2.4
251		3.16667
252		2.75
253		7.5
254		2.5
255		4
256		5
257		4
258		4
259		2.33333
260		2.66667
261		2.33333
262		3.4
263		2.75
264		3.5
265		4.8
266		4
267		5
268		3.25
269		3.6
270		2.4
271		3.16667
272		3
273		3.25
274		2.66667
275		4
276		3.5
277		13
278		4.16667
279		2.33333
280		3
281		2.66667
282		3.33333
283		2.6
284		3
285		3
286		4
287		5
288		3
289		9.4
290		2.5
291		3
292		4
293		3
294		2.66667
295		4
296		3.5
297		4
298		4.16667
299		2
300		2.75
301		3.66667
302		3.33333
303		2.75
304		9.66667
305		3.4
306		4
307		5
308		3.5
309		3.6
310		2.66667
311		2.85714
312		2.75
313		7.25
314		2.33333
315		4
316		4.625
317		4
318		4
319		2
320		2.85714
321		2
322		3.4
323		2.75
324		2.4
325		4.8
326		3.33333
327		5
328		3.8
329		3.6
330		3
331		2.57143
332		3.6
333		2.6
334		2.2
335		4
336		3.14286
337		9.4
338		4
339		2
340		3.42857
341		3
342		3.4
343		2.66667
344		2.33333
345		3.33333
346		3
347		4.4
348		3.6
349		9.4
350		3.5
351		2.57143
352		4.6
353		2.6
354		2
355		4
356		3.14286
357		4
358		3.66667
359		2
360		3.14286
361		3.75
362		3.4
363		2.66667
364		5.83333
365		3.66667
366		3
367		5
368		3.6
369		3.5
370		3.5
371		2.57143
372		3.5
373		6.2
374		2
375		3
376		5.2
377		4
378		2.5
379		9
380		3.14286
381		2.66667
382		3.16667
383		2
384		2.4
385		6.66667
386		3
387		4
388		3.5
389		4.375
390		3.5
391		2.33333
392		3.125
393		2.6
394		2
395		2.5
396		3.16667
397		9.4
398		2.6
399		3
400		4.42857
401		3.2
402		2.6
403		3
404		2.83333
405		4
406		2.66667
407		0
408		3.33333
409		7.55556
410		3.66667
411		2.33333
412		3.14286
413		3.14286
414		2
415		2.5
416		3.25
417		3.8
418		3.2
419		3
420		4.83333
421		7.5
422		2.83333
423		3
424		3.14286
425		3.5
426		2.5
427		0
428		3.6
429		4.66667
430		3.6
431		2
432		2.85714
433		3.5
434		2.4
435		3
436		9.66667
437		3.71429
438		3.66667
439		2.66667
440		4.2
441		3
442		3.28571
443		3
444		2.57143
445		12
446		2.42857
447		0
448		5
449		4.2
450		3.6
451		2.75
452		3.14286
453		3
454		2
455		3.5
456		2.5
457		4.83333
458		3.25
459		2.66667
460		8.75
461		3.2
462		3.375
463		3
464		2.71429
465		3
466		2.42857
467		0
468		3.5
469		6.83333
470		3.5
471		2.75
472		4.71429
473		3.25
474		2
475		3.5
476		2.5
477		3.75
478		3.25
479		3.25
480		4.25
481		5.4
482		3.375
483		3
484		3
485		3
486		2.5
487		0
488		3.5
489		4
490		3.5
491		2.75
492		3.14286
493		3.375
494		2
495		3.5
496		12.6667
497		3.66667
498		3.25
499		2.66667
500		3.8
501		3.2
502		3.14286
503		3
504		2.83333
505		17.5
506		2.6
507		0
508		4.5
509		4.2
510		2.75
511		3
512		3.14286
513		3.16667
514		2.5
515		3.5
516		3.25
517		5
518		3.2
519		3
520		6.5
521		3.4
522		3
523		3
524		3
525		3.25
526		3
527		2.5
528		3.33333
529		5.75
530		3
531		3
532		4.85714
533		3.28571
534		2.5
535		3.5
536		3
537		3.66667
538		3.28571
539		3
540		3.8
541		4.71429
542		3.14286
543		2.66667
544		7.75
545		3.25
546		3
547		3
548		3.5
549		3.625
550		3
551		3
552		3.16667
553		5.71429
554		2.5
555		3.5
556		6.66667
557		3.75
558		3.28571
559		3
560		3.33333
561		3
562		3.14286
563		2.66667
564		3.25
565		3.5
566		3
567		2.75
568		8
569		3.625
570		3
571		3
572		3.16667
573		3.28571
574		2.6
575		3.5
576		2.5
577		8
578		3
579		4
580		4.5
581		3.4
582		2.8
583		3.33333
584		3
585		3.5
586		2.75
587		2.25
588		3.66667
589		3.8
590		3
591		3.25
592		6.5
593		2.6
594		3
595		3
596		3
597		3.66667
598		2.4
599		4
600		3.33333
601		7.5
602		3.6
603		4
604		4.14286
605		3.75
606		2.4
607		2.6
608		3
609		2.8
610		3
611		3.25
612		3.33333
613		5
614		3.8
615		3.25
616		3.5
617		3.66667
618		3
619		3.33333
620		3.4
621		3.25
622		3
623		4
624		3.125
625		12.6667
626		2.8
627		3.25
628		3.5
629		3
630		3
631		3.14286
632		3.2
633		2.25
634		2.66667
635		3.25
636		4.16667
637		11
638		2
639		3
640		4.2
641		3.25
642		2.88889
643		4
644		2.8
645		3.33333
646		4.33333
647		3.5
648		2.77778
649		8
650		2
651		2.75
652		4.16667
653		3.25
654		2.5
655		2.75
656		2.77778
657		2.66667
658		3.75
659		3
660		4
661		4
662		3.25
663		4.5
664		9.66667
665		3.6
666		3.16667
667		4
668		2.7
669		3.33333
670		2
671		3
672		3.42857
673		8.25
674		2.5
675		2.6
676		3.25
677		2.625
678		2.5
679		2
680		3.16667
681		3.5
682		3
683		0
684		3.2
685		6.5
686		3.16667
687		0
688		2.5
689		3.8
690		3
691		2
692		3.33333
693		3.75
694		3
695		3
696		3.25
697		5.14286
698		2.83333
699		2
700		3
701		3.5
702		3.625
703		0
704		3
705		3.4
706		3.2
707		9
708		2.16667
709		4.25
710		2.71429
711		2
712		2.85714
713		3.75
714		6.83333
715		2.75
716		3.25
717		3.8
718		2.75
719		3
720		3.16667
721		3.8
722		2.71429
723		0
724		3.5
725		3.33333
726		11.6667
727		4
728		2.4
729		5.75
730		2.75
731		3
732		2.85714
733		7
734		3
735		2.5
736		3.57143
737		3
738		7.5
739		3.4
740		3.14286
741		2.8
742		2.71429
743		3.5
744		3
745		6.2
746		3.75
747		3.5
748		2.6
749		3.75
750		3.2
751		3.4
752		2.55556
753		3.5
754		3.33333
755		3.2
756		3.75
757		8
758		3.25
759		3.25
760		3.14286
761		3
762		3.125
763		3
764		3
765		3.5
766		3.66667
767		4.5
768		2.6
769		4
770		2.85714
771		3.5
772		2.55556
773		3.33333
774		8.5
775		3.5
776		4
777		3.66667
778		3
779		3.66667
780		2.88889
781		3.6
782		2.5
783		3
784		3.33333
785		3.33333
786		12
787		2.66667
788		2.8
789		3
790		2.71429
791		3.5
792		2.5
793		6.4
794		3.25
795		3
796		4
797		4
798		5
799		4
800		2.5
801		3
802		2.77778
803		3
804		2.8
805		5.25
806		4
807		2.66667
808		3.6
809		2.8
810		3
811		3.2
812		2.625
813		3.4
814		2.6
815		3.33333
816		3
817		12.3333
818		3.6
819		3.66667
820		2.2
821		3.28571
822		3.25
823		3
824		2.8
825		3.4
826		4
827		2
828		3.8
829		8.2
830		2.75
831		3
832		2.66667
833		3.5
834		4.66667
835		3
836		3.25
837		4
838		3.33333
839		4
840		2.57143
841		3.66667
842		2.71429
843		2.5
844		3.2
845		3.2
846		15.5
847		2.66667
848		3.8
849		2.66667
850		3.2
851		3
852		2.57143
853		6.5
854		2.5
855		4
856		3.2
857		3.5
858		6.33333
859		4
860		3
861		3.25
862		2.8
863		3
864		3.5
865		5
866		3.25
867		3
868		3
869		2.8
870		3.4
871		3.25
872		2.66667
873		3.75
874		2.83333
875		3
876		3.4
877		7.8
878		3
879		3.33333
880		3
881		3
882		3.6
883		2.33333
884		3.33333
885		3.6
886		3
887		4
888		2.83333
889		9.75
890		3
891		3.2
892		2.8
893		3.66667
894		4.2
895		3
896		3.57143
897		2
898		2.8
899		4
900		3.14286
901		3.33333
902		3
903		2.25
904		3
905		3.66667
906		9
907		4
908		2.85714
909		3.5
910		2.8
911		3
912		3
913		7.75
914		3
915		3
916		3.6
917		2.66667
918		4.8
919		2
920		3
921		3
922		2.66667
923		2
924		4
925		4.25
926		3
927		3.33333
928		2.57143
929		3.16667
930		2.6
931		2.75
932		3.75
933		4
934		3
935		2
936		3.5
937		7.5
938		3
939		2
940		3.11111
941		3
942		4
943		2
944		4
945		3.66667
946		3
947		4
948		2.4
949		8.6
950		2.66667
951		3
952		3
953		4
954		3.5
955		2
956		3.4
957		2.25
958		3.16667
959		4.33333
960		2.75
961		3.33333
962		3.75
963		2.33333
964		3
965		3.75
966		6.83333
967		4
968		2.6
969		3.4
970		2.66667
971		2
972		3.2
973		8.5
974		2.6
975		2.5
976		3.2
977		2.875
978		5
979		2.66667
980		2.5
981		2.8
982		4
983		3
984		3.5
985		4.8
986		2.88889
987		4
988		2.71429
989		3.33333
990		4.7
991		2
992		4
993		3.5
994		3.6
995		3
996		2.75
997		3.33333
998		2.5
999		2.75
1000		3
