#Simcount		average latency
1		0
2		0
3		0
4		0
5		0
6		0
7		0
8		0
9		0
10		0
11		0
12		0
13		0
14		0
15		0
16		0
17		0
18		3
19		3
20		2
21		2.85714
22		0
23		0
24		4
25		4
26		4
27		2
28		4.16667
29		2
30		4
31		4.5
32		4
33		5.28571
34		4
35		6
36		4
37		4.75
38		3.22222
39		2
40		4.2
41		0
42		4.71429
43		0
44		4
45		8
46		4
47		3.16667
48		3.5
49		3.5
50		8
51		3
52		4.8
53		4
54		5
55		6
56		4
57		7.2
58		3.66667
59		8.66667
60		3
61		4.4
62		3.6
63		4
64		5.83333
65		4.25
66		5
67		3.25
68		4
69		5.33333
70		4.33333
71		6.6
72		5.5
73		4.2
74		4
75		4
76		6
77		5
78		4
79		0
80		3.5
81		7.42857
82		3.57143
83		5.5
84		3
85		4.4
86		4.8
87		2
88		9.83333
89		5
90		5
91		2
92		4
93		5.42857
94		4.5
95		11
96		4
97		4.2
98		6.14286
99		4
100		7.2
101		5.25
102		4
103		0
104		4
105		6.14286
106		4
107		4.75
108		6
109		3.85714
110		6.66667
111		2
112		8.83333
113		3.4
114		4.16667
115		0
116		4
117		5.16667
118		3.57143
119		15.6667
120		7.66667
121		4.25
122		3.4
123		2.66667
124		9.33333
125		4.5
126		5
127		3.25
128		4
129		7.625
130		4.25
131		14.6667
132		11.5
133		4
134		3.4
135		0
136		9.71429
137		5
138		4
139		0
140		3.5
141		9.5
142		3.66667
143		3.75
144		3.33333
145		4.25
146		5
147		3
148		11.8333
149		8.75
150		5
151		0
152		4
153		9.28571
154		3.28571
155		17.6667
156		2
157		4.4
158		8.57143
159		4
160		11
161		8.4
162		4.25
163		2
164		3.5
165		10.1429
166		4
167		14
168		4
169		3.66667
170		6
171		4
172		6.8
173		9.5
174		4
175		3
176		4
177		5.16667
178		3.71429
179		5.5
180		13
181		4.4
182		3.6
183		2.5
184		17.4286
185		6
186		5
187		4
188		4
189		12.5
190		3.8
191		23.5
192		4.66667
193		4
194		3.33333
195		3
196		13
197		3.66667
198		4.33333
199		0
200		4
201		9.77778
202		3.33333
203		4.33333
204		11.75
205		4.25
206		5.33333
207		4
208		5
209		3.5
210		4.4
211		7
212		4
213		13.3333
214		4
215		16
216		14.6667
217		4.33333
218		14.2
219		0
220		13.1667
221		4.33333
222		5
223		2
224		3.4
225		11.125
226		4
227		31.5
228		3.33333
229		4
230		5.2
231		0
232		6.16667
233		17.6667
234		4.6
235		3
236		3.4
237		5
238		3.6
239		4.66667
240		3
241		4.16667
242		4
243		3.33333
244		19.5714
245		14.5
246		5
247		2
248		3.75
249		12.2857
250		3.8
251		4.5
252		23.5
253		4
254		3.8
255		3.5
256		23.1667
257		5
258		4.16667
259		0
260		4
261		10.3333
262		4
263		18
264		4.33333
265		4.25
266		5.33333
267		0
268		5.5
269		15
270		4.4
271		0
272		4
273		10.875
274		3.25
275		6
276		40
277		4
278		12.1667
279		4
280		14.8
281		5.4
282		5
283		2
284		3.66667
285		14
286		4.33333
287		32
288		5.25
289		4
290		5.2
291		3
292		6
293		3.2
294		4.16667
295		0
296		4
297		4.55556
298		4.25
299		21.3333
300		27
301		4.16667
302		15
303		2.66667
304		12.7143
305		3.66667
306		5
307		7
308		3.8
309		11.8333
310		3.8
311		3.33333
312		29
313		3.83333
314		5.4
315		0
316		22.8333
317		4
318		5
319		2
320		3.2
321		5.42857
322		3.8
323		21
324		3.75
325		4.25
326		4
327		0
328		5.71429
329		22
330		4.4
331		3
332		3.5
333		15.5556
334		3.25
335		6
336		3
337		4
338		4
339		4
340		11.8571
341		12.6667
342		4.25
343		2
344		3.25
345		12.4286
346		4.33333
347		32
348		3.75
349		4.25
350		4.33333
351		3.5
352		5.4
353		13
354		5
355		3
356		4
357		10.125
358		4.25
359		32
360		23.5
361		3.85714
362		11.1429
363		4
364		10.5714
365		5.2
366		5
367		0
368		4
369		15.4
370		3.4
371		16
372		4.66667
373		3.83333
374		6
375		3
376		5.14286
377		3.33333
378		5
379		0
380		3.5
381		9.875
382		3.6
383		22
384		27
385		4.33333
386		3.75
387		4
388		10.4286
389		4
390		4.25
391		4
392		3.6
393		14.5
394		4.33333
395		3.66667
396		20
397		3.66667
398		4
399		0
400		12.5714
401		3.4
402		3.85714
403		0
404		4
405		13
406		3.57143
407		26
408		2
409		4.4
410		4.4
411		2
412		14.1667
413		14.6
414		5
415		0
416		3.5
417		9.1
418		4
419		6.66667
420		3.66667
421		3.66667
422		3.25
423		4
424		12.1429
425		31.5
426		4.33333
427		3
428		3.66667
429		13
430		4.25
431		17
432		24.5
433		4
434		4.16667
435		4
436		4.2
437		5
438		4.4
439		0
440		3.33333
441		12
442		3.66667
443		22
444		6
445		4.4
446		13.2
447		3
448		12
449		3.4
450		5
451		2
452		3.75
453		12.5
454		4.5
455		21.3333
456		16.75
457		3.83333
458		4.33333
459		4
460		5.33333
461		3
462		4.16667
463		7
464		4
465		5
466		4.2
467		20.6667
468		27.5
469		4.16667
470		3
471		2
472		12
473		4.25
474		5
475		0
476		3.6
477		12.1429
478		3.8
479		26
480		4
481		3.66667
482		3.4
483		0
484		11.875
485		30.5
486		4.8
487		3
488		4
489		12.1429
490		3.6
491		14.75
492		29
493		4
494		4
495		3.66667
496		4.57143
497		6
498		4.4
499		2
500		4
501		13.1667
502		4
503		5.5
504		4.33333
505		4
506		17.25
507		0
508		18.7143
509		10.2857
510		4
511		2
512		4
513		14
514		4.5
515		19
516		24.5
517		4.2
518		4
519		3.33333
520		8
521		6
522		4.6
523		0
524		3.66667
525		4.625
526		4
527		5.66667
528		5.33333
529		4.16667
530		14.75
531		2
532		12.2857
533		11.6
534		5
535		0
536		4
537		10.4286
538		3.75
539		18
540		23
541		3.83333
542		5.4
543		4
544		13.6667
545		7
546		5
547		2
548		3.5
549		5.25
550		3.5
551		22
552		5.33333
553		3.66667
554		4
555		0
556		5.5
557		3.5
558		4
559		0
560		4
561		21.5
562		3.66667
563		5.33333
564		19.3333
565		4.4
566		4
567		3
568		19.7143
569		3.6
570		5
571		4.5
572		3.5
573		11.375
574		3.75
575		29.5
576		20.3333
577		3.8
578		3.14286
579		0
580		7.4
581		5.66667
582		4.5
583		3
584		3.75
585		10.125
586		3.75
587		5.66667
588		4
589		4
590		4
591		2
592		11.375
593		14.2
594		5
595		3
596		3.75
597		14.8
598		3.75
599		15.2
600		20
601		4.25
602		4.2
603		4
604		13.8333
605		7
606		5
607		2
608		3.33333
609		4.25
610		4.25
611		22
612		5
613		3.83333
614		12.8
615		0
616		5.5
617		4
618		4.14286
619		3
620		3.5
621		23.8
622		4
623		5.33333
624		16.75
625		4.4
626		4.4
627		3
628		19.4286
629		3.4
630		4.75
631		4.5
632		4
633		5
634		4.33333
635		20.3333
636		30.5
637		4.25
638		12.6
639		3.5
640		6.5
641		5.66667
642		4.6
643		0
644		3.66667
645		9.5
646		3.5
647		5.5
648		3
649		3.875
650		6
651		28.5
652		15.4
653		3.6
654		5
655		0
656		4
657		6
658		3.66667
659		30.5
660		20
661		4.2
662		3.8
663		10
664		13.8333
665		4.5
666		4.6
667		2
668		3
669		4.44444
670		4.25
671		30
672		5.33333
673		4.2
674		14.8
675		17.3333
676		5.6
677		3
678		4.14286
679		3
680		3.33333
681		17.75
682		4
683		5
684		24.5
685		4.33333
686		4.16667
687		6
688		19
689		3.4
690		5
691		2
692		4
693		5.875
694		4.33333
695		28.5
696		7
697		4
698		12.5
699		3.5
700		6.16667
701		4.5
702		4.5
703		0
704		4
705		10.875
706		3.66667
707		7
708		2.33333
709		3.85714
710		5.4
711		21
712		15.4
713		4
714		4.66667
715		2
716		4
717		10.2857
718		4.33333
719		22
720		11.6667
721		4.2
722		2.8
723		6
724		15.6
725		4.5
726		4.5
727		0
728		3.33333
729		8.1
730		4.25
731		21
732		5
733		4.2
734		4.25
735		21
736		13.5
737		4
738		4.8
739		3
740		3
741		12
742		3.4
743		20.3333
744		16.75
745		4.25
746		3.6
747		6.66667
748		13.1667
749		2.66667
750		5
751		2.5
752		4.33333
753		9.125
754		4.33333
755		33.3333
756		13
757		4.33333
758		4.25
759		3.5
760		5.11111
761		4.5
762		3.83333
763		4
764		3.75
765		12.4
766		4.25
767		5
768		16.6667
769		3.4
770		4.6
771		3.25
772		17.2857
773		3.25
774		4.33333
775		4
776		3.5
777		5.2
778		3.66667
779		23.5
780		2.75
781		4.33333
782		11.5
783		24
784		7
785		4.5
786		3.8
787		4
788		3
789		8.4
790		4
791		4.75
792		4
793		3.85714
794		6
795		17.6667
796		11.7143
797		3.5
798		4.5
799		3.5
800		3.16667
801		5.66667
802		11
803		17.6667
804		3.75
805		4.25
806		3.2
807		7
808		12.5714
809		3.25
810		4.5
811		2.75
812		4
813		10.3333
814		6
815		26
816		4
817		4
818		4.33333
819		3
820		5.4
821		4
822		3.6
823		4
824		3.75
825		12.2857
826		14
827		6
828		3
829		3.5
830		4.6
831		2.75
832		18.8571
833		4.25
834		4.33333
835		4
836		4
837		4.5
838		20.3333
839		25.75
840		2.75
841		4.33333
842		11.2857
843		5
844		7.14286
845		4.5
846		3.8
847		4
848		3.5
849		9.77778
850		4
851		5.4
852		4
853		4.25
854		5.75
855		17
856		5.14286
857		3.5
858		4.33333
859		3.5
860		3
861		5.28571
862		16.5
863		20.6667
864		4
865		4.2
866		12.4
867		7
868		11.25
869		3.66667
870		3.66667
871		3
872		4
873		10.7143
874		5.25
875		38.6667
876		4
877		3.8
878		5.8
879		3
880		5.5
881		4
882		3.8
883		4
884		4
885		5.57143
886		12.3333
887		6
888		2.66667
889		3.8
890		4.25
891		2.75
892		20.2857
893		5
894		4.33333
895		4
896		4
897		12.5
898		22
899		24
900		2.66667
901		4.33333
902		3.71429
903		4
904		7.85714
905		4.66667
906		3.8
907		4
908		3.2
909		9.55556
910		28
911		4.66667
912		4
913		4.25
914		5.25
915		4
916		5.14286
917		4
918		4.33333
919		3.25
920		3.2
921		4.8
922		3.4
923		38.3333
924		4
925		4.33333
926		13
927		31.5
928		4.57143
929		3.66667
930		13.6
931		3
932		3.25
933		122.75
934		3.75
935		29
936		4
937		4.2
938		5.2
939		15
940		5.28571
941		3
942		4
943		3
944		4
945		7
946		24.5
947		20.6667
948		3
949		3.8
950		2.66667
951		7
952		10.8889
953		3.66667
954		3.66667
955		4
956		4
957		13.8333
958		4.5
959		17.25
960		3
961		4
962		3.8
963		3
964		13.8571
965		4
966		4
967		4
968		3.33333
969		10.3333
970		14.4
971		27.5
972		3
973		4
974		4
975		4
976		5.875
977		5.33333
978		3.75
979		3.5
980		3.6
981		10.125
982		19.3333
983		19
984		4
985		4.33333
986		4.66667
987		5
988		4.375
989		2.66667
990		3.8
991		4
992		3.2
993		4.71429
994		4.5
995		30.5
996		4
997		4.33333
998		13.6667
999		21.3333
1000		10.2222
