Tile ID						Power estimation

0						0.00522221
1						0.00855388
2						0.008414
3						0.0055366
4						0.00548936
5						0.00526057
6						0.00285
7						0.00811691
8						0.00804136
9						0.0105968
10						0.0055816
11						0.00552174
12						0.00529356
13						0.00287617
14						0.00798222
15						0.0103783
16						0.00496477
17						0
18						0
19						0
20						0
21						0.0049948
22						0.00504493
23						0
24						0
25						0
26						0
27						0
28						0.00495464
29						0.00499479
30						0
31						0
32						0
33						0
34						0
35						0.00488153
36						0.00494166
37						0
38						0
39						0
40						0
41						0
42						0.00281429
43						0.00284433
44						0
45						0
46						0
47						0
48						0


Total Netwok Power(In Watt):0.146151