#Simcount		average latency
1		0
2		0
3		0
4		0
5		0
6		0
7		0
8		0
9		0
10		0
11		0
12		0
13		0
14		0
15		0
16		0
17		0
18		0
19		0
20		0
21		0
22		0
23		0
24		0
25		0
26		0
27		0
28		0
29		0
30		0
31		0
32		0
33		0
34		0
35		0
36		0
37		0
38		0
39		0
40		0
41		0
42		0
43		0
44		0
45		0
46		0
47		0
48		0
49		0
50		0
51		0
52		0
53		0
54		0
55		0
56		0
57		0
58		0
59		0
60		0
61		0
62		2
63		2
64		2
65		2.875
66		3
67		0
68		4
69		4
70		4
71		0
72		2.55556
73		3.5
74		4.33333
75		7.5
76		3.5
77		8
78		8
79		4
80		4
81		7
82		5.33333
83		4.16667
84		0
85		6.66667
86		5.66667
87		9.5
88		11
89		8
90		8.25
91		4
92		5
93		5.5
94		8
95		4
96		10.8
97		3
98		4.5
99		7.75
100		13.3333
101		8.66667
102		6.25
103		3.6
104		7.5
105		5.33333
106		8.33333
107		10.6667
108		5.5
109		8
110		5.8
111		5.33333
112		5.5
113		5.75
114		6
115		5.2
116		3.5
117		5.25
118		7
119		4
120		8
121		6.16667
122		3.25
123		5.25
124		9.5
125		3.75
126		6
127		5
128		8.5
129		16
130		4.625
131		9.75
132		2
133		5.8
134		13.6667
135		5
136		9
137		5
138		6.2
139		6
140		5.5
141		16.25
142		6.875
143		9
144		8.5
145		7.75
146		4.33333
147		4.42857
148		9.5
149		5.66667
150		4.8
151		6.16667
152		6
153		6
154		5.16667
155		6.16667
156		6.25
157		20
158		4
159		5.66667
160		6.66667
161		5.25
162		7.14286
163		4.33333
164		4
165		4.25
166		5
167		5.71429
168		6
169		22
170		4.25
171		4.83333
172		12
173		6.8
174		6.16667
175		4.75
176		3.5
177		6
178		5
179		5.55556
180		5
181		3.5
182		3.66667
183		4.25
184		13
185		5.2
186		22.1429
187		4.75
188		4
189		5.75
190		5
191		4.57143
192		4.2
193		9
194		4
195		4.83333
196		4.5
197		5.25
198		7.16667
199		4.75
200		3.33333
201		12
202		4.71429
203		4.375
204		4.75
205		4
206		4.33333
207		4.83333
208		9.4
209		5.75
210		23.7143
211		4.33333
212		3
213		6
214		4.71429
215		4.83333
216		4.4
217		14.5
218		4
219		4.83333
220		4.66667
221		11.8
222		7.5
223		4.2
224		4
225		10.5
226		5.16667
227		4.83333
228		4.4
229		9
230		3.66667
231		4.83333
232		8.8
233		6.75
234		11.7143
235		4.14286
236		4
237		6.2
238		5.16667
239		4.42857
240		4.2
241		14.5
242		4
243		4.42857
244		4.8
245		4.75
246		7.14286
247		5
248		3.66667
249		13
250		4.71429
251		4.42857
252		4.75
253		4.5
254		4.5
255		4.375
256		8.8
257		4.6
258		11.1667
259		4.16667
260		4
261		6.75
262		4.85714
263		4.83333
264		4.33333
265		35
266		4
267		4.83333
268		5
269		13.75
270		5.14286
271		4.75
272		4
273		10.25
274		5.16667
275		4.22222
276		5
277		14.6667
278		4.5
279		4.5
280		10
281		5.8
282		9.66667
283		4.6
284		3.4
285		7.33333
286		4.85714
287		5
288		4.5
289		3
290		3.75
291		5
292		5.6
293		9.2
294		11.1667
295		4
296		4
297		4.2
298		5.16667
299		4.42857
300		4.75
301		16
302		4
303		4.83333
304		7.875
305		7.25
306		5.71429
307		4.75
308		3.66667
309		6
310		4.71429
311		5.14286
312		4.75
313		4.5
314		4.33333
315		4
316		13
317		4.6
318		11
319		4.2
320		4
321		5.75
322		5.16667
323		4.83333
324		4
325		20
326		4
327		5
328		4.6
329		12
330		5.14286
331		4.6
332		4
333		11.5
334		5.16667
335		4.25
336		4.8
337		19.5
338		4.33333
339		4.5
340		9.4
341		6.25
342		9.66667
343		4.6
344		3.2
345		7.33333
346		4.85714
347		4.83333
348		4.5
349		4
350		3.66667
351		5
352		6
353		9.6
354		11.1667
355		3.88889
356		4
357		4.2
358		5.16667
359		4.5
360		5
361		12.3333
362		4
363		5
364		8.57143
365		6.2
366		5.375
367		4.75
368		3.66667
369		6
370		4.71429
371		5
372		4.8
373		7
374		4.33333
375		3.875
376		9.66667
377		11.4
378		4.83333
379		4.2
380		4
381		5.75
382		5.16667
383		4.83333
384		4.75
385		20
386		3.5
387		5
388		4.5
389		12
390		4.85714
391		4.6
392		3.33333
393		14.6667
394		5.16667
395		4.5
396		4.8
397		14.6667
398		4.33333
399		5
400		8.33333
401		4.8
402		9.83333
403		4.6
404		3.66667
405		6
406		4.5
407		5.14286
408		5
409		3.5
410		3.66667
411		4.6
412		9.5
413		8.5
414		10.8333
415		4.16667
416		4
417		5.6
418		5
419		5
420		4.6
421		10
422		4
423		5
424		4.5
425		5.8
426		8.375
427		4.75
428		4
429		9.4
430		4.71429
431		4.83333
432		5
433		5
434		4.33333
435		4.5
436		10.5
437		8.5
438		6.14286
439		4.75
440		3.5
441		6.4
442		5.16667
443		4.83333
444		4.5
445		20
446		3.6
447		5
448		6
449		5.57143
450		4.85714
451		4.6
452		4
453		4.75
454		5.16667
455		5
456		4.8
457		14.3333
458		4.33333
459		5
460		9.5
461		4.8
462		11.3333
463		4.6
464		3.66667
465		6
466		4.71429
467		5.14286
468		5
469		9.75
470		3.75
471		4.16667
472		13
473		10.5
474		5.83333
475		4.75
476		4
477		5.75
478		5
479		5
480		4.5
481		15.5
482		4
483		5
484		4.5
485		6.25
486		8.14286
487		4.6
488		4
489		10
490		4.71429
491		4.42857
492		5
493		12
494		4.33333
495		5
496		10.75
497		8.5
498		6.71429
499		4.6
500		3.66667
501		6.75
502		4.85714
503		5
504		4.6
505		4
506		3.66667
507		5
508		5.6
509		5.57143
510		9
511		4.16667
512		4
513		4.8
514		5.16667
515		5
516		4.8
517		11.6667
518		4
519		5
520		9.5
521		4.8
522		11
523		4.75
524		3.66667
525		6
526		4.71429
527		5.14286
528		5
529		4.5
530		3.75
531		4.16667
532		13
533		10.5
534		5.83333
535		4.75
536		4
537		5.6
538		5
539		5
540		4.8
541		19
542		3.8
543		5
544		4.16667
545		6.25
546		8.14286
547		4.6
548		4
549		12
550		4.71429
551		4.125
552		5
553		15
554		4.33333
555		5
556		10.75
557		9.6
558		6.71429
559		4.33333
560		4
561		6.25
562		4.625
563		5
564		4.6
565		4
566		4.5
567		5
568		4.66667
569		5.83333
570		8.71429
571		3.85714
572		4
573		4.4
574		5.16667
575		5
576		4.8
577		16
578		4
579		5
580		10.8
581		11.6
582		5.85714
583		4.75
584		3.66667
585		6
586		4.71429
587		4.85714
588		137.75
589		5.33333
590		3.75
591		3.85714
592		13
593		4.8
594		5.4
595		5.6
596		4
597		5.2
598		5
599		4.6
600		6
601		19
602		3.8
603		5
604		4.16667
605		6.25
606		8.28571
607		4.6
608		4
609		12
610		4.71429
611		4.42857
612		5
613		15
614		4.33333
615		5
616		10.75
617		10
618		6.25
619		4.33333
620		4
621		5
622		4.85714
623		5
624		4.6
625		4
626		4.5
627		4.16667
628		7.33333
629		5.83333
630		8.71429
631		4.16667
632		4
633		5.2
634		5.16667
635		4.83333
636		5
637		16
638		3.4
639		5
640		4.5
641		11.6
642		6
643		4.75
644		3.66667
645		13.6667
646		5.16667
647		4.42857
648		4.75
649		4.66667
650		3.75
651		4.42857
652		10.5
653		4.8
654		11.1667
655		4.75
656		4
657		6.75
658		4.75
659		4.83333
660		4.2
661		19
662		4
663		4.83333
664		5
665		11
666		5.66667
667		4.16667
668		4
669		4.5
670		5.16667
671		4.57143
672		5
673		21
674		4.5
675		4.66667
676		12.5
677		5.4
678		7.5
679		4.6
680		3
681		6
682		5.16667
683		5
684		4.4
685		12.3333
686		4.33333
687		3.85714
688		11.2
689		8.33333
690		6.66667
691		4.4
692		4
693		6
694		5
695		4.57143
696		5
697		16.5
698		3.5
699		5
700		3.66667
701		6.2
702		5.5
703		4.6
704		3.33333
705		12
706		5.16667
707		4.5
708		4.33333
709		3.5
710		4.33333
711		5
712		4.5
713		13.75
714		8.14286
715		4.33333
716		4
717		12.25
718		4.85714
719		4.57143
720		4.25
721		11
722		4
723		5
724		9.5
725		10.6667
726		5.85714
727		4.2
728		3
729		6
730		5.16667
731		5
732		4.4
733		7
734		4.33333
735		4.5
736		5.6
737		11
738		4.71429
739		4.33333
740		2.66667
741		4.75
742		5.16667
743		4.83333
744		4.33333
745		14.6667
746		4
747		4.14286
748		10.4
749		4.16667
750		9.33333
751		4.75
752		4
753		6
754		5.16667
755		4.875
756		5
757		21
758		3.75
759		4.5
760		9.66667
761		8.5
762		5.83333
763		4.75
764		4
765		5
766		5.16667
767		4.125
768		5
769		11.6667
770		3.66667
771		5
772		4.5
773		5.4
774		9.16667
775		4.16667
776		10.3333
777		14.6667
778		4.71429
779		4.83333
780		3.83333
781		5.5
782		4
783		4.83333
784		5
785		8.66667
786		5.83333
787		3.83333
788		10.3333
789		11.5
790		5.4
791		4.83333
792		4.75
793		5.33333
794		3.33333
795		4.42857
796		4.5
797		6.2
798		8.14286
799		4.75
800		3.75
801		13
802		5.4
803		5
804		4.28571
805		12.6667
806		3.5
807		4.125
808		4.8
809		4.2
810		7.2
811		4.75
812		9.75
813		13
814		5.16667
815		4.57143
816		4.75
817		5
818		3.66667
819		4.83333
820		8
821		5
822		12.8
823		5
824		4.25
825		6.5
826		5.75
827		4.57143
828		4.25
829		11.3333
830		4
831		4.71429
832		5.6
833		13.5
834		5.66667
835		4.5
836		9.25
837		3.6
838		5.2
839		4.85714
840		4.2
841		9
842		4
843		4.71429
844		10.4
845		5.5
846		10.2
847		4.25
848		5
849		4.66667
850		5.75
851		5.28571
852		4.66667
853		4.5
854		4
855		4.25
856		11.2
857		8
858		6.16667
859		5
860		3.4
861		6
862		5.4
863		4.83333
864		4.16667
865		16
866		4
867		4.375
868		4.5
869		5.5
870		5.2
871		4.75
872		3.75
873		14.6667
874		5.16667
875		4.57143
876		4.6
877		22
878		4
879		4.83333
880		8.5
881		5.25
882		12.6
883		4.75
884		8.25
885		6.5
886		5.4
887		4.83333
888		4
889		5.33333
890		3
891		4.83333
892		6
893		12
894		6
895		4.33333
896		5
897		4
898		5.4
899		4.66667
900		4.42857
901		16
902		3.5
903		4.83333
904		9.33333
905		6.25
906		10.2
907		4.6
908		7
909		4.66667
910		5.4
911		4.875
912		4.75
913		9
914		4
915		4.28571
916		11.2
917		8.33333
918		6.8
919		4.5
920		5.5
921		6
922		5
923		5
924		4.33333
925		4.66667
926		4
927		4.71429
928		4.14286
929		5.83333
930		5.2
931		4.4
932		3.75
933		14.6667
934		5.4
935		4.66667
936		4.57143
937		15.3333
938		4
939		4.57143
940		9.4
941		4.8
942		11
943		4.75
944		3.75
945		7.33333
946		4.83333
947		4.71429
948		4.2
949		23.5
950		3
951		4.66667
952		5.4
953		12
954		5.6
955		4.75
956		8.75
957		9.2
958		5.4
959		4.28571
960		4.66667
961		11
962		3.5
963		4.42857
964		8.8
965		5.75
966		8.83333
967		4.6
968		3.75
969		8
970		5
971		4.57143
972		4.75
973		12.3333
974		3.66667
975		4.83333
976		6
977		8.5
978		6.4
979		4.25
980		9.25
981		5.33333
982		5.4
983		4.5
984		4.8
985		8
986		2.66667
987		4.83333
988		4
989		6.2
990		9
991		4.75
992		5.66667
993		13.75
994		5
995		5
996		4.28571
997		3.5
998		3.66667
999		4.42857
1000		4.33333
1001		4.75
1002		7.2
1003		4.25
1004		11.75
1005		14.25
1006		5.4
1007		4.25
1008		4.75
1009		4.25
1010		4
1011		4.83333
1012		9.5
1013		12
1014		4.71429
1015		4.75
1016		9.8
1017		7.33333
1018		5
1019		5
1020		4
1021		5.5
1022		4
1023		4.42857
1024		5
1025		11.8
1026		5.2
1027		4
1028		4.33333
1029		4
1030		5.4
1031		4.83333
1032		4.75
1033		14
1034		3.4
1035		4.83333
1036		10.4
1037		9.6
1038		5.16667
1039		5
1040		8.4
1041		6
1042		5.75
1043		4.875
1044		4.66667
1045		6
1046		4
1047		4
1048		11.2
1049		4.6
1050		10.4
1051		5
1052		5.66667
1053		6
1054		4.5
1055		4.83333
1056		4.16667
1057		3.5
1058		3.5
1059		4.71429
1060		4.33333
1061		11
1062		6.4
1063		4.2
1064		11.75
1065		10.2
1066		5.4
1067		4.25
1068		4.75
1069		4.25
1070		4
1071		4.83333
1072		10.75
1073		5.8
1074		8.28571
1075		4.75
1076		15
1077		7.33333
1078		4.5
1079		4.83333
1080		4.2
1081		5.33333
1082		4
1083		4.83333
1084		5.5
1085		7.71429
1086		6.4
1087		3.57143
1088		3.66667
1089		4
1090		5.4
1091		4.83333
1092		4.75
1093		14
1094		4
1095		4.83333
1096		10.6
1097		6.2
1098		7.5
1099		4.75
1100		8.4
1101		6
1102		5.4
1103		5
1104		4.66667
1105		5
1106		4
1107		3.66667
1108		11.2
1109		4.2
1110		7.2
1111		5
1112		5
1113		6
1114		5.16667
1115		4.83333
1116		4.4
1117		9.75
1118		3.33333
1119		4.83333
1120		4
1121		5
1122		12.8
1123		4.75
1124		9.25
1125		10
1126		5.4
1127		4.14286
1128		4.42857
1129		7.5
1130		4
1131		4.83333
1132		9.4
1133		13.75
1134		5.66667
1135		4.75
1136		5.5
1137		6
1138		4.71429
1139		4.83333
1140		4.2
1141		4.66667
1142		4
1143		4.83333
1144		5.5
1145		5
1146		10.2
1147		4.2
1148		3.6
1149		10.25
1150		5.4
1151		4.5
1152		4.66667
1153		22
1154		4
1155		4.83333
1156		7.83333
1157		9.2
1158		6.16667
1159		4.75
1160		10.2
1161		7.33333
1162		5
1163		4.83333
1164		4.6
1165		5
1166		4
1167		4.375
1168		4.83333
1169		6.2
1170		5.2
1171		4.25
1172		5
1173		4.66667
1174		5.16667
1175		4.83333
1176		4.33333
1177		11.3333
1178		3.5
1179		4.71429
1180		10.4
1181		5.25
1182		11
1183		4.75
1184		9.25
1185		4.5
1186		5.4
1187		4.5
1188		4.4
1189		6.66667
1190		4
1191		4.14286
1192		13
1193		11
1194		5.66667
1195		5
1196		5.5
1197		5
1198		5
1199		5
1200		4.28571
1201		4.5
1202		3.5
1203		4.83333
1204		4.4
1205		5.16667
1206		10.2
1207		4.2
1208		3.6
1209		11.5
1210		5.4
1211		4.42857
1212		4.75
1213		16.3333
1214		4
1215		4.83333
1216		9.2
1217		8.33333
1218		6.16667
1219		4.75
1220		10.2
1221		7.33333
1222		5
1223		5
1224		4.8
1225		5
1226		4
1227		4.42857
1228		4.83333
1229		5.83333
1230		5.2
1231		4.2
1232		5
1233		4.66667
1234		5.16667
1235		5
1236		4.42857
1237		11.3333
1238		4
1239		4.83333
1240		9.33333
1241		5.25
1242		9.71429
1243		4.75
1244		9.25
1245		4.66667
1246		5.4
1247		4.75
1248		4.4
1249		9
1250		4
1251		4
1252		13
1253		12
1254		5.5
1255		5
1256		5.5
1257		5
1258		5.4
1259		4.83333
1260		4.28571
1261		4.5
1262		3.5
1263		4.57143
1264		4.4
1265		5.4
1266		10.2
1267		4.75
1268		3.8
1269		14.6667
1270		4.83333
1271		4.25
1272		4.75
1273		16.3333
1274		3.66667
1275		4.83333
1276		9.2
1277		9.6
1278		6.4
1279		4.6
1280		10.2
1281		7.33333
1282		5
1283		4.66667
1284		4.8
1285		5.33333
1286		4
1287		4.83333
1288		5
1289		9.4
1290		5.4
1291		4
1292		4.25
1293		4.66667
1294		5
1295		5
1296		4.14286
1297		16
1298		4
1299		4.375
1300		9.33333
1301		4.75
1302		10.4
1303		4.4
1304		9.25
1305		4.66667
1306		5.4
1307		8.57143
1308		4.33333
1309		9
1310		3.66667
1311		4.28571
1312		5
1313		9.6
1314		5.16667
1315		5
1316		5.5
1317		10.6667
1318		5.4
1319		4.125
1320		4.28571
1321		4.5
1322		4
1323		4.57143
1324		7.4
1325		5
1326		10.2
1327		4.75
1328		3.8
1329		7.33333
1330		4.71429
1331		4.57143
1332		4.75
1333		16.3333
1334		3.66667
1335		4.83333
1336		5.5
1337		8
1338		6.4
1339		3.85714
1340		3.4
1341		4.66667
1342		5.4
1343		4.57143
1344		4.75
1345		23.5
1346		4
1347		5
1348		8.42857
1349		6.2
1350		8.14286
1351		4.5
1352		10.3333
1353		5.33333
1354		5.2
1355		5
1356		4.66667
1357		5.5
1358		4
1359		3.9
1360		8.4
1361		4.75
1362		6.33333
1363		5
1364		5
1365		5.25
1366		5.4
1367		4.83333
1368		4.4
1369		9.75
1370		3.66667
1371		4.83333
1372		4.5
1373		5
1374		11
1375		4.75
1376		7.8
1377		10.75
1378		5.4
1379		4.5
1380		4.42857
1381		8.5
1382		4
1383		4.83333
1384		9.2
1385		11.6
1386		6
1387		4.75
1388		5.5
1389		6
1390		4.71429
1391		4.83333
1392		4.75
1393		4
1394		3
1395		4.83333
1396		5.5
1397		5.33333
1398		10.2
1399		3.83333
1400		10
1401		4.66667
1402		5.16667
1403		5
1404		4.66667
1405		4.33333
1406		4
1407		4.83333
1408		9.5
1409		11
1410		5.71429
1411		4.75
1412		15
1413		4.5
1414		4.83333
1415		4.85714
1416		4.6
1417		4.66667
1418		4
1419		3.88889
1420		11.2
1421		6.25
1422		9.16667
1423		5
1424		4.33333
1425		5.25
1426		5.4
1427		4.83333
1428		4.33333
1429		18.5
1430		3.33333
1431		4.71429
1432		4.2
1433		9.6
1434		4.66667
1435		4.75
1436		10
1437		11.75
1438		5.4
1439		4.125
1440		4.75
1441		6
1442		4
1443		4.83333
1444		10.75
1445		4.66667
1446		10.2
1447		4.75
1448		5
1449		7.33333
1450		4.71429
1451		5
1452		4.42857
1453		3.66667
1454		3
1455		4.83333
1456		5.2
1457		9.4
1458		6
1459		4.2
1460		11.75
1461		10.25
1462		5.16667
1463		4.57143
1464		4.75
1465		4.5
1466		4
1467		4.83333
1468		8.6
1469		5.8
1470		9
1471		4.75
1472		10
1473		6.5
1474		4.83333
1475		5
1476		4.66667
1477		4.66667
1478		4
1479		4.42857
1480		5.6
1481		9.2
1482		6.33333
1483		4.5
1484		4.33333
1485		4.25
1486		5.4
1487		4.83333
1488		4.4
1489		14
1490		3.5
1491		4.83333
1492		8.33333
1493		6.16667
1494		4.66667
1495		4.75
1496		10
1497		5
1498		5.4
1499		4.85714
1500		4.66667
1501		6.5
1502		4
1503		4.28571
1504		10.2
1505		4.8
1506		12.6
1507		5
1508		5
1509		6
1510		5
1511		4.83333
1512		4
1513		4
1514		3
1515		4.83333
1516		5
1517		10.5
1518		6
1519		4.2
1520		11.75
1521		14.6667
1522		5.16667
1523		4.66667
1524		4.66667
1525		4.33333
1526		4
1527		4.83333
1528		8.16667
1529		10.75
1530		5
1531		4.75
1532		9.8
1533		6.5
1534		4.83333
1535		4.83333
1536		4.25
1537		4.75
1538		4
1539		4.125
1540		6
1541		4.6
1542		9.33333
1543		4.4
1544		4.33333
1545		4.25
1546		5.4
1547		5
1548		4.5
1549		14
1550		3.5
1551		4.83333
1552		9.33333
1553		8.66667
1554		5
1555		4.75
1556		10
1557		4.5
1558		5.4
1559		4.85714
1560		4.66667
1561		4
1562		4
1563		4.28571
1564		11.2
1565		5.2
1566		8.83333
1567		5
1568		8.5
1569		6
1570		5
1571		4.83333
1572		4.2
1573		5
1574		3
1575		4.83333
1576		5
1577		7.71429
1578		6.4
1579		4.2
1580		3.66667
1581		14.6667
1582		5.16667
1583		4.57143
1584		4.75
1585		10.5
1586		3.33333
1587		4.83333
1588		9.2
1589		6.2
1590		9
1591		4.75
1592		8.2
1593		6.5
1594		4.83333
1595		5
1596		4.66667
1597		5.66667
1598		4
1599		4.42857
1600		5.6
1601		4.75
1602		6.66667
1603		4.75
1604		5
1605		10.5
1606		4.83333
1607		4.83333
1608		4.4
1609		3.5
1610		4
1611		4.83333
1612		10
1613		4.83333
1614		12.8
1615		4.75
1616		9.8
1617		5
1618		5
1619		4.66667
1620		4.125
1621		4
1622		4
1623		4.5
1624		8.4
1625		11.8
1626		5.33333
1627		4.25
1628		15
1629		4
1630		5
1631		6.85714
1632		4.75
1633		5.33333
1634		4
1635		4.5
1636		5.5
1637		5.33333
1638		9
1639		4.2
1640		3.2
1641		4.66667
1642		5.4
1643		5
1644		4.66667
1645		13.6667
1646		3.33333
1647		4.42857
1648		9.2
1649		9.2
1650		6.16667
1651		5
1652		10
1653		5
1654		5.16667
1655		4.85714
1656		4.6
1657		7
1658		3.5
1659		4.125
1660		8.33333
1661		6.25
1662		8.66667
1663		4.75
1664		5
1665		5.5
1666		4.83333
1667		4.42857
1668		4.6
1669		3
1670		3.5
1671		4.71429
1672		4.5
1673		9.4
1674		6.66667
1675		5
1676		11.75
1677		11.75
1678		5.2
1679		4.5
1680		4.2
1681		4.33333
1682		4
1683		4.83333
1684		9.6
1685		6.16667
1686		8.83333
1687		4.25
1688		12.25
1689		6
1690		5
1691		5
1692		4.66667
1693		5.5
1694		3.66667
1695		4.83333
1696		5.2
1697		9.4
1698		5.16667
1699		4.75
1700		3.25
1701		10.5
1702		5.4
1703		4.42857
1704		4.75
1705		11.5
1706		3
1707		4.42857
1708		10
1709		4.83333
1710		8.83333
1711		4.75
1712		9.5
1713		8
1714		4.85714
1715		5
1716		4.66667
1717		7
1718		3.66667
1719		4.83333
1720		5.33333
1721		9.4
1722		6.4
1723		4.25
1724		5
1725		5
1726		4.83333
1727		4.42857
1728		4.75
1729		3.5
1730		3
1731		4.83333
1732		4.5
1733		6.2
1734		8.28571
1735		4.75
1736		11.75
1737		13.5
1738		5
1739		5
1740		4
1741		4
1742		4
1743		4.42857
1744		4.8
1745		4.6
1746		6.33333
1747		4.25
1748		15
1749		13.75
1750		5.4
1751		4.57143
1752		4.75
1753		4.5
1754		4
1755		4.83333
1756		9.5
1757		4.66667
1758		11.1667
1759		4.75
1760		3
1761		7.33333
1762		5.4
1763		5
1764		4.42857
1765		13.6667
1766		3.33333
1767		4.42857
1768		5.6
1769		11.4
1770		6
1771		4.4
1772		10
1773		4
1774		5.16667
1775		4.83333
1776		4.75
1777		6.33333
1778		3.66667
1779		4.83333
1780		10.4
1781		5.8
1782		8.83333
1783		5
1784		4.5
1785		5.33333
1786		5
1787		4.625
1788		4.66667
1789		3
1790		4
1791		4.42857
1792		11.2
1793		8.16667
1794		6.33333
1795		5
1796		11.75
1797		4.75
1798		5
1799		4.83333
1800		4.16667
1801		4
1802		3
1803		4.71429
1804		4.16667
1805		6.6
1806		4.66667
1807		4.2
1808		15
1809		11.5
1810		5.4
1811		4.83333
1812		4.16667
1813		4.33333
1814		4
1815		4.71429
1816		5
1817		5.25
1818		11
1819		4.4
1820		9.5
1821		14.6667
1822		5.4
1823		4.57143
1824		4.4
1825		4.75
1826		4
1827		4.42857
1828		8
1829		10.3333
1830		6
1831		4.75
1832		9.5
1833		6
1834		5.16667
1835		5
1836		4.66667
1837		6.5
1838		3.5
1839		4.57143
1840		5
1841		6.25
1842		10.2
1843		4.4
1844		4
1845		4.5
1846		5.4
1847		4.83333
1848		4.2
1849		11.25
1850		4
1851		4.83333
1852		9.16667
1853		8.33333
1854		6.8
1855		5
1856		10
1857		5.33333
1858		5
1859		5
1860		4.8
1861		7
1862		4
1863		4.25
1864		9.83333
1865		6.6
1866		5
1867		5
1868		4.75
1869		5.25
1870		5.4
1871		5
1872		4.125
1873		3.66667
1874		4
1875		4.83333
1876		4.8
1877		5
1878		10.8333
1879		4.4
1880		11.75
1881		11.75
1882		5.4
1883		4.57143
1884		4.4
1885		5
1886		4
1887		4.83333
1888		9
1889		12
1890		5.33333
1891		4.75
1892		9.8
1893		6
1894		5.4
1895		5
1896		4.66667
1897		5.66667
1898		4
1899		4.57143
1900		5.6
1901		5.6
1902		10.2
1903		4.4
1904		3.8
1905		4.66667
1906		5.4
1907		4.83333
1908		4.2
1909		11.5
1910		3
1911		4.83333
1912		10.4
1913		7.57143
1914		6.8
1915		4.75
1916		10
1917		6
1918		5.16667
1919		5
1920		4.8
1921		7
1922		4
1923		4.28571
1924		9.83333
1925		6.6
1926		10.2
1927		5
1928		4.4
1929		5.5
1930		4.83333
1931		5
1932		4.28571
1933		4
1934		4
1935		4.83333
1936		4.8
1937		9.2
1938		6.33333
1939		4.4
1940		10.25
1941		11.75
1942		5.4
1943		4.57143
1944		4.4
1945		5
1946		4
1947		4.83333
1948		8
1949		6.16667
1950		4.66667
1951		4.75
1952		13
1953		6.25
1954		5.4
1955		5
1956		4.66667
1957		5
1958		4
1959		4.57143
1960		7.33333
1961		5.25
1962		12.6
1963		4.75
1964		4
1965		6
1966		4.83333
1967		5.14286
1968		4.2
1969		14
1970		3.5
1971		4.25
1972		10
1973		10.3333
1974		5.6
1975		4.2
1976		10
1977		6
1978		5.4
1979		4.5
1980		4.25
1981		13
1982		4
1983		4.83333
1984		4.8
1985		5.2
1986		10.2
1987		5
1988		3.66667
1989		14.3333
1990		5
1991		4.57143
1992		4.4
1993		12.3333
1994		3
1995		4.83333
1996		10.75
1997		8.5
1998		6.4
1999		4.16667
2000		3.75
2001		6
2002		5.4
2003		4.5
2004		4.8
2005		17.5
2006		3
2007		5
2008		6.75
2009		6.2
2010		9
2011		4.75
2012		8.5
2013		5.33333
2014		4.83333
2015		5.33333
2016		4.66667
2017		5.33333
2018		4
2019		4.125
2020		8.8
2021		4.2
2022		7.2
2023		4.2
2024		5
2025		6.66667
2026		4.83333
2027		4.83333
2028		4.33333
2029		4
2030		4
2031		4.83333
2032		4.16667
2033		12
2034		4.66667
2035		5
2036		11.75
2037		11.5
2038		5.4
2039		4.42857
2040		4.66667
2041		3.33333
2042		3
2043		4.42857
2044		9.4
2045		13.75
2046		5.6
2047		4.75
2048		10.4
2049		7.33333
2050		5.4
2051		4.83333
2052		4.16667
2053		4.25
2054		3
2055		4.83333
2056		5
2057		4.5
2058		10.4
2059		4.6
2060		3.66667
2061		10.25
2062		4.83333
2063		5
2064		4.66667
2065		18.5
2066		4
2067		4.83333
2068		7.14286
2069		11
2070		5.66667
2071		4.75
2072		8.6
2073		6.75
2074		5.4
2075		4.71429
2076		4.6
2077		5.5
2078		4
2079		4.71429
2080		5
2081		5.4
2082		8.83333
2083		5
2084		4.5
2085		5.33333
2086		5.4
2087		4.71429
2088		4.75
2089		12.3333
2090		3
2091		4.57143
2092		10.6
2093		9.6
2094		6.16667
2095		4.2
2096		9.25
2097		6
2098		5.4
2099		5
2100		4.2
2101		5.25
2102		4
2103		4.28571
2104		13
2105		6.2
2106		9
2107		5
2108		4.75
2109		6.66667
2110		4.83333
2111		5
2112		4.42857
2113		3.5
2114		3.5
2115		4.42857
2116		4.33333
2117		4.75
2118		7.2
2119		4.75
2120		11.75
2121		10.2
2122		5.4
2123		4.42857
2124		4.75
2125		3.4
2126		4
2127		4.83333
2128		9.2
2129		5
2130		10
2131		4.75
2132		15
2133		6
2134		5
2135		5.33333
2136		4.125
2137		4.33333
2138		4
2139		4.5
2140		8.4
2141		10.3333
2142		6
2143		4.2
2144		3.66667
2145		4.8
2146		5.4
2147		4.83333
2148		4.4
2149		14
2150		3.33333
2151		4.83333
2152		5
2153		5.8
2154		9
2155		4.75
2156		7.5
2157		13.6667
2158		5.4
2159		5
2160		4.28571
2161		6
2162		4
2163		4.83333
2164		4.8
2165		9.2
2166		6.8
2167		5
2168		4.5
2169		13
2170		4.42857
2171		4.57143
2172		4.6
2173		3.5
2174		4
2175		4.625
2176		7.5
2177		6.2
2178		5.2
2179		4.2
2180		9.8
2181		6.25
2182		5.4
2183		4.83333
2184		4.5
2185		3.33333
2186		4
2187		4.71429
2188		5.4
2189		5.25
2190		9.57143
2191		4.2
2192		15
2193		4.66667
2194		5.4
2195		4.71429
2196		4.2
2197		4.5
2198		4
2199		4.42857
2200		12.5
2201		10.5
2202		5.5
2203		5
2204		3.75
2205		6
2206		5.75
2207		4.75
2208		4.42857
2209		18.5
2210		2.66667
2211		4.125
2212		10.4
2213		5.75
2214		10.2
2215		4.75
2216		8.4
2217		5
2218		5.4
2219		4.42857
2220		4.75
2221		6.33333
2222		3.5
2223		4.83333
2224		4.4
2225		9.6
2226		6.8
2227		4.4
2228		4.5
2229		14.6667
2230		4.42857
2231		4.5
2232		4.8
2233		4
2234		4
2235		4.71429
2236		8.16667
2237		5.5
2238		5.2
2239		4.2
2240		11.75
2241		6
2242		5
2243		5
2244		4.57143
2245		4
2246		3
2247		4.83333
2248		4.83333
2249		13.75
2250		5
2251		4.2
2252		12
2253		4.66667
2254		5.4
2255		4.71429
2256		4.75
2257		3.8
2258		4
2259		4.42857
2260		12.5
2261		4.5
2262		11.1667
2263		4.75
2264		3.75
2265		6
2266		4.83333
2267		5
2268		4.66667
2269		18.5
2270		3.33333
2271		4.14286
2272		8.71429
2273		11
2274		6.4
2275		5
2276		10
2277		5.5
2278		5.4
2279		4.83333
2280		4.75
2281		4.75
2282		3.5
2283		4.83333
2284		4.2
2285		4.66667
2286		10.2
2287		4.75
2288		3.66667
2289		12
2290		4.83333
2291		4.5
2292		4.5
2293		10
2294		3.33333
2295		4.83333
2296		9.4
2297		9.6
2298		5.66667
2299		4.75
2300		9.25
2301		5.4
2302		5
2303		4.83333
2304		4.4
2305		6.33333
2306		4
2307		4.83333
2308		5.5
2309		5.5
2310		8.83333
2311		4.2
2312		4.5
2313		4.25
2314		4.83333
2315		5
2316		4.66667
2317		3.5
2318		4
2319		4.83333
2320		10.8
2321		8.16667
2322		6
2323		4.75
2324		10
2325		5
2326		5.4
2327		4.85714
2328		4.75
2329		4.25
2330		3.33333
2331		4.5
2332		11
2333		5.57143
2334		4.66667
2335		5
2336		15
2337		5.33333
2338		5.16667
2339		5
2340		4.66667
2341		4
2342		3
2343		4.83333
2344		4.16667
2345		4.8
2346		12.6
2347		4.75
2348		3.66667
2349		12
2350		4.83333
2351		4.83333
2352		4
2353		11.25
2354		3.33333
2355		4.83333
2356		5
2357		12
2358		5.66667
2359		4.75
2360		10
2361		9.8
2362		5.4
2363		4.66667
2364		4.42857
2365		7
2366		4
2367		4.83333
2368		8.4
2369		5.8
2370		8.83333
2371		4.75
2372		4
2373		6.25
2374		4.83333
2375		4.83333
2376		4.75
2377		4
2378		4
2379		4.83333
2380		6
2381		7.57143
2382		6.8
2383		4.4
2384		10
2385		4.66667
2386		5.4
2387		4.66667
2388		4.8
2389		3.75
2390		3.33333
2391		4.83333
2392		9.5
2393		6
2394		4.83333
2395		5
2396		11.75
2397		6
2398		5.4
2399		5
2400		4.66667
2401		3.5
2402		4
2403		4.125
2404		9.83333
2405		5.25
2406		12.6
2407		4.5
2408		12
2409		5.5
2410		4.83333
2411		4.83333
2412		4.4
2413		4.5
2414		3.5
2415		4.83333
2416		4
2417		12
2418		5.66667
2419		4.75
2420		12
2421		9.8
2422		5.4
2423		5
2424		4.42857
2425		6.5
2426		3.33333
2427		4.57143
2428		4.4
2429		5.8
2430		8.83333
2431		4.75
2432		4
2433		11.75
2434		5.4
2435		4.83333
2436		3.83333
2437		14
2438		4
2439		4.83333
2440		5
2441		7.57143
2442		6.8
2443		4.75
2444		8.6
2445		13
2446		5.4
2447		4.42857
2448		4.8
2449		7.33333
2450		3
2451		4.83333
2452		7.5
2453		6
2454		5.2
2455		4.75
2456		4.2
2457		7.33333
2458		5.16667
2459		5
2460		4.66667
2461		3.5
2462		4
2463		4.83333
2464		5.16667
2465		5.25
2466		12.6
2467		4
2468		11.75
2469		4.5
2470		5
2471		4.85714
2472		4.4
2473		4.5
2474		4
2475		4.71429
2476		10.4
2477		12
2478		5.28571
2479		5
2480		15
2481		4.66667
2482		5.2
2483		5
2484		4.28571
2485		6.5
2486		4
2487		4
2488		11.2
2489		5.8
2490		10.2
2491		4.25
2492		4
2493		5
2494		5.4
2495		4.83333
2496		4.2
2497		14
2498		3.66667
2499		4.83333
2500		4.5
2501		8.33333
2502		6.16667
2503		4.75
2504		8.4
2505		14.6667
2506		5.4
2507		4.28571
2508		4.8
2509		7.33333
2510		4
2511		4.42857
2512		8.33333
2513		5.83333
2514		5.2
2515		4.75
2516		4.75
2517		7.33333
2518		5.16667
2519		5
2520		4.66667
2521		3.66667
2522		3.33333
2523		4.83333
2524		4
2525		5.25
2526		12.6
2527		4.4
2528		11.75
2529		10.75
2530		5.4
2531		4.125
2532		4.4
2533		4.25
2534		4
2535		4.83333
2536		8.4
2537		12
2538		5.66667
2539		4.75
2540		15
2541		6
2542		4.71429
2543		5
2544		4.28571
2545		6.5
2546		4
2547		4.57143
2548		5.2
2549		5.8
2550		10.2
2551		4.25
2552		4
2553		4.25
2554		5.4
2555		4.83333
2556		4
2557		14
2558		4
2559		4.83333
2560		12.5
2561		7.71429
2562		5.57143
2563		4.75
2564		10
2565		5
2566		5.4
2567		4.71429
2568		4.8
2569		9
2570		4
2571		4.14286
2572		8
2573		6
2574		5.2
2575		5
2576		5
2577		6
2578		4.83333
2579		5
2580		4.66667
2581		3.25
2582		3
2583		4.83333
2584		4.4
2585		4.8
2586		12.6
2587		4.75
2588		11.75
2589		11.75
2590		5.16667
2591		4.42857
2592		4.4
2593		4
2594		4
2595		4.83333
2596		9.2
2597		12
2598		5.33333
2599		4.75
2600		15
2601		6.5
2602		4.57143
2603		5
2604		4.66667
2605		4.66667
2606		3
2607		4.83333
2608		5.2
2609		9.2
2610		5.33333
2611		4.75
2612		3.66667
2613		8.8
2614		5.4
2615		4.83333
2616		4.4
2617		11.25
2618		3
2619		4.83333
2620		10
2621		4.83333
2622		9
2623		4.75
2624		8.4
2625		6.75
2626		5.4
2627		5
2628		4.8
2629		6.33333
2630		4
2631		4.83333
2632		5.6
2633		8.5
2634		5.4
2635		4.5
2636		4
2637		4.66667
2638		4.83333
2639		5
2640		4.33333
2641		3.66667
2642		3
2643		4.42857
2644		9.33333
2645		4.4
2646		10.2
2647		4.75
2648		11.75
2649		5
2650		5.16667
2651		5.14286
2652		4.75
2653		4
2654		3.66667
2655		4.28571
2656		11
2657		9.6
2658		5
2659		5
2660		15
2661		5.5
2662		4.83333
2663		4.42857
2664		4.2
2665		4.75
2666		4
2667		4.83333
2668		5
2669		5
2670		9.16667
2671		4.75
2672		3.66667
2673		11.75
2674		5
2675		4.66667
2676		4.42857
2677		18.5
2678		3.33333
2679		4.83333
2680		9.4
2681		9.6
2682		5.66667
2683		4.2
2684		8.4
2685		6.25
2686		5.4
2687		4.83333
2688		4.75
2689		6.33333
2690		4
2691		4.83333
2692		6
2693		5.66667
2694		10.2
2695		4.4
2696		4.2
2697		4.66667
2698		4.83333
2699		5
2700		4.66667
2701		3.66667
2702		3
2703		4.83333
2704		9.33333
2705		8.16667
2706		6.8
2707		4.75
2708		11.75
2709		5
2710		5.16667
2711		5.14286
2712		4.75
2713		4
2714		4
2715		4.28571
2716		11
2717		6.6
2718		9
2719		5
2720		15
2721		5.5
2722		4.57143
2723		5
2724		4.28571
2725		3.33333
2726		4
2727		4.83333
2728		4.8
2729		11
2730		6.66667
2731		4.2
2732		12
2733		11.75
2734		5.4
2735		4.57143
2736		4.4
2737		4.5
2738		4
2739		4.83333
2740		10.75
2741		4.83333
2742		8
2743		4.75
2744		9.5
2745		6.25
2746		4.83333
2747		5
2748		4.66667
2749		5.5
2750		4
2751		4.42857
2752		5.6
2753		9.4
2754		6.4
2755		4.4
2756		4
2757		4.66667
2758		5.4
2759		4.57143
2760		4.75
2761		11.5
2762		3
2763		4.83333
2764		12.5
2765		5
2766		10.2
2767		4.75
2768		7.33333
2769		6
2770		5.16667
2771		4.28571
2772		4.66667
2773		7
2774		4
2775		4.5
2776		9.83333
2777		11
2778		6.8
2779		4.5
2780		4.75
2781		5.33333
2782		4.57143
2783		4.57143
2784		4.75
2785		3.75
2786		4
2787		4.5
2788		10.75
2789		6.2
2790		8.14286
2791		4.75
2792		9.8
2793		5
2794		5.4
2795		5
2796		4.42857
2797		3
2798		4
2799		8.42857
2800		9.4
2801		9.4
2802		6
2803		4.33333
2804		5.5
2805		4.75
2806		5.16667
2807		4.83333
2808		4.75
2809		5
2810		3.25
2811		8
2812		4.16667
2813		6
2814		5.2
2815		4.6
2816		4.33333
2817		12
2818		5.16667
2819		4.5
2820		4.28571
2821		4
2822		4
2823		8.33333
2824		4.42857
2825		17
2826		5.2
2827		4.6
2828		5.33333
2829		12
2830		4.5
2831		4.57143
2832		4.75
2833		5
2834		3
2835		4.85714
2836		8.6
2837		11.6
2838		5.6
2839		3.85714
2840		12.6667
2841		6.5
2842		5.4
2843		5
2844		4.57143
2845		0
2846		3
2847		8.14286
2848		5
2849		13.3333
2850		4.71429
2851		4.33333
2852		8.5
2853		4.66667
2854		5.16667
2855		4.71429
2856		4.75
2857		3.33333
2858		4
2859		4.75
2860		9.5
2861		5.25
2862		10.4
2863		4.75
2864		4.33333
2865		5.33333
2866		5
2867		5.25
2868		4.5
2869		5
2870		3
2871		8.125
2872		9.28571
2873		11
2874		6.4
2875		4.6
2876		5
2877		4.5
2878		5.16667
2879		4.125
2880		4.2
2881		5
2882		4
2883		10.3333
2884		4.83333
2885		6.25
2886		8.83333
2887		4.6
2888		6.5
2889		12
2890		4.85714
2891		4.57143
2892		4.4
2893		5
2894		3.33333
2895		5
2896		9.6
2897		9.4
2898		7.2
2899		4.5
2900		13
2901		5.16667
2902		5.4
2903		4.5
2904		4.75
2905		5
2906		3
2907		8.14286
2908		5.33333
2909		7.25
2910		5
2911		4.33333
2912		7.5
2913		4.66667
2914		4.71429
2915		5
2916		4.28571
2917		0
2918		4
2919		5.66667
2920		8.71429
2921		11.6
2922		6
2923		4.6
2924		3.5
2925		4.75
2926		5.4
2927		5.125
2928		480.5
2929		5
2930		3.25
2931		8.71429
2932		10.1667
2933		5.25
2934		5.2
2935		4.8
2936		5
2937		5
2938		5.16667
2939		4.16667
2940		5.14286
2941		0
2942		4
2943		10.3333
2944		4.83333
2945		5.5
2946		10.4
2947		4.16667
2948		3.5
2949		12
2950		4.625
2951		4.57143
2952		5
2953		4.5
2954		3.5
2955		8.83333
2956		10.75
2957		9.8
2958		5.71429
2959		4.16667
2960		3
2961		7.33333
2962		7.25
2963		4.83333
2964		5
2965		4
2966		4
2967		5.14286
2968		5.16667
2969		6.2
2970		9
2971		4.33333
2972		4
2973		4.5
2974		5
2975		4.83333
2976		5
2977		3
2978		3.66667
2979		8.14286
2980		10.4
2981		9.2
2982		6.66667
2983		4.6
2984		4
2985		5
2986		7.5
2987		5.14286
2988		4.4
2989		3
2990		4
2991		5.375
2992		11
2993		6.6
2994		4.66667
2995		4.75
2996		4
2997		5.25
2998		5.25
2999		4.83333
3000		4.2
3001		2
3002		4
3003		4.75
3004		5
3005		4.8
3006		12.6
3007		4.6
3008		3.5
3009		11.75
3010		8.75
3011		4.57143
3012		4.5
3013		4.5
3014		4
3015		5
3016		10.75
3017		12
3018		6
3019		4.6
3020		4
3021		7.33333
3022		9.71429
3023		5
3024		4.8
3025		0
3026		4
3027		4.83333
3028		8.4
3029		13.2
3030		6
3031		4.75
3032		4
3033		5.33333
3034		5.4
3035		4.83333
3036		616
3037		5
3038		4
3039		595.6
3040		5.33333
3041		5.66667
3042		6
3043		4.75
3044		4
3045		6
3046		595.4
3047		4.75
3048		4.66667
3049		64.5
3050		4
3051		4.75
3052		5
3053		8.5
3054		5.5
3055		997.667
3056		13.5
3057		5
3058		5.25
3059		4.75
3060		4.5
3061		0
3062		4
3063		4.75
3064		748.5
3065		6.5
3066		750.25
3067		5.75
3068		4
3069		6
3070		5.25
3071		499
3072		4.5
3073		5
3074		4
3075		4.33333
3076		5
3077		5.66667
3078		12.2
3079		4
3080		4
3081		6
3082		5
3083		4.6
3084		1479
3085		0
3086		4
3087		1004
3088		5
3089		6.5
3090		6.5
3091		4
3092		0
3093		6
3094		1003.67
3095		988.333
3096		5
3097		0
3098		4
3099		4
3100		6
3101		8.75
3102		1010
3103		0
3104		0
3105		4
3106		6
3107		5
3108		0
3109		0
3110		4
3111		4
3112		0
3113		1500.5
3114		12
3115		0
3116		0
3117		4
3118		5
3119		0
3120		0
3121		0
3122		4.5
3123		0
3124		25
3125		0
3126		0
3127		4
3128		0
3129		0
3130		0
3131		4
3132		0
3133		0
3134		0
3135		0
3136		0
3137		0
3138		0
3139		0
3140		0
3141		0
3142		0
3143		0
3144		0
3145		0
3146		0
3147		0
3148		0
3149		0
3150		0
3151		0
3152		0
3153		0
3154		0
3155		0
3156		0
3157		0
3158		0
3159		0
3160		0
3161		0
3162		0
3163		0
3164		0
3165		0
3166		0
3167		0
3168		0
3169		0
3170		0
3171		0
3172		0
3173		0
3174		0
3175		0
3176		0
3177		0
3178		0
3179		0
3180		0
3181		0
3182		0
3183		0
3184		0
3185		0
3186		0
3187		0
3188		0
3189		0
3190		0
3191		0
3192		0
3193		0
3194		0
3195		0
3196		0
3197		0
3198		0
3199		0
3200		0
3201		0
3202		0
3203		0
3204		0
3205		0
3206		0
3207		0
3208		0
3209		0
3210		0
3211		0
3212		0
3213		0
3214		0
3215		0
3216		0
3217		0
3218		0
3219		0
3220		0
3221		0
3222		0
3223		0
3224		0
3225		0
3226		0
3227		0
3228		0
3229		0
3230		0
3231		0
3232		0
3233		0
3234		0
3235		0
3236		0
3237		0
3238		0
3239		0
3240		0
3241		0
3242		0
3243		0
3244		0
3245		0
3246		0
3247		0
3248		0
3249		0
3250		0
3251		0
3252		0
3253		0
3254		0
3255		0
3256		0
3257		0
3258		0
3259		0
3260		0
3261		0
3262		0
3263		0
3264		0
3265		0
3266		0
3267		0
3268		0
3269		0
3270		0
3271		0
3272		0
3273		0
3274		0
3275		0
3276		0
3277		0
3278		0
3279		0
3280		0
3281		0
3282		0
3283		0
3284		0
3285		0
3286		0
3287		0
3288		0
3289		0
3290		0
3291		0
3292		0
3293		0
3294		0
3295		0
3296		0
3297		0
3298		0
3299		0
3300		0
3301		0
3302		0
3303		0
3304		0
3305		0
3306		0
3307		0
3308		0
3309		0
3310		0
3311		0
3312		0
3313		0
3314		0
3315		0
3316		0
3317		0
3318		0
3319		0
3320		0
3321		0
3322		0
3323		0
3324		0
3325		0
3326		0
3327		0
3328		0
3329		0
3330		0
3331		0
3332		0
3333		0
3334		0
3335		0
3336		0
3337		0
3338		0
3339		0
3340		0
3341		0
3342		0
3343		0
3344		0
3345		0
3346		0
3347		0
3348		0
3349		0
3350		0
3351		0
3352		0
3353		0
3354		0
3355		0
3356		0
3357		0
3358		0
3359		0
3360		0
3361		0
3362		0
3363		0
3364		0
3365		0
3366		0
3367		0
3368		0
3369		0
3370		0
3371		0
3372		0
3373		0
3374		0
3375		0
3376		0
3377		0
3378		0
3379		0
3380		0
3381		0
3382		0
3383		0
3384		0
3385		0
3386		0
3387		0
3388		0
3389		0
3390		0
3391		0
3392		0
3393		0
3394		0
3395		0
3396		0
3397		0
3398		0
3399		0
3400		0
3401		0
3402		0
3403		0
3404		0
3405		0
3406		0
3407		0
3408		0
3409		0
3410		0
3411		0
3412		0
3413		0
3414		0
3415		0
3416		0
3417		0
3418		0
3419		0
3420		0
3421		0
3422		0
3423		0
3424		0
3425		0
3426		0
3427		0
3428		0
3429		0
3430		0
3431		0
3432		0
3433		0
3434		0
3435		0
3436		0
3437		0
3438		0
3439		0
3440		0
3441		0
3442		0
3443		0
3444		0
3445		0
3446		0
3447		0
3448		0
3449		0
3450		0
3451		0
3452		0
3453		0
3454		0
3455		0
3456		0
3457		0
3458		0
3459		0
3460		0
3461		0
3462		0
3463		0
3464		0
3465		0
3466		0
3467		0
3468		0
3469		0
3470		0
3471		0
3472		0
3473		0
3474		0
3475		0
3476		0
3477		0
3478		0
3479		0
3480		0
3481		0
3482		0
3483		0
3484		0
3485		0
3486		0
3487		0
3488		0
3489		0
3490		0
3491		0
3492		0
3493		0
3494		0
3495		0
3496		0
3497		0
3498		0
3499		0
3500		0
3501		0
3502		0
3503		0
3504		0
3505		0
3506		0
3507		0
3508		0
3509		0
3510		0
3511		0
3512		0
3513		0
3514		0
3515		0
3516		0
3517		0
3518		0
3519		0
3520		0
3521		0
3522		0
3523		0
3524		0
3525		0
3526		0
3527		0
3528		0
3529		0
3530		0
3531		0
3532		0
3533		0
3534		0
3535		0
3536		0
3537		0
3538		0
3539		0
3540		0
3541		0
3542		0
3543		0
3544		0
3545		0
3546		0
3547		0
3548		0
3549		0
3550		0
3551		0
3552		0
3553		0
3554		0
3555		0
3556		0
3557		0
3558		0
3559		0
3560		0
3561		0
3562		0
3563		0
3564		0
3565		0
3566		0
3567		0
3568		0
3569		0
3570		0
3571		0
3572		0
3573		0
3574		0
3575		0
3576		0
3577		0
3578		0
3579		0
3580		0
3581		0
3582		0
3583		0
3584		0
3585		0
3586		0
3587		0
3588		0
3589		0
3590		0
3591		0
3592		0
3593		0
3594		0
3595		0
3596		0
3597		0
3598		0
3599		0
3600		0
3601		0
3602		0
3603		0
3604		0
3605		0
3606		0
3607		0
3608		0
3609		0
3610		0
3611		0
3612		0
3613		0
3614		0
3615		0
3616		0
3617		0
3618		0
3619		0
3620		0
3621		0
3622		0
3623		0
3624		0
3625		0
3626		0
3627		0
3628		0
3629		0
3630		0
3631		0
3632		0
3633		0
3634		0
3635		0
3636		0
3637		0
3638		0
3639		0
3640		0
3641		0
3642		0
3643		0
3644		0
3645		0
3646		0
3647		0
3648		0
3649		0
3650		0
3651		0
3652		0
3653		0
3654		0
3655		0
3656		0
3657		0
3658		0
3659		0
3660		0
3661		0
3662		0
3663		0
3664		0
3665		0
3666		0
3667		0
3668		0
3669		0
3670		0
3671		0
3672		0
3673		0
3674		0
3675		0
3676		0
3677		0
3678		0
3679		0
3680		0
3681		0
3682		0
3683		0
3684		0
3685		0
3686		0
3687		0
3688		0
3689		0
3690		0
3691		0
3692		0
3693		0
3694		0
3695		0
3696		0
3697		0
3698		0
3699		0
3700		0
3701		0
3702		0
3703		0
3704		0
3705		0
3706		0
3707		0
3708		0
3709		0
3710		0
3711		0
3712		0
3713		0
3714		0
3715		0
3716		0
3717		0
3718		0
3719		0
3720		0
3721		0
3722		0
3723		0
3724		0
3725		0
3726		0
3727		0
3728		0
3729		0
3730		0
3731		0
3732		0
3733		0
3734		0
3735		0
3736		0
3737		0
3738		0
3739		0
3740		0
3741		0
3742		0
3743		0
3744		0
3745		0
3746		0
3747		0
3748		0
3749		0
3750		0
3751		0
3752		0
3753		0
3754		0
3755		0
3756		0
3757		0
3758		0
3759		0
3760		0
3761		0
3762		0
3763		0
3764		0
3765		0
3766		0
3767		0
3768		0
3769		0
3770		0
3771		0
3772		0
3773		0
3774		0
3775		0
3776		0
3777		0
3778		0
3779		0
3780		0
3781		0
3782		0
3783		0
3784		0
3785		0
3786		0
3787		0
3788		0
3789		0
3790		0
3791		0
3792		0
3793		0
3794		0
3795		0
3796		0
3797		0
3798		0
3799		0
3800		0
3801		0
3802		0
3803		0
3804		0
3805		0
3806		0
3807		0
3808		0
3809		0
3810		0
3811		0
3812		0
3813		0
3814		0
3815		0
3816		0
3817		0
3818		0
3819		0
3820		0
3821		0
3822		0
3823		0
3824		0
3825		0
3826		0
3827		0
3828		0
3829		0
3830		0
3831		0
3832		0
3833		0
3834		0
3835		0
3836		0
3837		0
3838		0
3839		0
3840		0
3841		0
3842		0
3843		0
3844		0
3845		0
3846		0
3847		0
3848		0
3849		0
3850		0
3851		0
3852		0
3853		0
3854		0
3855		0
3856		0
3857		0
3858		0
3859		0
3860		0
3861		0
3862		0
3863		0
3864		0
3865		0
3866		0
3867		0
3868		0
3869		0
3870		0
3871		0
3872		0
3873		0
3874		0
3875		0
3876		0
3877		0
3878		0
3879		0
3880		0
3881		0
3882		0
3883		0
3884		0
3885		0
3886		0
3887		0
3888		0
3889		0
3890		0
3891		0
3892		0
3893		0
3894		0
3895		0
3896		0
3897		0
3898		0
3899		0
3900		0
3901		0
3902		0
3903		0
3904		0
3905		0
3906		0
3907		0
3908		0
3909		0
3910		0
3911		0
3912		0
3913		0
3914		0
3915		0
3916		0
3917		0
3918		0
3919		0
3920		0
3921		0
3922		0
3923		0
3924		0
3925		0
3926		0
3927		0
3928		0
3929		0
3930		0
3931		0
3932		0
3933		0
3934		0
3935		0
3936		0
3937		0
3938		0
3939		0
3940		0
3941		0
3942		0
3943		0
3944		0
3945		0
3946		0
3947		0
3948		0
3949		0
3950		0
3951		0
3952		0
3953		0
3954		0
3955		0
3956		0
3957		0
3958		0
3959		0
3960		0
3961		0
3962		0
3963		0
3964		0
3965		0
3966		0
3967		0
3968		0
3969		0
3970		0
3971		0
3972		0
3973		0
3974		0
3975		0
3976		0
3977		0
3978		0
3979		0
3980		0
3981		0
3982		0
3983		0
3984		0
3985		0
3986		0
3987		0
3988		0
3989		0
3990		0
3991		0
3992		0
3993		0
3994		0
3995		0
3996		0
3997		0
3998		0
3999		0
4000		0
4001		0
4002		0
4003		0
4004		0
4005		0
4006		0
4007		0
4008		0
4009		0
4010		0
4011		0
4012		0
4013		0
4014		0
4015		0
4016		0
4017		0
4018		0
4019		0
4020		0
4021		0
4022		0
4023		0
4024		0
4025		0
4026		0
4027		0
4028		0
4029		0
4030		0
4031		0
4032		0
4033		0
4034		0
4035		0
4036		0
4037		0
4038		0
4039		0
4040		0
4041		0
4042		0
4043		0
4044		0
4045		0
4046		0
4047		0
4048		0
4049		0
4050		0
4051		0
4052		0
4053		0
4054		0
4055		0
4056		0
4057		0
4058		0
4059		0
4060		0
4061		0
4062		0
4063		0
4064		0
4065		0
4066		0
4067		0
4068		0
4069		0
4070		0
4071		0
4072		0
4073		0
4074		0
4075		0
4076		0
4077		0
4078		0
4079		0
4080		0
4081		0
4082		0
4083		0
4084		0
4085		0
4086		0
4087		0
4088		0
4089		0
4090		0
4091		0
4092		0
4093		0
4094		0
4095		0
4096		0
4097		0
4098		0
4099		0
4100		0
4101		0
4102		0
4103		0
4104		0
4105		0
4106		0
4107		0
4108		0
4109		0
4110		0
4111		0
4112		0
4113		0
4114		0
4115		0
4116		0
4117		0
4118		0
4119		0
4120		0
4121		0
4122		0
4123		0
4124		0
4125		0
4126		0
4127		0
4128		0
4129		0
4130		0
4131		0
4132		0
4133		0
4134		0
4135		0
4136		0
4137		0
4138		0
4139		0
4140		0
4141		0
4142		0
4143		0
4144		0
4145		0
4146		0
4147		0
4148		0
4149		0
4150		0
4151		0
4152		0
4153		0
4154		0
4155		0
4156		0
4157		0
4158		0
4159		0
4160		0
4161		0
4162		0
4163		0
4164		0
4165		0
4166		0
4167		0
4168		0
4169		0
4170		0
4171		0
4172		0
4173		0
4174		0
4175		0
4176		0
4177		0
4178		0
4179		0
4180		0
4181		0
4182		0
4183		0
4184		0
4185		0
4186		0
4187		0
4188		0
4189		0
4190		0
4191		0
4192		0
4193		0
4194		0
4195		0
4196		0
4197		0
4198		0
4199		0
4200		0
4201		0
4202		0
4203		0
4204		0
4205		0
4206		0
4207		0
4208		0
4209		0
4210		0
4211		0
4212		0
4213		0
4214		0
4215		0
4216		0
4217		0
4218		0
4219		0
4220		0
4221		0
4222		0
4223		0
4224		0
4225		0
4226		0
4227		0
4228		0
4229		0
4230		0
4231		0
4232		0
4233		0
4234		0
4235		0
4236		0
4237		0
4238		0
4239		0
4240		0
4241		0
4242		0
4243		0
4244		0
4245		0
4246		0
4247		0
4248		0
4249		0
4250		0
4251		0
4252		0
4253		0
4254		0
4255		0
4256		0
4257		0
4258		0
4259		0
4260		0
4261		0
4262		0
4263		0
4264		0
4265		0
4266		0
4267		0
4268		0
4269		0
4270		0
4271		0
4272		0
4273		0
4274		0
4275		0
4276		0
4277		0
4278		0
4279		0
4280		0
4281		0
4282		0
4283		0
4284		0
4285		0
4286		0
4287		0
4288		0
4289		0
4290		0
4291		0
4292		0
4293		0
4294		0
4295		0
4296		0
4297		0
4298		0
4299		0
4300		0
4301		0
4302		0
4303		0
4304		0
4305		0
4306		0
4307		0
4308		0
4309		0
4310		0
4311		0
4312		0
4313		0
4314		0
4315		0
4316		0
4317		0
4318		0
4319		0
4320		0
4321		0
4322		0
4323		0
4324		0
4325		0
4326		0
4327		0
4328		0
4329		0
4330		0
4331		0
4332		0
4333		0
4334		0
4335		0
4336		0
4337		0
4338		0
4339		0
4340		0
4341		0
4342		0
4343		0
4344		0
4345		0
4346		0
4347		0
4348		0
4349		0
4350		0
4351		0
4352		0
4353		0
4354		0
4355		0
4356		0
4357		0
4358		0
4359		0
4360		0
4361		0
4362		0
4363		0
4364		0
4365		0
4366		0
4367		0
4368		0
4369		0
4370		0
4371		0
4372		0
4373		0
4374		0
4375		0
4376		0
4377		0
4378		0
4379		0
4380		0
4381		0
4382		0
4383		0
4384		0
4385		0
4386		0
4387		0
4388		0
4389		0
4390		0
4391		0
4392		0
4393		0
4394		0
4395		0
4396		0
4397		0
4398		0
4399		0
4400		0
4401		0
4402		0
4403		0
4404		0
4405		0
4406		0
4407		0
4408		0
4409		0
4410		0
4411		0
4412		0
4413		0
4414		0
4415		0
4416		0
4417		0
4418		0
4419		0
4420		0
4421		0
4422		0
4423		0
4424		0
4425		0
4426		0
4427		0
4428		0
4429		0
4430		0
4431		0
4432		0
4433		0
4434		0
4435		0
4436		0
4437		0
4438		0
4439		0
4440		0
4441		0
4442		0
4443		0
4444		0
4445		0
4446		0
4447		0
4448		0
4449		0
4450		0
4451		0
4452		0
4453		0
4454		0
4455		0
4456		0
4457		0
4458		0
4459		0
4460		0
4461		0
4462		0
4463		0
4464		0
4465		0
4466		0
4467		0
4468		0
4469		0
4470		0
4471		0
4472		0
4473		0
4474		0
4475		0
4476		0
4477		0
4478		0
4479		0
4480		0
4481		0
4482		0
4483		0
4484		0
4485		0
4486		0
4487		0
4488		0
4489		0
4490		0
4491		0
4492		0
4493		0
4494		0
4495		0
4496		0
4497		0
4498		0
4499		0
4500		0
4501		0
4502		0
4503		0
4504		0
4505		0
4506		0
4507		0
4508		0
4509		0
4510		0
4511		0
4512		0
4513		0
4514		0
4515		0
4516		0
4517		0
4518		0
4519		0
4520		0
4521		0
4522		0
4523		0
4524		0
4525		0
4526		0
4527		0
4528		0
4529		0
4530		0
4531		0
4532		0
4533		0
4534		0
4535		0
4536		0
4537		0
4538		0
4539		0
4540		0
4541		0
4542		0
4543		0
4544		0
4545		0
4546		0
4547		0
4548		0
4549		0
4550		0
4551		0
4552		0
4553		0
4554		0
4555		0
4556		0
4557		0
4558		0
4559		0
4560		0
4561		0
4562		0
4563		0
4564		0
4565		0
4566		0
4567		0
4568		0
4569		0
4570		0
4571		0
4572		0
4573		0
4574		0
4575		0
4576		0
4577		0
4578		0
4579		0
4580		0
4581		0
4582		0
4583		0
4584		0
4585		0
4586		0
4587		0
4588		0
4589		0
4590		0
4591		0
4592		0
4593		0
4594		0
4595		0
4596		0
4597		0
4598		0
4599		0
4600		0
4601		0
4602		0
4603		0
4604		0
4605		0
4606		0
4607		0
4608		0
4609		0
4610		0
4611		0
4612		0
4613		0
4614		0
4615		0
4616		0
4617		0
4618		0
4619		0
4620		0
4621		0
4622		0
4623		0
4624		0
4625		0
4626		0
4627		0
4628		0
4629		0
4630		0
4631		0
4632		0
4633		0
4634		0
4635		0
4636		0
4637		0
4638		0
4639		0
4640		0
4641		0
4642		0
4643		0
4644		0
4645		0
4646		0
4647		0
4648		0
4649		0
4650		0
4651		0
4652		0
4653		0
4654		0
4655		0
4656		0
4657		0
4658		0
4659		0
4660		0
4661		0
4662		0
4663		0
4664		0
4665		0
4666		0
4667		0
4668		0
4669		0
4670		0
4671		0
4672		0
4673		0
4674		0
4675		0
4676		0
4677		0
4678		0
4679		0
4680		0
4681		0
4682		0
4683		0
4684		0
4685		0
4686		0
4687		0
4688		0
4689		0
4690		0
4691		0
4692		0
4693		0
4694		0
4695		0
4696		0
4697		0
4698		0
4699		0
4700		0
4701		0
4702		0
4703		0
4704		0
4705		0
4706		0
4707		0
4708		0
4709		0
4710		0
4711		0
4712		0
4713		0
4714		0
4715		0
4716		0
4717		0
4718		0
4719		0
4720		0
4721		0
4722		0
4723		0
4724		0
4725		0
4726		0
4727		0
4728		0
4729		0
4730		0
4731		0
4732		0
4733		0
4734		0
4735		0
4736		0
4737		0
4738		0
4739		0
4740		0
4741		0
4742		0
4743		0
4744		0
4745		0
4746		0
4747		0
4748		0
4749		0
4750		0
4751		0
4752		0
4753		0
4754		0
4755		0
4756		0
4757		0
4758		0
4759		0
4760		0
4761		0
4762		0
4763		0
4764		0
4765		0
4766		0
4767		0
4768		0
4769		0
4770		0
4771		0
4772		0
4773		0
4774		0
4775		0
4776		0
4777		0
4778		0
4779		0
4780		0
4781		0
4782		0
4783		0
4784		0
4785		0
4786		0
4787		0
4788		0
4789		0
4790		0
4791		0
4792		0
4793		0
4794		0
4795		0
4796		0
4797		0
4798		0
4799		0
4800		0
4801		0
4802		0
4803		0
4804		0
4805		0
4806		0
4807		0
4808		0
4809		0
4810		0
4811		0
4812		0
4813		0
4814		0
4815		0
4816		0
4817		0
4818		0
4819		0
4820		0
4821		0
4822		0
4823		0
4824		0
4825		0
4826		0
4827		0
4828		0
4829		0
4830		0
4831		0
4832		0
4833		0
4834		0
4835		0
4836		0
4837		0
4838		0
4839		0
4840		0
4841		0
4842		0
4843		0
4844		0
4845		0
4846		0
4847		0
4848		0
4849		0
4850		0
4851		0
4852		0
4853		0
4854		0
4855		0
4856		0
4857		0
4858		0
4859		0
4860		0
4861		0
4862		0
4863		0
4864		0
4865		0
4866		0
4867		0
4868		0
4869		0
4870		0
4871		0
4872		0
4873		0
4874		0
4875		0
4876		0
4877		0
4878		0
4879		0
4880		0
4881		0
4882		0
4883		0
4884		0
4885		0
4886		0
4887		0
4888		0
4889		0
4890		0
4891		0
4892		0
4893		0
4894		0
4895		0
4896		0
4897		0
4898		0
4899		0
4900		0
4901		0
4902		0
4903		0
4904		0
4905		0
4906		0
4907		0
4908		0
4909		0
4910		0
4911		0
4912		0
4913		0
4914		0
4915		0
4916		0
4917		0
4918		0
4919		0
4920		0
4921		0
4922		0
4923		0
4924		0
4925		0
4926		0
4927		0
4928		0
4929		0
4930		0
4931		0
4932		0
4933		0
4934		0
4935		0
4936		0
4937		0
4938		0
4939		0
4940		0
4941		0
4942		0
4943		0
4944		0
4945		0
4946		0
4947		0
4948		0
4949		0
4950		0
4951		0
4952		0
4953		0
4954		0
4955		0
4956		0
4957		0
4958		0
4959		0
4960		0
4961		0
4962		0
4963		0
4964		0
4965		0
4966		0
4967		0
4968		0
4969		0
4970		0
4971		0
4972		0
4973		0
4974		0
4975		0
4976		0
4977		0
4978		0
4979		0
4980		0
4981		0
4982		0
4983		0
4984		0
4985		0
4986		0
4987		0
4988		0
4989		0
4990		0
4991		0
4992		0
4993		0
4994		0
4995		0
4996		0
4997		0
4998		0
4999		0
5000		0
5001		0
5002		0
5003		0
5004		0
5005		0
5006		0
5007		0
5008		0
5009		0
5010		0
5011		0
5012		0
5013		0
5014		0
5015		0
5016		0
5017		0
5018		0
5019		0
5020		0
5021		0
5022		0
5023		0
5024		0
5025		0
5026		0
5027		0
5028		0
5029		0
5030		0
5031		0
5032		0
5033		0
5034		0
5035		0
5036		0
5037		0
5038		0
5039		0
5040		0
5041		0
5042		0
5043		0
5044		0
5045		0
5046		0
5047		0
5048		0
5049		0
5050		0
5051		0
5052		0
5053		0
5054		0
5055		0
5056		0
5057		0
5058		0
5059		0
5060		0
5061		0
5062		0
5063		0
5064		0
5065		0
5066		0
5067		0
5068		0
5069		0
5070		0
5071		0
5072		0
5073		0
5074		0
5075		0
5076		0
5077		0
5078		0
5079		0
5080		0
5081		0
5082		0
5083		0
5084		0
5085		0
5086		0
5087		0
5088		0
5089		0
5090		0
5091		0
5092		0
5093		0
5094		0
5095		0
5096		0
5097		0
5098		0
5099		0
5100		0
5101		0
5102		0
5103		0
5104		0
5105		0
5106		0
5107		0
5108		0
5109		0
5110		0
5111		0
5112		0
5113		0
5114		0
5115		0
5116		0
5117		0
5118		0
5119		0
5120		0
5121		0
5122		0
5123		0
5124		0
5125		0
5126		0
5127		0
5128		0
5129		0
5130		0
5131		0
5132		0
5133		0
5134		0
5135		0
5136		0
5137		0
5138		0
5139		0
5140		0
5141		0
5142		0
5143		0
5144		0
5145		0
5146		0
5147		0
5148		0
5149		0
5150		0
5151		0
5152		0
5153		0
5154		0
5155		0
5156		0
5157		0
5158		0
5159		0
5160		0
5161		0
5162		0
5163		0
5164		0
5165		0
5166		0
5167		0
5168		0
5169		0
5170		0
5171		0
5172		0
5173		0
5174		0
5175		0
5176		0
5177		0
5178		0
5179		0
5180		0
5181		0
5182		0
5183		0
5184		0
5185		0
5186		0
5187		0
5188		0
5189		0
5190		0
5191		0
5192		0
5193		0
5194		0
5195		0
5196		0
5197		0
5198		0
5199		0
5200		0
5201		0
5202		0
5203		0
5204		0
5205		0
5206		0
5207		0
5208		0
5209		0
5210		0
5211		0
5212		0
5213		0
5214		0
5215		0
5216		0
5217		0
5218		0
5219		0
5220		0
5221		0
5222		0
5223		0
5224		0
5225		0
5226		0
5227		0
5228		0
5229		0
5230		0
5231		0
5232		0
5233		0
5234		0
5235		0
5236		0
5237		0
5238		0
5239		0
5240		0
5241		0
5242		0
5243		0
5244		0
5245		0
5246		0
5247		0
5248		0
5249		0
5250		0
5251		0
5252		0
5253		0
5254		0
5255		0
5256		0
5257		0
5258		0
5259		0
5260		0
5261		0
5262		0
5263		0
5264		0
5265		0
5266		0
5267		0
5268		0
5269		0
5270		0
5271		0
5272		0
5273		0
5274		0
5275		0
5276		0
5277		0
5278		0
5279		0
5280		0
5281		0
5282		0
5283		0
5284		0
5285		0
5286		0
5287		0
5288		0
5289		0
5290		0
5291		0
5292		0
5293		0
5294		0
5295		0
5296		0
5297		0
5298		0
5299		0
5300		0
5301		0
5302		0
5303		0
5304		0
5305		0
5306		0
5307		0
5308		0
5309		0
5310		0
5311		0
5312		0
5313		0
5314		0
5315		0
5316		0
5317		0
5318		0
5319		0
5320		0
5321		0
5322		0
5323		0
5324		0
5325		0
5326		0
5327		0
5328		0
5329		0
5330		0
5331		0
5332		0
5333		0
5334		0
5335		0
5336		0
5337		0
5338		0
5339		0
5340		0
5341		0
5342		0
5343		0
5344		0
5345		0
5346		0
5347		0
5348		0
5349		0
5350		0
5351		0
5352		0
5353		0
5354		0
5355		0
5356		0
5357		0
5358		0
5359		0
5360		0
5361		0
5362		0
5363		0
5364		0
5365		0
5366		0
5367		0
5368		0
5369		0
5370		0
5371		0
5372		0
5373		0
5374		0
5375		0
5376		0
5377		0
5378		0
5379		0
5380		0
5381		0
5382		0
5383		0
5384		0
5385		0
5386		0
5387		0
5388		0
5389		0
5390		0
5391		0
5392		0
5393		0
5394		0
5395		0
5396		0
5397		0
5398		0
5399		0
5400		0
5401		0
5402		0
5403		0
5404		0
5405		0
5406		0
5407		0
5408		0
5409		0
5410		0
5411		0
5412		0
5413		0
5414		0
5415		0
5416		0
5417		0
5418		0
5419		0
5420		0
5421		0
5422		0
5423		0
5424		0
5425		0
5426		0
5427		0
5428		0
5429		0
5430		0
5431		0
5432		0
5433		0
5434		0
5435		0
5436		0
5437		0
5438		0
5439		0
5440		0
5441		0
5442		0
5443		0
5444		0
5445		0
5446		0
5447		0
5448		0
5449		0
5450		0
5451		0
5452		0
5453		0
5454		0
5455		0
5456		0
5457		0
5458		0
5459		0
5460		0
5461		0
5462		0
5463		0
5464		0
5465		0
5466		0
5467		0
5468		0
5469		0
5470		0
5471		0
5472		0
5473		0
5474		0
5475		0
5476		0
5477		0
5478		0
5479		0
5480		0
5481		0
5482		0
5483		0
5484		0
5485		0
5486		0
5487		0
5488		0
5489		0
5490		0
5491		0
5492		0
5493		0
5494		0
5495		0
5496		0
5497		0
5498		0
5499		0
5500		0
5501		0
5502		0
5503		0
5504		0
5505		0
5506		0
5507		0
5508		0
5509		0
5510		0
5511		0
5512		0
5513		0
5514		0
5515		0
5516		0
5517		0
5518		0
5519		0
5520		0
5521		0
5522		0
5523		0
5524		0
5525		0
5526		0
5527		0
5528		0
5529		0
5530		0
5531		0
5532		0
5533		0
5534		0
5535		0
5536		0
5537		0
5538		0
5539		0
5540		0
5541		0
5542		0
5543		0
5544		0
5545		0
5546		0
5547		0
5548		0
5549		0
5550		0
5551		0
5552		0
5553		0
5554		0
5555		0
5556		0
5557		0
5558		0
5559		0
5560		0
5561		0
5562		0
5563		0
5564		0
5565		0
5566		0
5567		0
5568		0
5569		0
5570		0
5571		0
5572		0
5573		0
5574		0
5575		0
5576		0
5577		0
5578		0
5579		0
5580		0
5581		0
5582		0
5583		0
5584		0
5585		0
5586		0
5587		0
5588		0
5589		0
5590		0
5591		0
5592		0
5593		0
5594		0
5595		0
5596		0
5597		0
5598		0
5599		0
5600		0
5601		0
5602		0
5603		0
5604		0
5605		0
5606		0
5607		0
5608		0
5609		0
5610		0
5611		0
5612		0
5613		0
5614		0
5615		0
5616		0
5617		0
5618		0
5619		0
5620		0
5621		0
5622		0
5623		0
5624		0
5625		0
5626		0
5627		0
5628		0
5629		0
5630		0
5631		0
5632		0
5633		0
5634		0
5635		0
5636		0
5637		0
5638		0
5639		0
5640		0
5641		0
5642		0
5643		0
5644		0
5645		0
5646		0
5647		0
5648		0
5649		0
5650		0
5651		0
5652		0
5653		0
5654		0
5655		0
5656		0
5657		0
5658		0
5659		0
5660		0
5661		0
5662		0
5663		0
5664		0
5665		0
5666		0
5667		0
5668		0
5669		0
5670		0
5671		0
5672		0
5673		0
5674		0
5675		0
5676		0
5677		0
5678		0
5679		0
5680		0
5681		0
5682		0
5683		0
5684		0
5685		0
5686		0
5687		0
5688		0
5689		0
5690		0
5691		0
5692		0
5693		0
5694		0
5695		0
5696		0
5697		0
5698		0
5699		0
5700		0
5701		0
5702		0
5703		0
5704		0
5705		0
5706		0
5707		0
5708		0
5709		0
5710		0
5711		0
5712		0
5713		0
5714		0
5715		0
5716		0
5717		0
5718		0
5719		0
5720		0
5721		0
5722		0
5723		0
5724		0
5725		0
5726		0
5727		0
5728		0
5729		0
5730		0
5731		0
5732		0
5733		0
5734		0
5735		0
5736		0
5737		0
5738		0
5739		0
5740		0
5741		0
5742		0
5743		0
5744		0
5745		0
5746		0
5747		0
5748		0
5749		0
5750		0
5751		0
5752		0
5753		0
5754		0
5755		0
5756		0
5757		0
5758		0
5759		0
5760		0
5761		0
5762		0
5763		0
5764		0
5765		0
5766		0
5767		0
5768		0
5769		0
5770		0
5771		0
5772		0
5773		0
5774		0
5775		0
5776		0
5777		0
5778		0
5779		0
5780		0
5781		0
5782		0
5783		0
5784		0
5785		0
5786		0
5787		0
5788		0
5789		0
5790		0
5791		0
5792		0
5793		0
5794		0
5795		0
5796		0
5797		0
5798		0
5799		0
5800		0
5801		0
5802		0
5803		0
5804		0
5805		0
5806		0
5807		0
5808		0
5809		0
5810		0
5811		0
5812		0
5813		0
5814		0
5815		0
5816		0
5817		0
5818		0
5819		0
5820		0
5821		0
5822		0
5823		0
5824		0
5825		0
5826		0
5827		0
5828		0
5829		0
5830		0
5831		0
5832		0
5833		0
5834		0
5835		0
5836		0
5837		0
5838		0
5839		0
5840		0
5841		0
5842		0
5843		0
5844		0
5845		0
5846		0
5847		0
5848		0
5849		0
5850		0
5851		0
5852		0
5853		0
5854		0
5855		0
5856		0
5857		0
5858		0
5859		0
5860		0
5861		0
5862		0
5863		0
5864		0
5865		0
5866		0
5867		0
5868		0
5869		0
5870		0
5871		0
5872		0
5873		0
5874		0
5875		0
5876		0
5877		0
5878		0
5879		0
5880		0
5881		0
5882		0
5883		0
5884		0
5885		0
5886		0
5887		0
5888		0
5889		0
5890		0
5891		0
5892		0
5893		0
5894		0
5895		0
5896		0
5897		0
5898		0
5899		0
5900		0
5901		0
5902		0
5903		0
5904		0
5905		0
5906		0
5907		0
5908		0
5909		0
5910		0
5911		0
5912		0
5913		0
5914		0
5915		0
5916		0
5917		0
5918		0
5919		0
5920		0
5921		0
5922		0
5923		0
5924		0
5925		0
5926		0
5927		0
5928		0
5929		0
5930		0
5931		0
5932		0
5933		0
5934		0
5935		0
5936		0
5937		0
5938		0
5939		0
5940		0
5941		0
5942		0
5943		0
5944		0
5945		0
5946		0
5947		0
5948		0
5949		0
5950		0
5951		0
5952		0
5953		0
5954		0
5955		0
5956		0
5957		0
5958		0
5959		0
5960		0
5961		0
5962		0
5963		0
5964		0
5965		0
5966		0
5967		0
5968		0
5969		0
5970		0
5971		0
5972		0
5973		0
5974		0
5975		0
5976		0
5977		0
5978		0
5979		0
5980		0
5981		0
5982		0
5983		0
5984		0
5985		0
5986		0
5987		0
5988		0
5989		0
5990		0
5991		0
5992		0
5993		0
5994		0
5995		0
5996		0
5997		0
5998		0
5999		0
6000		0
6001		0
6002		0
6003		0
6004		0
6005		0
6006		0
6007		0
6008		0
6009		0
6010		0
6011		0
6012		0
6013		0
6014		0
6015		0
6016		0
6017		0
6018		0
6019		0
6020		0
6021		0
6022		0
6023		0
6024		0
6025		0
6026		0
6027		0
6028		0
6029		0
6030		0
6031		0
6032		0
6033		0
6034		0
6035		0
6036		0
6037		0
6038		0
6039		0
6040		0
6041		0
6042		0
6043		0
6044		0
6045		0
6046		0
6047		0
6048		0
6049		0
6050		0
6051		0
6052		0
6053		0
6054		0
6055		0
6056		0
6057		0
6058		0
6059		0
6060		0
6061		0
6062		0
6063		0
6064		0
6065		0
6066		0
6067		0
6068		0
6069		0
6070		0
6071		0
6072		0
6073		0
6074		0
6075		0
6076		0
6077		0
6078		0
6079		0
6080		0
6081		0
6082		0
6083		0
6084		0
6085		0
6086		0
6087		0
6088		0
6089		0
6090		0
6091		0
6092		0
6093		0
6094		0
6095		0
6096		0
6097		0
6098		0
6099		0
6100		0
6101		0
6102		0
6103		0
6104		0
6105		0
6106		0
6107		0
6108		0
6109		0
6110		0
6111		0
6112		0
6113		0
6114		0
6115		0
6116		0
6117		0
6118		0
6119		0
6120		0
6121		0
6122		0
6123		0
6124		0
6125		0
6126		0
6127		0
6128		0
6129		0
6130		0
6131		0
6132		0
6133		0
6134		0
6135		0
6136		0
6137		0
6138		0
6139		0
6140		0
6141		0
6142		0
6143		0
6144		0
6145		0
6146		0
6147		0
6148		0
6149		0
6150		0
6151		0
6152		0
6153		0
6154		0
6155		0
6156		0
6157		0
6158		0
6159		0
6160		0
6161		0
6162		0
6163		0
6164		0
6165		0
6166		0
6167		0
6168		0
6169		0
6170		0
6171		0
6172		0
6173		0
6174		0
6175		0
6176		0
6177		0
6178		0
6179		0
6180		0
6181		0
6182		0
6183		0
6184		0
6185		0
6186		0
6187		0
6188		0
6189		0
6190		0
6191		0
6192		0
6193		0
6194		0
6195		0
6196		0
6197		0
6198		0
6199		0
6200		0
6201		0
6202		0
6203		0
6204		0
6205		0
6206		0
6207		0
6208		0
6209		0
6210		0
6211		0
6212		0
6213		0
6214		0
6215		0
6216		0
6217		0
6218		0
6219		0
6220		0
6221		0
6222		0
6223		0
6224		0
6225		0
6226		0
6227		0
6228		0
6229		0
6230		0
6231		0
6232		0
6233		0
6234		0
6235		0
6236		0
6237		0
6238		0
6239		0
6240		0
6241		0
6242		0
6243		0
6244		0
6245		0
6246		0
6247		0
6248		0
6249		0
6250		0
6251		0
6252		0
6253		0
6254		0
6255		0
6256		0
6257		0
6258		0
6259		0
6260		0
6261		0
6262		0
6263		0
6264		0
6265		0
6266		0
6267		0
6268		0
6269		0
6270		0
6271		0
6272		0
6273		0
6274		0
6275		0
6276		0
6277		0
6278		0
6279		0
6280		0
6281		0
6282		0
6283		0
6284		0
6285		0
6286		0
6287		0
6288		0
6289		0
6290		0
6291		0
6292		0
6293		0
6294		0
6295		0
6296		0
6297		0
6298		0
6299		0
6300		0
6301		0
6302		0
6303		0
6304		0
6305		0
6306		0
6307		0
6308		0
6309		0
6310		0
6311		0
6312		0
6313		0
6314		0
6315		0
6316		0
6317		0
6318		0
6319		0
6320		0
6321		0
6322		0
6323		0
6324		0
6325		0
6326		0
6327		0
6328		0
6329		0
6330		0
6331		0
6332		0
6333		0
6334		0
6335		0
6336		0
6337		0
6338		0
6339		0
6340		0
6341		0
6342		0
6343		0
6344		0
6345		0
6346		0
6347		0
6348		0
6349		0
6350		0
6351		0
6352		0
6353		0
6354		0
6355		0
6356		0
6357		0
6358		0
6359		0
6360		0
6361		0
6362		0
6363		0
6364		0
6365		0
6366		0
6367		0
6368		0
6369		0
6370		0
6371		0
6372		0
6373		0
6374		0
6375		0
6376		0
6377		0
6378		0
6379		0
6380		0
6381		0
6382		0
6383		0
6384		0
6385		0
6386		0
6387		0
6388		0
6389		0
6390		0
6391		0
6392		0
6393		0
6394		0
6395		0
6396		0
6397		0
6398		0
6399		0
6400		0
6401		0
6402		0
6403		0
6404		0
6405		0
6406		0
6407		0
6408		0
6409		0
6410		0
6411		0
6412		0
6413		0
6414		0
6415		0
6416		0
6417		0
6418		0
6419		0
6420		0
6421		0
6422		0
6423		0
6424		0
6425		0
6426		0
6427		0
6428		0
6429		0
6430		0
6431		0
6432		0
6433		0
6434		0
6435		0
6436		0
6437		0
6438		0
6439		0
6440		0
6441		0
6442		0
6443		0
6444		0
6445		0
6446		0
6447		0
6448		0
6449		0
6450		0
6451		0
6452		0
6453		0
6454		0
6455		0
6456		0
6457		0
6458		0
6459		0
6460		0
6461		0
6462		0
6463		0
6464		0
6465		0
6466		0
6467		0
6468		0
6469		0
6470		0
6471		0
6472		0
6473		0
6474		0
6475		0
6476		0
6477		0
6478		0
6479		0
6480		0
6481		0
6482		0
6483		0
6484		0
6485		0
6486		0
6487		0
6488		0
6489		0
6490		0
6491		0
6492		0
6493		0
6494		0
6495		0
6496		0
6497		0
6498		0
6499		0
6500		0
6501		0
6502		0
6503		0
6504		0
6505		0
6506		0
6507		0
6508		0
6509		0
6510		0
6511		0
6512		0
6513		0
6514		0
6515		0
6516		0
6517		0
6518		0
6519		0
6520		0
6521		0
6522		0
6523		0
6524		0
6525		0
6526		0
6527		0
6528		0
6529		0
6530		0
6531		0
6532		0
6533		0
6534		0
6535		0
6536		0
6537		0
6538		0
6539		0
6540		0
6541		0
6542		0
6543		0
6544		0
6545		0
6546		0
6547		0
6548		0
6549		0
6550		0
6551		0
6552		0
6553		0
6554		0
6555		0
6556		0
6557		0
6558		0
6559		0
6560		0
6561		0
6562		0
6563		0
6564		0
6565		0
6566		0
6567		0
6568		0
6569		0
6570		0
6571		0
6572		0
6573		0
6574		0
6575		0
6576		0
6577		0
6578		0
6579		0
6580		0
6581		0
6582		0
6583		0
6584		0
6585		0
6586		0
6587		0
6588		0
6589		0
6590		0
6591		0
6592		0
6593		0
6594		0
6595		0
6596		0
6597		0
6598		0
6599		0
6600		0
6601		0
6602		0
6603		0
6604		0
6605		0
6606		0
6607		0
6608		0
6609		0
6610		0
6611		0
6612		0
6613		0
6614		0
6615		0
6616		0
6617		0
6618		0
6619		0
6620		0
6621		0
6622		0
6623		0
6624		0
6625		0
6626		0
6627		0
6628		0
6629		0
6630		0
6631		0
6632		0
6633		0
6634		0
6635		0
6636		0
6637		0
6638		0
6639		0
6640		0
6641		0
6642		0
6643		0
6644		0
6645		0
6646		0
6647		0
6648		0
6649		0
6650		0
6651		0
6652		0
6653		0
6654		0
6655		0
6656		0
6657		0
6658		0
6659		0
6660		0
6661		0
6662		0
6663		0
6664		0
6665		0
6666		0
6667		0
6668		0
6669		0
6670		0
6671		0
6672		0
6673		0
6674		0
6675		0
6676		0
6677		0
6678		0
6679		0
6680		0
6681		0
6682		0
6683		0
6684		0
6685		0
6686		0
6687		0
6688		0
6689		0
6690		0
6691		0
6692		0
6693		0
6694		0
6695		0
6696		0
6697		0
6698		0
6699		0
6700		0
6701		0
6702		0
6703		0
6704		0
6705		0
6706		0
6707		0
6708		0
6709		0
6710		0
6711		0
6712		0
6713		0
6714		0
6715		0
6716		0
6717		0
6718		0
6719		0
6720		0
6721		0
6722		0
6723		0
6724		0
6725		0
6726		0
6727		0
6728		0
6729		0
6730		0
6731		0
6732		0
6733		0
6734		0
6735		0
6736		0
6737		0
6738		0
6739		0
6740		0
6741		0
6742		0
6743		0
6744		0
6745		0
6746		0
6747		0
6748		0
6749		0
6750		0
6751		0
6752		0
6753		0
6754		0
6755		0
6756		0
6757		0
6758		0
6759		0
6760		0
6761		0
6762		0
6763		0
6764		0
6765		0
6766		0
6767		0
6768		0
6769		0
6770		0
6771		0
6772		0
6773		0
6774		0
6775		0
6776		0
6777		0
6778		0
6779		0
6780		0
6781		0
6782		0
6783		0
6784		0
6785		0
6786		0
6787		0
6788		0
6789		0
6790		0
6791		0
6792		0
6793		0
6794		0
6795		0
6796		0
6797		0
6798		0
6799		0
6800		0
6801		0
6802		0
6803		0
6804		0
6805		0
6806		0
6807		0
6808		0
6809		0
6810		0
6811		0
6812		0
6813		0
6814		0
6815		0
6816		0
6817		0
6818		0
6819		0
6820		0
6821		0
6822		0
6823		0
6824		0
6825		0
6826		0
6827		0
6828		0
6829		0
6830		0
6831		0
6832		0
6833		0
6834		0
6835		0
6836		0
6837		0
6838		0
6839		0
6840		0
6841		0
6842		0
6843		0
6844		0
6845		0
6846		0
6847		0
6848		0
6849		0
6850		0
6851		0
6852		0
6853		0
6854		0
6855		0
6856		0
6857		0
6858		0
6859		0
6860		0
6861		0
6862		0
6863		0
6864		0
6865		0
6866		0
6867		0
6868		0
6869		0
6870		0
6871		0
6872		0
6873		0
6874		0
6875		0
6876		0
6877		0
6878		0
6879		0
6880		0
6881		0
6882		0
6883		0
6884		0
6885		0
6886		0
6887		0
6888		0
6889		0
6890		0
6891		0
6892		0
6893		0
6894		0
6895		0
6896		0
6897		0
6898		0
6899		0
6900		0
6901		0
6902		0
6903		0
6904		0
6905		0
6906		0
6907		0
6908		0
6909		0
6910		0
6911		0
6912		0
6913		0
6914		0
6915		0
6916		0
6917		0
6918		0
6919		0
6920		0
6921		0
6922		0
6923		0
6924		0
6925		0
6926		0
6927		0
6928		0
6929		0
6930		0
6931		0
6932		0
6933		0
6934		0
6935		0
6936		0
6937		0
6938		0
6939		0
6940		0
6941		0
6942		0
6943		0
6944		0
6945		0
6946		0
6947		0
6948		0
6949		0
6950		0
6951		0
6952		0
6953		0
6954		0
6955		0
6956		0
6957		0
6958		0
6959		0
6960		0
6961		0
6962		0
6963		0
6964		0
6965		0
6966		0
6967		0
6968		0
6969		0
6970		0
6971		0
6972		0
6973		0
6974		0
6975		0
6976		0
6977		0
6978		0
6979		0
6980		0
6981		0
6982		0
6983		0
6984		0
6985		0
6986		0
6987		0
6988		0
6989		0
6990		0
6991		0
6992		0
6993		0
6994		0
6995		0
6996		0
6997		0
6998		0
6999		0
7000		0
7001		0
7002		0
7003		0
7004		0
7005		0
7006		0
7007		0
7008		0
7009		0
7010		0
7011		0
7012		0
7013		0
7014		0
7015		0
7016		0
7017		0
7018		0
7019		0
7020		0
7021		0
7022		0
7023		0
7024		0
7025		0
7026		0
7027		0
7028		0
7029		0
7030		0
7031		0
7032		0
7033		0
7034		0
7035		0
7036		0
7037		0
7038		0
7039		0
7040		0
7041		0
7042		0
7043		0
7044		0
7045		0
7046		0
7047		0
7048		0
7049		0
7050		0
7051		0
7052		0
7053		0
7054		0
7055		0
7056		0
7057		0
7058		0
7059		0
7060		0
7061		0
7062		0
7063		0
7064		0
7065		0
7066		0
7067		0
7068		0
7069		0
7070		0
7071		0
7072		0
7073		0
7074		0
7075		0
7076		0
7077		0
7078		0
7079		0
7080		0
7081		0
7082		0
7083		0
7084		0
7085		0
7086		0
7087		0
7088		0
7089		0
7090		0
7091		0
7092		0
7093		0
7094		0
7095		0
7096		0
7097		0
7098		0
7099		0
7100		0
7101		0
7102		0
7103		0
7104		0
7105		0
7106		0
7107		0
7108		0
7109		0
7110		0
7111		0
7112		0
7113		0
7114		0
7115		0
7116		0
7117		0
7118		0
7119		0
7120		0
7121		0
7122		0
7123		0
7124		0
7125		0
7126		0
7127		0
7128		0
7129		0
7130		0
7131		0
7132		0
7133		0
7134		0
7135		0
7136		0
7137		0
7138		0
7139		0
7140		0
7141		0
7142		0
7143		0
7144		0
7145		0
7146		0
7147		0
7148		0
7149		0
7150		0
7151		0
7152		0
7153		0
7154		0
7155		0
7156		0
7157		0
7158		0
7159		0
7160		0
7161		0
7162		0
7163		0
7164		0
7165		0
7166		0
7167		0
7168		0
7169		0
7170		0
7171		0
7172		0
7173		0
7174		0
7175		0
7176		0
7177		0
7178		0
7179		0
7180		0
7181		0
7182		0
7183		0
7184		0
7185		0
7186		0
7187		0
7188		0
7189		0
7190		0
7191		0
7192		0
7193		0
7194		0
7195		0
7196		0
7197		0
7198		0
7199		0
7200		0
7201		0
7202		0
7203		0
7204		0
7205		0
7206		0
7207		0
7208		0
7209		0
7210		0
7211		0
7212		0
7213		0
7214		0
7215		0
7216		0
7217		0
7218		0
7219		0
7220		0
7221		0
7222		0
7223		0
7224		0
7225		0
7226		0
7227		0
7228		0
7229		0
7230		0
7231		0
7232		0
7233		0
7234		0
7235		0
7236		0
7237		0
7238		0
7239		0
7240		0
7241		0
7242		0
7243		0
7244		0
7245		0
7246		0
7247		0
7248		0
7249		0
7250		0
7251		0
7252		0
7253		0
7254		0
7255		0
7256		0
7257		0
7258		0
7259		0
7260		0
7261		0
7262		0
7263		0
7264		0
7265		0
7266		0
7267		0
7268		0
7269		0
7270		0
7271		0
7272		0
7273		0
7274		0
7275		0
7276		0
7277		0
7278		0
7279		0
7280		0
7281		0
7282		0
7283		0
7284		0
7285		0
7286		0
7287		0
7288		0
7289		0
7290		0
7291		0
7292		0
7293		0
7294		0
7295		0
7296		0
7297		0
7298		0
7299		0
7300		0
7301		0
7302		0
7303		0
7304		0
7305		0
7306		0
7307		0
7308		0
7309		0
7310		0
7311		0
7312		0
7313		0
7314		0
7315		0
7316		0
7317		0
7318		0
7319		0
7320		0
7321		0
7322		0
7323		0
7324		0
7325		0
7326		0
7327		0
7328		0
7329		0
7330		0
7331		0
7332		0
7333		0
7334		0
7335		0
7336		0
7337		0
7338		0
7339		0
7340		0
7341		0
7342		0
7343		0
7344		0
7345		0
7346		0
7347		0
7348		0
7349		0
7350		0
7351		0
7352		0
7353		0
7354		0
7355		0
7356		0
7357		0
7358		0
7359		0
7360		0
7361		0
7362		0
7363		0
7364		0
7365		0
7366		0
7367		0
7368		0
7369		0
7370		0
7371		0
7372		0
7373		0
7374		0
7375		0
7376		0
7377		0
7378		0
7379		0
7380		0
7381		0
7382		0
7383		0
7384		0
7385		0
7386		0
7387		0
7388		0
7389		0
7390		0
7391		0
7392		0
7393		0
7394		0
7395		0
7396		0
7397		0
7398		0
7399		0
7400		0
7401		0
7402		0
7403		0
7404		0
7405		0
7406		0
7407		0
7408		0
7409		0
7410		0
7411		0
7412		0
7413		0
7414		0
7415		0
7416		0
7417		0
7418		0
7419		0
7420		0
7421		0
7422		0
7423		0
7424		0
7425		0
7426		0
7427		0
7428		0
7429		0
7430		0
7431		0
7432		0
7433		0
7434		0
7435		0
7436		0
7437		0
7438		0
7439		0
7440		0
7441		0
7442		0
7443		0
7444		0
7445		0
7446		0
7447		0
7448		0
7449		0
7450		0
7451		0
7452		0
7453		0
7454		0
7455		0
7456		0
7457		0
7458		0
7459		0
7460		0
7461		0
7462		0
7463		0
7464		0
7465		0
7466		0
7467		0
7468		0
7469		0
7470		0
7471		0
7472		0
7473		0
7474		0
7475		0
7476		0
7477		0
7478		0
7479		0
7480		0
7481		0
7482		0
7483		0
7484		0
7485		0
7486		0
7487		0
7488		0
7489		0
7490		0
7491		0
7492		0
7493		0
7494		0
7495		0
7496		0
7497		0
7498		0
7499		0
7500		0
7501		0
7502		0
7503		0
7504		0
7505		0
7506		0
7507		0
7508		0
7509		0
7510		0
7511		0
7512		0
7513		0
7514		0
7515		0
7516		0
7517		0
7518		0
7519		0
7520		0
7521		0
7522		0
7523		0
7524		0
7525		0
7526		0
7527		0
7528		0
7529		0
7530		0
7531		0
7532		0
7533		0
7534		0
7535		0
7536		0
7537		0
7538		0
7539		0
7540		0
7541		0
7542		0
7543		0
7544		0
7545		0
7546		0
7547		0
7548		0
7549		0
7550		0
7551		0
7552		0
7553		0
7554		0
7555		0
7556		0
7557		0
7558		0
7559		0
7560		0
7561		0
7562		0
7563		0
7564		0
7565		0
7566		0
7567		0
7568		0
7569		0
7570		0
7571		0
7572		0
7573		0
7574		0
7575		0
7576		0
7577		0
7578		0
7579		0
7580		0
7581		0
7582		0
7583		0
7584		0
7585		0
7586		0
7587		0
7588		0
7589		0
7590		0
7591		0
7592		0
7593		0
7594		0
7595		0
7596		0
7597		0
7598		0
7599		0
7600		0
7601		0
7602		0
7603		0
7604		0
7605		0
7606		0
7607		0
7608		0
7609		0
7610		0
7611		0
7612		0
7613		0
7614		0
7615		0
7616		0
7617		0
7618		0
7619		0
7620		0
7621		0
7622		0
7623		0
7624		0
7625		0
7626		0
7627		0
7628		0
7629		0
7630		0
7631		0
7632		0
7633		0
7634		0
7635		0
7636		0
7637		0
7638		0
7639		0
7640		0
7641		0
7642		0
7643		0
7644		0
7645		0
7646		0
7647		0
7648		0
7649		0
7650		0
7651		0
7652		0
7653		0
7654		0
7655		0
7656		0
7657		0
7658		0
7659		0
7660		0
7661		0
7662		0
7663		0
7664		0
7665		0
7666		0
7667		0
7668		0
7669		0
7670		0
7671		0
7672		0
7673		0
7674		0
7675		0
7676		0
7677		0
7678		0
7679		0
7680		0
7681		0
7682		0
7683		0
7684		0
7685		0
7686		0
7687		0
7688		0
7689		0
7690		0
7691		0
7692		0
7693		0
7694		0
7695		0
7696		0
7697		0
7698		0
7699		0
7700		0
7701		0
7702		0
7703		0
7704		0
7705		0
7706		0
7707		0
7708		0
7709		0
7710		0
7711		0
7712		0
7713		0
7714		0
7715		0
7716		0
7717		0
7718		0
7719		0
7720		0
7721		0
7722		0
7723		0
7724		0
7725		0
7726		0
7727		0
7728		0
7729		0
7730		0
7731		0
7732		0
7733		0
7734		0
7735		0
7736		0
7737		0
7738		0
7739		0
7740		0
7741		0
7742		0
7743		0
7744		0
7745		0
7746		0
7747		0
7748		0
7749		0
7750		0
7751		0
7752		0
7753		0
7754		0
7755		0
7756		0
7757		0
7758		0
7759		0
7760		0
7761		0
7762		0
7763		0
7764		0
7765		0
7766		0
7767		0
7768		0
7769		0
7770		0
7771		0
7772		0
7773		0
7774		0
7775		0
7776		0
7777		0
7778		0
7779		0
7780		0
7781		0
7782		0
7783		0
7784		0
7785		0
7786		0
7787		0
7788		0
7789		0
7790		0
7791		0
7792		0
7793		0
7794		0
7795		0
7796		0
7797		0
7798		0
7799		0
7800		0
7801		0
7802		0
7803		0
7804		0
7805		0
7806		0
7807		0
7808		0
7809		0
7810		0
7811		0
7812		0
7813		0
7814		0
7815		0
7816		0
7817		0
7818		0
7819		0
7820		0
7821		0
7822		0
7823		0
7824		0
7825		0
7826		0
7827		0
7828		0
7829		0
7830		0
7831		0
7832		0
7833		0
7834		0
7835		0
7836		0
7837		0
7838		0
7839		0
7840		0
7841		0
7842		0
7843		0
7844		0
7845		0
7846		0
7847		0
7848		0
7849		0
7850		0
7851		0
7852		0
7853		0
7854		0
7855		0
7856		0
7857		0
7858		0
7859		0
7860		0
7861		0
7862		0
7863		0
7864		0
7865		0
7866		0
7867		0
7868		0
7869		0
7870		0
7871		0
7872		0
7873		0
7874		0
7875		0
7876		0
7877		0
7878		0
7879		0
7880		0
7881		0
7882		0
7883		0
7884		0
7885		0
7886		0
7887		0
7888		0
7889		0
7890		0
7891		0
7892		0
7893		0
7894		0
7895		0
7896		0
7897		0
7898		0
7899		0
7900		0
7901		0
7902		0
7903		0
7904		0
7905		0
7906		0
7907		0
7908		0
7909		0
7910		0
7911		0
7912		0
7913		0
7914		0
7915		0
7916		0
7917		0
7918		0
7919		0
7920		0
7921		0
7922		0
7923		0
7924		0
7925		0
7926		0
7927		0
7928		0
7929		0
7930		0
7931		0
7932		0
7933		0
7934		0
7935		0
7936		0
7937		0
7938		0
7939		0
7940		0
7941		0
7942		0
7943		0
7944		0
7945		0
7946		0
7947		0
7948		0
7949		0
7950		0
7951		0
7952		0
7953		0
7954		0
7955		0
7956		0
7957		0
7958		0
7959		0
7960		0
7961		0
7962		0
7963		0
7964		0
7965		0
7966		0
7967		0
7968		0
7969		0
7970		0
7971		0
7972		0
7973		0
7974		0
7975		0
7976		0
7977		0
7978		0
7979		0
7980		0
7981		0
7982		0
7983		0
7984		0
7985		0
7986		0
7987		0
7988		0
7989		0
7990		0
7991		0
7992		0
7993		0
7994		0
7995		0
7996		0
7997		0
7998		0
7999		0
8000		0
8001		0
8002		0
8003		0
8004		0
8005		0
8006		0
8007		0
8008		0
8009		0
8010		0
8011		0
8012		0
8013		0
8014		0
8015		0
8016		0
8017		0
8018		0
8019		0
8020		0
8021		0
8022		0
8023		0
8024		0
8025		0
8026		0
8027		0
8028		0
8029		0
8030		0
8031		0
8032		0
8033		0
8034		0
8035		0
8036		0
8037		0
8038		0
8039		0
8040		0
8041		0
8042		0
8043		0
8044		0
8045		0
8046		0
8047		0
8048		0
8049		0
8050		0
8051		0
8052		0
8053		0
8054		0
8055		0
8056		0
8057		0
8058		0
8059		0
8060		0
8061		0
8062		0
8063		0
8064		0
8065		0
8066		0
8067		0
8068		0
8069		0
8070		0
8071		0
8072		0
8073		0
8074		0
8075		0
8076		0
8077		0
8078		0
8079		0
8080		0
8081		0
8082		0
8083		0
8084		0
8085		0
8086		0
8087		0
8088		0
8089		0
8090		0
8091		0
8092		0
8093		0
8094		0
8095		0
8096		0
8097		0
8098		0
8099		0
8100		0
8101		0
8102		0
8103		0
8104		0
8105		0
8106		0
8107		0
8108		0
8109		0
8110		0
8111		0
8112		0
8113		0
8114		0
8115		0
8116		0
8117		0
8118		0
8119		0
8120		0
8121		0
8122		0
8123		0
8124		0
8125		0
8126		0
8127		0
8128		0
8129		0
8130		0
8131		0
8132		0
8133		0
8134		0
8135		0
8136		0
8137		0
8138		0
8139		0
8140		0
8141		0
8142		0
8143		0
8144		0
8145		0
8146		0
8147		0
8148		0
8149		0
8150		0
8151		0
8152		0
8153		0
8154		0
8155		0
8156		0
8157		0
8158		0
8159		0
8160		0
8161		0
8162		0
8163		0
8164		0
8165		0
8166		0
8167		0
8168		0
8169		0
8170		0
8171		0
8172		0
8173		0
8174		0
8175		0
8176		0
8177		0
8178		0
8179		0
8180		0
8181		0
8182		0
8183		0
8184		0
8185		0
8186		0
8187		0
8188		0
8189		0
8190		0
8191		0
8192		0
8193		0
8194		0
8195		0
8196		0
8197		0
8198		0
8199		0
8200		0
8201		0
8202		0
8203		0
8204		0
8205		0
8206		0
8207		0
8208		0
8209		0
8210		0
8211		0
8212		0
8213		0
8214		0
8215		0
8216		0
8217		0
8218		0
8219		0
8220		0
8221		0
8222		0
8223		0
8224		0
8225		0
8226		0
8227		0
8228		0
8229		0
8230		0
8231		0
8232		0
8233		0
8234		0
8235		0
8236		0
8237		0
8238		0
8239		0
8240		0
8241		0
8242		0
8243		0
8244		0
8245		0
8246		0
8247		0
8248		0
8249		0
8250		0
8251		0
8252		0
8253		0
8254		0
8255		0
8256		0
8257		0
8258		0
8259		0
8260		0
8261		0
8262		0
8263		0
8264		0
8265		0
8266		0
8267		0
8268		0
8269		0
8270		0
8271		0
8272		0
8273		0
8274		0
8275		0
8276		0
8277		0
8278		0
8279		0
8280		0
8281		0
8282		0
8283		0
8284		0
8285		0
8286		0
8287		0
8288		0
8289		0
8290		0
8291		0
8292		0
8293		0
8294		0
8295		0
8296		0
8297		0
8298		0
8299		0
8300		0
8301		0
8302		0
8303		0
8304		0
8305		0
8306		0
8307		0
8308		0
8309		0
8310		0
8311		0
8312		0
8313		0
8314		0
8315		0
8316		0
8317		0
8318		0
8319		0
8320		0
8321		0
8322		0
8323		0
8324		0
8325		0
8326		0
8327		0
8328		0
8329		0
8330		0
8331		0
8332		0
8333		0
8334		0
8335		0
8336		0
8337		0
8338		0
8339		0
8340		0
8341		0
8342		0
8343		0
8344		0
8345		0
8346		0
8347		0
8348		0
8349		0
8350		0
8351		0
8352		0
8353		0
8354		0
8355		0
8356		0
8357		0
8358		0
8359		0
8360		0
8361		0
8362		0
8363		0
8364		0
8365		0
8366		0
8367		0
8368		0
8369		0
8370		0
8371		0
8372		0
8373		0
8374		0
8375		0
8376		0
8377		0
8378		0
8379		0
8380		0
8381		0
8382		0
8383		0
8384		0
8385		0
8386		0
8387		0
8388		0
8389		0
8390		0
8391		0
8392		0
8393		0
8394		0
8395		0
8396		0
8397		0
8398		0
8399		0
8400		0
8401		0
8402		0
8403		0
8404		0
8405		0
8406		0
8407		0
8408		0
8409		0
8410		0
8411		0
8412		0
8413		0
8414		0
8415		0
8416		0
8417		0
8418		0
8419		0
8420		0
8421		0
8422		0
8423		0
8424		0
8425		0
8426		0
8427		0
8428		0
8429		0
8430		0
8431		0
8432		0
8433		0
8434		0
8435		0
8436		0
8437		0
8438		0
8439		0
8440		0
8441		0
8442		0
8443		0
8444		0
8445		0
8446		0
8447		0
8448		0
8449		0
8450		0
8451		0
8452		0
8453		0
8454		0
8455		0
8456		0
8457		0
8458		0
8459		0
8460		0
8461		0
8462		0
8463		0
8464		0
8465		0
8466		0
8467		0
8468		0
8469		0
8470		0
8471		0
8472		0
8473		0
8474		0
8475		0
8476		0
8477		0
8478		0
8479		0
8480		0
8481		0
8482		0
8483		0
8484		0
8485		0
8486		0
8487		0
8488		0
8489		0
8490		0
8491		0
8492		0
8493		0
8494		0
8495		0
8496		0
8497		0
8498		0
8499		0
8500		0
8501		0
8502		0
8503		0
8504		0
8505		0
8506		0
8507		0
8508		0
8509		0
8510		0
8511		0
8512		0
8513		0
8514		0
8515		0
8516		0
8517		0
8518		0
8519		0
8520		0
8521		0
8522		0
8523		0
8524		0
8525		0
8526		0
8527		0
8528		0
8529		0
8530		0
8531		0
8532		0
8533		0
8534		0
8535		0
8536		0
8537		0
8538		0
8539		0
8540		0
8541		0
8542		0
8543		0
8544		0
8545		0
8546		0
8547		0
8548		0
8549		0
8550		0
8551		0
8552		0
8553		0
8554		0
8555		0
8556		0
8557		0
8558		0
8559		0
8560		0
8561		0
8562		0
8563		0
8564		0
8565		0
8566		0
8567		0
8568		0
8569		0
8570		0
8571		0
8572		0
8573		0
8574		0
8575		0
8576		0
8577		0
8578		0
8579		0
8580		0
8581		0
8582		0
8583		0
8584		0
8585		0
8586		0
8587		0
8588		0
8589		0
8590		0
8591		0
8592		0
8593		0
8594		0
8595		0
8596		0
8597		0
8598		0
8599		0
8600		0
8601		0
8602		0
8603		0
8604		0
8605		0
8606		0
8607		0
8608		0
8609		0
8610		0
8611		0
8612		0
8613		0
8614		0
8615		0
8616		0
8617		0
8618		0
8619		0
8620		0
8621		0
8622		0
8623		0
8624		0
8625		0
8626		0
8627		0
8628		0
8629		0
8630		0
8631		0
8632		0
8633		0
8634		0
8635		0
8636		0
8637		0
8638		0
8639		0
8640		0
8641		0
8642		0
8643		0
8644		0
8645		0
8646		0
8647		0
8648		0
8649		0
8650		0
8651		0
8652		0
8653		0
8654		0
8655		0
8656		0
8657		0
8658		0
8659		0
8660		0
8661		0
8662		0
8663		0
8664		0
8665		0
8666		0
8667		0
8668		0
8669		0
8670		0
8671		0
8672		0
8673		0
8674		0
8675		0
8676		0
8677		0
8678		0
8679		0
8680		0
8681		0
8682		0
8683		0
8684		0
8685		0
8686		0
8687		0
8688		0
8689		0
8690		0
8691		0
8692		0
8693		0
8694		0
8695		0
8696		0
8697		0
8698		0
8699		0
8700		0
8701		0
8702		0
8703		0
8704		0
8705		0
8706		0
8707		0
8708		0
8709		0
8710		0
8711		0
8712		0
8713		0
8714		0
8715		0
8716		0
8717		0
8718		0
8719		0
8720		0
8721		0
8722		0
8723		0
8724		0
8725		0
8726		0
8727		0
8728		0
8729		0
8730		0
8731		0
8732		0
8733		0
8734		0
8735		0
8736		0
8737		0
8738		0
8739		0
8740		0
8741		0
8742		0
8743		0
8744		0
8745		0
8746		0
8747		0
8748		0
8749		0
8750		0
8751		0
8752		0
8753		0
8754		0
8755		0
8756		0
8757		0
8758		0
8759		0
8760		0
8761		0
8762		0
8763		0
8764		0
8765		0
8766		0
8767		0
8768		0
8769		0
8770		0
8771		0
8772		0
8773		0
8774		0
8775		0
8776		0
8777		0
8778		0
8779		0
8780		0
8781		0
8782		0
8783		0
8784		0
8785		0
8786		0
8787		0
8788		0
8789		0
8790		0
8791		0
8792		0
8793		0
8794		0
8795		0
8796		0
8797		0
8798		0
8799		0
8800		0
8801		0
8802		0
8803		0
8804		0
8805		0
8806		0
8807		0
8808		0
8809		0
8810		0
8811		0
8812		0
8813		0
8814		0
8815		0
8816		0
8817		0
8818		0
8819		0
8820		0
8821		0
8822		0
8823		0
8824		0
8825		0
8826		0
8827		0
8828		0
8829		0
8830		0
8831		0
8832		0
8833		0
8834		0
8835		0
8836		0
8837		0
8838		0
8839		0
8840		0
8841		0
8842		0
8843		0
8844		0
8845		0
8846		0
8847		0
8848		0
8849		0
8850		0
8851		0
8852		0
8853		0
8854		0
8855		0
8856		0
8857		0
8858		0
8859		0
8860		0
8861		0
8862		0
8863		0
8864		0
8865		0
8866		0
8867		0
8868		0
8869		0
8870		0
8871		0
8872		0
8873		0
8874		0
8875		0
8876		0
8877		0
8878		0
8879		0
8880		0
8881		0
8882		0
8883		0
8884		0
8885		0
8886		0
8887		0
8888		0
8889		0
8890		0
8891		0
8892		0
8893		0
8894		0
8895		0
8896		0
8897		0
8898		0
8899		0
8900		0
8901		0
8902		0
8903		0
8904		0
8905		0
8906		0
8907		0
8908		0
8909		0
8910		0
8911		0
8912		0
8913		0
8914		0
8915		0
8916		0
8917		0
8918		0
8919		0
8920		0
8921		0
8922		0
8923		0
8924		0
8925		0
8926		0
8927		0
8928		0
8929		0
8930		0
8931		0
8932		0
8933		0
8934		0
8935		0
8936		0
8937		0
8938		0
8939		0
8940		0
8941		0
8942		0
8943		0
8944		0
8945		0
8946		0
8947		0
8948		0
8949		0
8950		0
8951		0
8952		0
8953		0
8954		0
8955		0
8956		0
8957		0
8958		0
8959		0
8960		0
8961		0
8962		0
8963		0
8964		0
8965		0
8966		0
8967		0
8968		0
8969		0
8970		0
8971		0
8972		0
8973		0
8974		0
8975		0
8976		0
8977		0
8978		0
8979		0
8980		0
8981		0
8982		0
8983		0
8984		0
8985		0
8986		0
8987		0
8988		0
8989		0
8990		0
8991		0
8992		0
8993		0
8994		0
8995		0
8996		0
8997		0
8998		0
8999		0
9000		0
9001		0
9002		0
9003		0
9004		0
9005		0
9006		0
9007		0
9008		0
9009		0
9010		0
9011		0
9012		0
9013		0
9014		0
9015		0
9016		0
9017		0
9018		0
9019		0
9020		0
9021		0
9022		0
9023		0
9024		0
9025		0
9026		0
9027		0
9028		0
9029		0
9030		0
9031		0
9032		0
9033		0
9034		0
9035		0
9036		0
9037		0
9038		0
9039		0
9040		0
9041		0
9042		0
9043		0
9044		0
9045		0
9046		0
9047		0
9048		0
9049		0
9050		0
9051		0
9052		0
9053		0
9054		0
9055		0
9056		0
9057		0
9058		0
9059		0
9060		0
9061		0
9062		0
9063		0
9064		0
9065		0
9066		0
9067		0
9068		0
9069		0
9070		0
9071		0
9072		0
9073		0
9074		0
9075		0
9076		0
9077		0
9078		0
9079		0
9080		0
9081		0
9082		0
9083		0
9084		0
9085		0
9086		0
9087		0
9088		0
9089		0
9090		0
9091		0
9092		0
9093		0
9094		0
9095		0
9096		0
9097		0
9098		0
9099		0
9100		0
9101		0
9102		0
9103		0
9104		0
9105		0
9106		0
9107		0
9108		0
9109		0
9110		0
9111		0
9112		0
9113		0
9114		0
9115		0
9116		0
9117		0
9118		0
9119		0
9120		0
9121		0
9122		0
9123		0
9124		0
9125		0
9126		0
9127		0
9128		0
9129		0
9130		0
9131		0
9132		0
9133		0
9134		0
9135		0
9136		0
9137		0
9138		0
9139		0
9140		0
9141		0
9142		0
9143		0
9144		0
9145		0
9146		0
9147		0
9148		0
9149		0
9150		0
9151		0
9152		0
9153		0
9154		0
9155		0
9156		0
9157		0
9158		0
9159		0
9160		0
9161		0
9162		0
9163		0
9164		0
9165		0
9166		0
9167		0
9168		0
9169		0
9170		0
9171		0
9172		0
9173		0
9174		0
9175		0
9176		0
9177		0
9178		0
9179		0
9180		0
9181		0
9182		0
9183		0
9184		0
9185		0
9186		0
9187		0
9188		0
9189		0
9190		0
9191		0
9192		0
9193		0
9194		0
9195		0
9196		0
9197		0
9198		0
9199		0
9200		0
9201		0
9202		0
9203		0
9204		0
9205		0
9206		0
9207		0
9208		0
9209		0
9210		0
9211		0
9212		0
9213		0
9214		0
9215		0
9216		0
9217		0
9218		0
9219		0
9220		0
9221		0
9222		0
9223		0
9224		0
9225		0
9226		0
9227		0
9228		0
9229		0
9230		0
9231		0
9232		0
9233		0
9234		0
9235		0
9236		0
9237		0
9238		0
9239		0
9240		0
9241		0
9242		0
9243		0
9244		0
9245		0
9246		0
9247		0
9248		0
9249		0
9250		0
9251		0
9252		0
9253		0
9254		0
9255		0
9256		0
9257		0
9258		0
9259		0
9260		0
9261		0
9262		0
9263		0
9264		0
9265		0
9266		0
9267		0
9268		0
9269		0
9270		0
9271		0
9272		0
9273		0
9274		0
9275		0
9276		0
9277		0
9278		0
9279		0
9280		0
9281		0
9282		0
9283		0
9284		0
9285		0
9286		0
9287		0
9288		0
9289		0
9290		0
9291		0
9292		0
9293		0
9294		0
9295		0
9296		0
9297		0
9298		0
9299		0
9300		0
9301		0
9302		0
9303		0
9304		0
9305		0
9306		0
9307		0
9308		0
9309		0
9310		0
9311		0
9312		0
9313		0
9314		0
9315		0
9316		0
9317		0
9318		0
9319		0
9320		0
9321		0
9322		0
9323		0
9324		0
9325		0
9326		0
9327		0
9328		0
9329		0
9330		0
9331		0
9332		0
9333		0
9334		0
9335		0
9336		0
9337		0
9338		0
9339		0
9340		0
9341		0
9342		0
9343		0
9344		0
9345		0
9346		0
9347		0
9348		0
9349		0
9350		0
9351		0
9352		0
9353		0
9354		0
9355		0
9356		0
9357		0
9358		0
9359		0
9360		0
9361		0
9362		0
9363		0
9364		0
9365		0
9366		0
9367		0
9368		0
9369		0
9370		0
9371		0
9372		0
9373		0
9374		0
9375		0
9376		0
9377		0
9378		0
9379		0
9380		0
9381		0
9382		0
9383		0
9384		0
9385		0
9386		0
9387		0
9388		0
9389		0
9390		0
9391		0
9392		0
9393		0
9394		0
9395		0
9396		0
9397		0
9398		0
9399		0
9400		0
9401		0
9402		0
9403		0
9404		0
9405		0
9406		0
9407		0
9408		0
9409		0
9410		0
9411		0
9412		0
9413		0
9414		0
9415		0
9416		0
9417		0
9418		0
9419		0
9420		0
9421		0
9422		0
9423		0
9424		0
9425		0
9426		0
9427		0
9428		0
9429		0
9430		0
9431		0
9432		0
9433		0
9434		0
9435		0
9436		0
9437		0
9438		0
9439		0
9440		0
9441		0
9442		0
9443		0
9444		0
9445		0
9446		0
9447		0
9448		0
9449		0
9450		0
9451		0
9452		0
9453		0
9454		0
9455		0
9456		0
9457		0
9458		0
9459		0
9460		0
9461		0
9462		0
9463		0
9464		0
9465		0
9466		0
9467		0
9468		0
9469		0
9470		0
9471		0
9472		0
9473		0
9474		0
9475		0
9476		0
9477		0
9478		0
9479		0
9480		0
9481		0
9482		0
9483		0
9484		0
9485		0
9486		0
9487		0
9488		0
9489		0
9490		0
9491		0
9492		0
9493		0
9494		0
9495		0
9496		0
9497		0
9498		0
9499		0
9500		0
9501		0
9502		0
9503		0
9504		0
9505		0
9506		0
9507		0
9508		0
9509		0
9510		0
9511		0
9512		0
9513		0
9514		0
9515		0
9516		0
9517		0
9518		0
9519		0
9520		0
9521		0
9522		0
9523		0
9524		0
9525		0
9526		0
9527		0
9528		0
9529		0
9530		0
9531		0
9532		0
9533		0
9534		0
9535		0
9536		0
9537		0
9538		0
9539		0
9540		0
9541		0
9542		0
9543		0
9544		0
9545		0
9546		0
9547		0
9548		0
9549		0
9550		0
9551		0
9552		0
9553		0
9554		0
9555		0
9556		0
9557		0
9558		0
9559		0
9560		0
9561		0
9562		0
9563		0
9564		0
9565		0
9566		0
9567		0
9568		0
9569		0
9570		0
9571		0
9572		0
9573		0
9574		0
9575		0
9576		0
9577		0
9578		0
9579		0
9580		0
9581		0
9582		0
9583		0
9584		0
9585		0
9586		0
9587		0
9588		0
9589		0
9590		0
9591		0
9592		0
9593		0
9594		0
9595		0
9596		0
9597		0
9598		0
9599		0
9600		0
9601		0
9602		0
9603		0
9604		0
9605		0
9606		0
9607		0
9608		0
9609		0
9610		0
9611		0
9612		0
9613		0
9614		0
9615		0
9616		0
9617		0
9618		0
9619		0
9620		0
9621		0
9622		0
9623		0
9624		0
9625		0
9626		0
9627		0
9628		0
9629		0
9630		0
9631		0
9632		0
9633		0
9634		0
9635		0
9636		0
9637		0
9638		0
9639		0
9640		0
9641		0
9642		0
9643		0
9644		0
9645		0
9646		0
9647		0
9648		0
9649		0
9650		0
9651		0
9652		0
9653		0
9654		0
9655		0
9656		0
9657		0
9658		0
9659		0
9660		0
9661		0
9662		0
9663		0
9664		0
9665		0
9666		0
9667		0
9668		0
9669		0
9670		0
9671		0
9672		0
9673		0
9674		0
9675		0
9676		0
9677		0
9678		0
9679		0
9680		0
9681		0
9682		0
9683		0
9684		0
9685		0
9686		0
9687		0
9688		0
9689		0
9690		0
9691		0
9692		0
9693		0
9694		0
9695		0
9696		0
9697		0
9698		0
9699		0
9700		0
9701		0
9702		0
9703		0
9704		0
9705		0
9706		0
9707		0
9708		0
9709		0
9710		0
9711		0
9712		0
9713		0
9714		0
9715		0
9716		0
9717		0
9718		0
9719		0
9720		0
9721		0
9722		0
9723		0
9724		0
9725		0
9726		0
9727		0
9728		0
9729		0
9730		0
9731		0
9732		0
9733		0
9734		0
9735		0
9736		0
9737		0
9738		0
9739		0
9740		0
9741		0
9742		0
9743		0
9744		0
9745		0
9746		0
9747		0
9748		0
9749		0
9750		0
9751		0
9752		0
9753		0
9754		0
9755		0
9756		0
9757		0
9758		0
9759		0
9760		0
9761		0
9762		0
9763		0
9764		0
9765		0
9766		0
9767		0
9768		0
9769		0
9770		0
9771		0
9772		0
9773		0
9774		0
9775		0
9776		0
9777		0
9778		0
9779		0
9780		0
9781		0
9782		0
9783		0
9784		0
9785		0
9786		0
9787		0
9788		0
9789		0
9790		0
9791		0
9792		0
9793		0
9794		0
9795		0
9796		0
9797		0
9798		0
9799		0
9800		0
9801		0
9802		0
9803		0
9804		0
9805		0
9806		0
9807		0
9808		0
9809		0
9810		0
9811		0
9812		0
9813		0
9814		0
9815		0
9816		0
9817		0
9818		0
9819		0
9820		0
9821		0
9822		0
9823		0
9824		0
9825		0
9826		0
9827		0
9828		0
9829		0
9830		0
9831		0
9832		0
9833		0
9834		0
9835		0
9836		0
9837		0
9838		0
9839		0
9840		0
9841		0
9842		0
9843		0
9844		0
9845		0
9846		0
9847		0
9848		0
9849		0
9850		0
9851		0
9852		0
9853		0
9854		0
9855		0
9856		0
9857		0
9858		0
9859		0
9860		0
9861		0
9862		0
9863		0
9864		0
9865		0
9866		0
9867		0
9868		0
9869		0
9870		0
9871		0
9872		0
9873		0
9874		0
9875		0
9876		0
9877		0
9878		0
9879		0
9880		0
9881		0
9882		0
9883		0
9884		0
9885		0
9886		0
9887		0
9888		0
9889		0
9890		0
9891		0
9892		0
9893		0
9894		0
9895		0
9896		0
9897		0
9898		0
9899		0
9900		0
9901		0
9902		0
9903		0
9904		0
9905		0
9906		0
9907		0
9908		0
9909		0
9910		0
9911		0
9912		0
9913		0
9914		0
9915		0
9916		0
9917		0
9918		0
9919		0
9920		0
9921		0
9922		0
9923		0
9924		0
9925		0
9926		0
9927		0
9928		0
9929		0
9930		0
9931		0
9932		0
9933		0
9934		0
9935		0
9936		0
9937		0
9938		0
9939		0
9940		0
9941		0
9942		0
9943		0
9944		0
9945		0
9946		0
9947		0
9948		0
9949		0
9950		0
9951		0
9952		0
9953		0
9954		0
9955		0
9956		0
9957		0
9958		0
9959		0
9960		0
9961		0
9962		0
9963		0
9964		0
9965		0
9966		0
9967		0
9968		0
9969		0
9970		0
9971		0
9972		0
9973		0
9974		0
9975		0
9976		0
9977		0
9978		0
9979		0
9980		0
9981		0
9982		0
9983		0
9984		0
9985		0
9986		0
9987		0
9988		0
9989		0
9990		0
9991		0
9992		0
9993		0
9994		0
9995		0
9996		0
9997		0
9998		0
9999		0
10000		0
