Tile ID						Power estimation

0						0.00216326
1						0.00304652
2						0.00233344
3						0.00278486
4						0.00360817
5						0.00300527
6						0.00300605
7						0.00363746
8						0.00306544
9						0.00215345
10						0.00295478
11						0.0024231
12						0.00213227
13						0.00259383
14						0.00222249
15						0.00294581
16						0.0036285
17						0.002997
18						0.00315615
19						0.00339859
20						0.00312619
21						0.00235293
22						0.00281408
23						0.00222244


Total Netwok Power(In Watt):0.0677721