Tile	Output		Total no.	Total no.	avg. latency	avg. latency	average
ID	channel		of packets	of flits	per packet	per flit	throughput
							(clock cycles)	(clock cycles)	(Gbps)
0	South		44		176		3.40909		0.852273		0
0	East		71		284		2.26761		0.566901		0
0	Rear		32		128		2.5		0.625		0
0	68		272		4.02941		1.00735		18.1333
1	South		73		292		3.16438		0.791096		0
1	East		59		236		2.83051		0.707627		0
1	West		42		168		3.07143		0.767857		0
1	Rear		43		172		2.39535		0.598837		0
1	86		344		4.02326		1.00581		28.0816
2	South		70		280		3.28571		0.821429		0
2	West		49		196		2.14286		0.535714		0
2	Rear		39		156		2.28205		0.570513		0
2	74		296		4.59459		1.14865		21.5273
3	North		52		208		3.80769		0.951923		0
3	South		70		280		3.54286		0.885714		0
3	East		45		180		2.28889		0.572222		0
3	Rear		41		164		2.46341		0.615854		0
3	69		276		4.28986		1.07246		19.0345
4	North		68		272		3.94118		0.985294		0
4	South		91		364		3.62637		0.906593		0
4	East		40		160		2.75		0.6875		0
4	West		48		192		2.54167		0.635417		0
4	Rear		47		188		2.46809		0.617021		0
4	65		260		3.84615		0.961538		24.7619
5	North		57		228		3.94737		0.986842		0
5	South		76		304		3.60526		0.901316		0
5	West		51		204		2.27451		0.568627		0
5	Rear		36		144		2.36111		0.590278		0
5	79		316		4.22785		1.05696		24.3077
6	North		80		320		3.85		0.9625		0
6	South		45		180		3.68889		0.922222		0
6	East		53		212		2.24528		0.561321		0
6	Rear		44		176		2.43182		0.607955		0
6	77		308		4.67532		1.16883		20.5333
7	North		79		316		3.48101		0.870253		0
7	South		68		272		4.01471		1.00368		0
7	East		61		244		2.7377		0.684426		0
7	West		49		196		2.87755		0.719388		0
7	Rear		39		156		2.4359		0.608974		0
7	66		264		4.27273		1.06818		25.1429
8	North		81		324		3.62963		0.907407		0
8	South		68		272		3.86765		0.966912		0
8	West		50		200		2.44		0.61		0
8	Rear		44		176		2.65909		0.664773		0
8	62		248		4.67742		1.16935		17.7143
9	North		63		252		3.38095		0.845238		0
9	East		54		216		2.2037		0.550926		0
9	Rear		37		148		2.32432		0.581081		0
9	60		240		4.33333		1.08333		16.8421
10	North		56		224		3.07143		0.767857		0
10	East		56		224		2.625		0.65625		0
10	West		53		212		2.81132		0.70283		0
10	Rear		41		164		2.43902		0.609756		0
10	88		352		3.88636		0.971591		28.16
11	North		58		232		3.06897		0.767241		0
11	West		55		220		2.23636		0.559091		0
11	Rear		46		184		2.47826		0.619565		0
11	82		328		4.41463		1.10366		22.2373
12	South		42		168		3.19048		0.797619		0
12	East		42		168		2.16667		0.541667		0
12	Front		47		188		2.31915		0.579787		0
12	81		324		4.59259		1.14815		21.6
13	South		53		212		2.75472		0.688679		0
13	East		46		184		2.69565		0.673913		0
13	West		47		188		2.6383		0.659574		0
13	Front		42		168		2.5		0.625		0
13	70		280		4.22857		1.05714		25.4545
14	South		58		232		3.31034		0.827586		0
14	West		48		192		2.41667		0.604167		0
14	Front		41		164		2.41463		0.603659		0
14	74		296		4.27027		1.06757		21.9259
15	North		59		236		3.71186		0.927966		0
15	South		82		328		3.54878		0.887195		0
15	East		60		240		2.3		0.575		0
15	Front		31		124		2.45161		0.612903		0
15	61		244		4.16393		1.04098		17.1228
16	North		51		204		3.5098		0.877451		0
16	South		72		288		3.76389		0.940972		0
16	East		58		232		2.63793		0.659483		0
16	West		66		264		2.89394		0.723485		0
16	Front		37		148		2.62162		0.655405		0
16	77		308		4.64935		1.16234		22.5641
17	North		62		248		3.87097		0.967742		0
17	South		82		328		4.0122		1.00305		0
17	West		56		224		2.32143		0.580357		0
17	Front		34		136		2.32353		0.580882		0
17	64		256		4.34375		1.08594		19.6923
18	North		70		280		3.62857		0.907143		0
18	South		64		256		3.82812		0.957031		0
18	East		49		196		2.40816		0.602041		0
18	Front		43		172		2.48837		0.622093		0
18	88		352		4.63636		1.15909		27.0769
19	North		71		284		3.64789		0.911972		0
19	South		64		256		3.71875		0.929688		0
19	East		56		224		2.89286		0.723214		0
19	West		50		200		2.96		0.74		0
19	Front		38		152		2.63158		0.657895		0
19	59		236		4.16949		1.04237		17.8788
20	North		72		288		3.44444		0.861111		0
20	South		53		212		3.83019		0.957547		0
20	West		55		220		2.50909		0.627273		0
20	Front		36		144		2.5		0.625		0
20	95		380		4.48421		1.12105		25.3333
21	North		64		256		3.25		0.8125		0
21	East		47		188		2.38298		0.595745		0
21	Front		42		168		2.5		0.625		0
21	81		324		4.34568		1.08642		21.6
22	North		49		196		3.06122		0.765306		0
22	East		48		192		2.58333		0.645833		0
22	West		59		236		2.94915		0.737288		0
22	Front		43		172		2.65116		0.662791		0
22	81		324		4.12346		1.03086		24.9231
23	North		55		220		3.07273		0.768182		0
23	West		54		216		2.25926		0.564815		0
23	Front		42		168		2.33333		0.583333		0
23	70		280		4.22857		1.05714		20.3636

Overall average latency per channel (in clock cycles per flit) = 0.837413

Overall average latency per channel(in clock cycles per packet) = 3.34965

Overall total throughput is 22.1672

Overall average latency (in clock cycles per flit) = 13.9941

Total Flits Generated = 7108
Total Flits Received = 7108
