#Simcount		average latency
1		0
2		0
3		0
4		0
5		0
6		0
7		0
8		0
9		0
10		0
11		0
12		0
13		0
14		0
15		0
16		0
17		0
18		0
19		0
20		0
21		0
22		0
23		0
24		0
25		0
26		0
27		0
28		0
29		0
30		0
31		0
32		0
33		0
34		0
35		0
36		0
37		0
38		0
39		0
40		0
41		0
42		0
43		0
44		0
45		0
46		0
47		0
48		0
49		0
50		0
51		0
52		0
53		0
54		0
55		0
56		0
57		0
58		0
59		0
60		0
61		0
62		2
63		2
64		2
65		2.85714
66		0
67		0
68		4
69		4
70		4
71		0
72		3.42857
73		2.75
74		3.8
75		5
76		3.33333
77		4.75
78		4
79		5
80		4
81		3.75
82		2.71429
83		2.66667
84		4.25
85		3.33333
86		4.8
87		4.5
88		4.66667
89		5
90		4
91		9
92		3
93		3.71429
94		3.2
95		2
96		4.16667
97		2
98		5
99		5
100		4.75
101		5.4
102		3.5
103		5.75
104		4
105		3.28571
106		4
107		0
108		5
109		4
110		5.2
111		6.5
112		4.66667
113		4.5
114		3.57143
115		7.66667
116		3
117		4.33333
118		3.75
119		4
120		5.4
121		6.33333
122		4.2
123		3.25
124		4
125		5.42857
126		3.8
127		5.5
128		4.33333
129		5
130		3.8
131		4
132		8.8
133		4.33333
134		4.4
135		5
136		3
137		6.2
138		4.2
139		7.75
140		4
141		5.66667
142		3.85714
143		3.33333
144		7
145		3.57143
146		5.5
147		4
148		4
149		4.44444
150		3.33333
151		7
152		4
153		4.57143
154		6.14286
155		6
156		4
157		4
158		4.33333
159		5
160		4.33333
161		8.2
162		3.28571
163		15.5
164		6
165		3.4
166		5
167		4
168		6
169		4.2
170		5
171		4
172		11.5
173		4.54545
174		3.6
175		18
176		3.66667
177		4.25
178		3.625
179		8
180		5
181		4
182		4.33333
183		3.33333
184		12.5
185		7.85714
186		4.25
187		13
188		5.66667
189		4.4
190		4.33333
191		2.5
192		5.4
193		3.4
194		4
195		5
196		3.33333
197		8
198		4.2
199		13.5
200		6.75
201		12
202		4.25
203		3
204		5.75
205		3.85714
206		4.5
207		4.5
208		8.25
209		4.5
210		8.66667
211		3
212		4
213		5
214		6.22222
215		0
216		8.66667
217		3.4
218		4.25
219		5
220		5
221		8.2
222		6
223		8.66667
224		3
225		3.4
226		5.14286
227		4
228		6
229		4.2
230		4.5
231		5
232		12.3333
233		4.54545
234		6.5
235		7
236		3.5
237		3.75
238		6.57143
239		0
240		4.83333
241		4.75
242		3.25
243		3
244		13
245		6.28571
246		8.5
247		15.5
248		3.5
249		4.8
250		5.42857
251		8
252		5.2
253		3.33333
254		3.5
255		4.5
256		3.5
257		5.14286
258		4
259		17.5
260		4
261		15
262		3.57143
263		3
264		6.25
265		3.71429
266		5
267		4.33333
268		8.25
269		4.25
270		9.66667
271		3.5
272		4
273		5.14286
274		7.71429
275		0
276		8.66667
277		4
278		4
279		5.5
280		4.4
281		10
282		4.6
283		2.5
284		4
285		6.5
286		4.375
287		2
288		10.75
289		3.83333
290		4.5
291		5.33333
292		15
293		4.1
294		3.4
295		6.75
296		4
297		6.25
298		6.83333
299		4
300		5.66667
301		4
302		6
303		4.33333
304		10.25
305		6.66667
306		3.8
307		4.5
308		5
309		4
310		5.5
311		0
312		4.6
313		3.28571
314		8.25
315		4.33333
316		3.5
317		5.66667
318		4.25
319		16.5
320		4.5
321		14.25
322		7.6
323		2
324		4
325		3.85714
326		6.33333
327		5
328		13
329		5.6
330		4
331		18.5
332		5
333		4
334		4.42857
335		2.5
336		5.4
337		4.5
338		4.33333
339		4.5
340		5
341		5
342		3.75
343		16.6667
344		3.6
345		6.83333
346		3.5
347		0
348		5.5
349		4.5
350		10.6667
351		5
352		9
353		5.90909
354		3
355		11.3333
356		5
357		7.33333
358		4
359		4
360		8.66667
361		4.5
362		6.5
363		3.5
364		4.8
365		4
366		4
367		4
368		5
369		4.5
370		5.375
371		0
372		12.3333
373		4
374		9.25
375		3.33333
376		12
377		5.66667
378		4.16667
379		3.5
380		5
381		5.5
382		4.16667
383		2
384		7.42857
385		3.33333
386		10.5
387		3.5
388		17.5
389		4.33333
390		4.33333
391		11.5
392		5
393		4.4
394		7
395		2.5
396		5.66667
397		5
398		4.33333
399		4.5
400		4.5
401		9.75
402		4.4
403		10
404		3.75
405		8.2
406		4.5
407		3
408		4.5
409		4.66667
410		4
411		5
412		13
413		4.2
414		3.5
415		15
416		4.33333
417		7.33333
418		6.83333
419		4
420		4.5
421		4.5
422		3.5
423		3.5
424		4.4
425		5.875
426		3.75
427		18
428		5
429		4
430		5.28571
431		0
432		5.75
433		3.85714
434		7.66667
435		3
436		10
437		5.42857
438		4
439		5.66667
440		4.33333
441		5
442		4.2
443		2
444		8.33333
445		3.83333
446		4
447		3.5
448		17.5
449		4
450		4.4
451		12
452		5
453		4
454		7.375
455		2
456		6
457		4.6
458		10
459		4.5
460		4
461		7.57143
462		4.5
463		4.5
464		5
465		7.66667
466		4.57143
467		2
468		4.75
469		3.85714
470		17.5
471		5
472		13
473		4.5
474		3.75
475		12.3333
476		3.75
477		6.66667
478		5.875
479		0
480		4.5
481		4.5
482		3.66667
483		3.5
484		6.5
485		6.14286
486		4.2
487		15.5
488		5
489		4
490		4.66667
491		0
492		6.33333
493		4.28571
494		3.75
495		3.5
496		9.5
497		5.25
498		4
499		10.6667
500		5
501		4.25
502		4.2
503		3
504		9.4
505		4.2
506		8
507		3.5
508		13
509		4.33333
510		3.8
511		16
512		3.75
513		4.5
514		8
515		2
516		5
517		4.5
518		4.5
519		5
520		4.5
521		7.375
522		4.4
523		7
524		3.5
525		9.75
526		4.42857
527		3.5
528		9.6
529		4.5
530		3.66667
531		4.5
532		9.66667
533		4.5
534		4.75
535		10
536		4
537		5
538		6.42857
539		3
540		8.33333
541		3.83333
542		5
543		5
544		4.25
545		7.6
546		4.2
547		9.66667
548		3.5
549		8.25
550		4.77778
551		3
552		11
553		4.6
554		4.5
555		4
556		9
557		4.8
558		3.5
559		9.66667
560		3
561		5.8
562		3.8
563		0
564		4.16667
565		4.5
566		5
567		3.33333
568		6
569		4
570		3.16667
571		16.3333
572		4
573		4.66667
574		7.75
575		0
576		4.8
577		4.16667
578		3.33333
579		3.5
580		4.33333
581		6.8
582		3.8
583		24.5
584		4
585		11.75
586		4.71429
587		2.5
588		5.2
589		4.16667
590		3
591		5
592		13.6667
593		4.55556
594		4
595		3.5
596		3.33333
597		5
598		10
599		2.5
600		9.4
601		4.2
602		3.5
603		4
604		5.66667
605		7
606		4.33333
607		12
608		3.33333
609		7.4
610		5.11111
611		0
612		5.75
613		4.6
614		4.33333
615		3.5
616		7.75
617		5.11111
618		3.66667
619		3.8
620		4
621		6.25
622		8.5
623		3.5
624		8.4
625		4.4
626		3.5
627		3.33333
628		5.25
629		4.4
630		4
631		14
632		3
633		4.5
634		8.25
635		0
636		6.2
637		4.33333
638		4
639		3.66667
640		10.25
641		7.11111
642		4.33333
643		6
644		4
645		4.75
646		6.85714
647		3
648		4.5
649		4.5
650		4
651		4
652		9
653		6.66667
654		3.8
655		11.5
656		3.5
657		5
658		5.5
659		3
660		10.4
661		4
662		5
663		4
664		5
665		6.57143
666		3.75
667		14.6667
668		3.25
669		12
670		3.75
671		3
672		4.83333
673		4.6
674		4.5
675		5
676		9
677		6.11111
678		3.33333
679		4
680		3.33333
681		5.6
682		10
683		3
684		7.5
685		4.4
686		3
687		5
688		5.25
689		7.33333
690		4.25
691		18
692		3
693		4
694		4.83333
695		2
696		7.2
697		4.33333
698		3.5
699		4
700		10.25
701		6.125
702		4.33333
703		8.5
704		3.66667
705		4.4
706		6.25
707		0
708		4.16667
709		4.2
710		4.5
711		4
712		10.75
713		4.33333
714		3.75
715		17
716		4
717		5
718		7.625
719		4
720		4.8
721		4
722		5
723		5
724		8.75
725		6.5
726		3.6
727		20.5
728		3.33333
729		3.75
730		4.875
731		3
732		4.83333
733		4
734		3.5
735		3.5
736		9
737		5
738		3.4
739		13
740		3.33333
741		3.8
742		4.16667
743		0
744		8.33333
745		4.16667
746		3
747		5
748		10.6667
749		7.71429
750		4.25
751		9
752		3.33333
753		4.5
754		8.28571
755		2
756		6
757		4.2
758		3
759		4.5
760		3.75
761		7.25
762		4.33333
763		15
764		3.66667
765		8.8
766		4.625
767		3
768		11.3333
769		4.14286
770		4.5
771		4
772		8.5
773		4.25
774		4
775		9
776		3.5
777		5.75
778		8.5
779		4
780		5.83333
781		4
782		5
783		5
784		4.75
785		7
786		3.4
787		11
788		4
789		3.66667
790		6.42857
791		3
792		4.75
793		4.6
794		5
795		4
796		10.75
797		4.875
798		3.6
799		18.5
800		3.2
801		3.75
802		3.85714
803		0
804		4.33333
805		4.4
806		3.5
807		4
808		13.6667
809		6.55556
810		4.33333
811		10.3333
812		4
813		5
814		9
815		3
816		5.14286
817		4.2
818		3.33333
819		5
820		3.83333
821		8.66667
822		4.25
823		17.5
824		3
825		8.4
826		4.625
827		3
828		13
829		3.875
830		5
831		4.5
832		10.6667
833		7
834		3.33333
835		8.5
836		3.33333
837		5.75
838		6.42857
839		0
840		5.125
841		4.5
842		4.5
843		5
844		4.2
845		6.25
846		3.75
847		10
848		4
849		3.42857
850		5.4
851		4
852		5.5
853		4.6
854		5
855		4
856		8.6
857		6.57143
858		4.33333
859		19.5
860		3.33333
861		4.33333
862		3.875
863		0
864		4.33333
865		4
866		3.66667
867		4
868		13.6667
869		3.77778
870		4.33333
871		12
872		4
873		5
874		10.375
875		3
876		4.42857
877		4.2
878		4.5
879		5
880		3.57143
881		8.2
882		4.33333
883		11
884		3.33333
885		8.4
886		4.875
887		3.5
888		13
889		4.14286
890		5
891		3.33333
892		10.6667
893		4.75
894		3.66667
895		9.66667
896		3
897		5.75
898		6.66667
899		0
900		5
901		4.5
902		4
903		4
904		4.75
905		7.71429
906		3.4
907		10.3333
908		4
909		3.66667
910		4.83333
911		2.5
912		5
913		4.6
914		4
915		4
916		10.25
917		7.11111
918		4.25
919		18.5
920		3.4
921		4.33333
922		6.42857
923		3
924		4.71429
925		4
926		3
927		4.5
928		13.6667
929		6.125
930		4.33333
931		14
932		4
933		5
934		5.5
935		0
936		5.75
937		4
938		4.5
939		5
940		3.6
941		4.8
942		4
943		6
944		4
945		9.75
946		5.7
947		4
948		10.75
949		4.16667
950		4.5
951		3.33333
952		10.6667
953		7
954		3.66667
955		13
956		4
957		5.4
958		9.42857
959		3
960		5.14286
961		4.5
962		3.66667
963		3.5
964		6.6
965		5.14286
966		3.75
967		19.5
968		3.5
969		4.2
970		5
971		2
972		9.5
973		3.85714
974		4
975		5
976		11.5
977		7.85714
978		4.25
979		13.5
980		11.5
981		5.33333
982		3.75
983		3
984		6
985		4
986		4
987		4.5
988		4.33333
989		10
990		4.25
991		4.5
992		4
993		8
994		5
995		4
996		4.75
997		4
998		5.5
999		4.5
1000		9.33333
1001		4.5
1002		3.4
1003		29
1004		9
1005		4.33333
1006		6.11111
1007		9
1008		5.2
1009		4
1010		5.5
1011		4
1012		3.5
1013		9
1014		4
1015		13
1016		6
1017		4.33333
1018		5.8
1019		10
1020		5.33333
1021		4
1022		9.33333
1023		4.33333
1024		4
1025		167.333
1026		4
1027		4
1028		0
1029		4.5
1030		4.25
1031		6
1032		479.5
1033		4
1034		4.5
1035		4
1036		4
1037		328.667
1038		4
1039		0
1040		0
1041		4.33333
1042		4
1043		0
1044		490.5
1045		4
1046		0
1047		5
1048		4
1049		4
1050		4
1051		12
1052		4
1053		4
1054		0
1055		4
1056		0
1057		0
1058		0
1059		4
1060		0
1061		0
1062		0
1063		0
1064		0
1065		0
1066		0
1067		0
1068		0
1069		0
1070		0
1071		0
1072		0
1073		0
1074		0
1075		0
1076		0
1077		0
1078		0
1079		0
1080		0
1081		0
1082		0
1083		0
1084		0
1085		0
1086		0
1087		0
1088		0
1089		0
1090		0
1091		0
1092		0
1093		0
1094		0
1095		0
1096		0
1097		0
1098		0
1099		0
1100		0
1101		0
1102		0
1103		0
1104		0
1105		0
1106		0
1107		0
1108		0
1109		0
1110		0
1111		0
1112		0
1113		0
1114		0
1115		0
1116		0
1117		0
1118		0
1119		0
1120		0
1121		0
1122		0
1123		0
1124		0
1125		0
1126		0
1127		0
1128		0
1129		0
1130		0
1131		0
1132		0
1133		0
1134		0
1135		0
1136		0
1137		0
1138		0
1139		0
1140		0
1141		0
1142		0
1143		0
1144		0
1145		0
1146		0
1147		0
1148		0
1149		0
1150		0
1151		0
1152		0
1153		0
1154		0
1155		0
1156		0
1157		0
1158		0
1159		0
1160		0
1161		0
1162		0
1163		0
1164		0
1165		0
1166		0
1167		0
1168		0
1169		0
1170		0
1171		0
1172		0
1173		0
1174		0
1175		0
1176		0
1177		0
1178		0
1179		0
1180		0
1181		0
1182		0
1183		0
1184		0
1185		0
1186		0
1187		0
1188		0
1189		0
1190		0
1191		0
1192		0
1193		0
1194		0
1195		0
1196		0
1197		0
1198		0
1199		0
1200		0
1201		0
1202		0
1203		0
1204		0
1205		0
1206		0
1207		0
1208		0
1209		0
1210		0
1211		0
1212		0
1213		0
1214		0
1215		0
1216		0
1217		0
1218		0
1219		0
1220		0
1221		0
1222		0
1223		0
1224		0
1225		0
1226		0
1227		0
1228		0
1229		0
1230		0
1231		0
1232		0
1233		0
1234		0
1235		0
1236		0
1237		0
1238		0
1239		0
1240		0
1241		0
1242		0
1243		0
1244		0
1245		0
1246		0
1247		0
1248		0
1249		0
1250		0
1251		0
1252		0
1253		0
1254		0
1255		0
1256		0
1257		0
1258		0
1259		0
1260		0
1261		0
1262		0
1263		0
1264		0
1265		0
1266		0
1267		0
1268		0
1269		0
1270		0
1271		0
1272		0
1273		0
1274		0
1275		0
1276		0
1277		0
1278		0
1279		0
1280		0
1281		0
1282		0
1283		0
1284		0
1285		0
1286		0
1287		0
1288		0
1289		0
1290		0
1291		0
1292		0
1293		0
1294		0
1295		0
1296		0
1297		0
1298		0
1299		0
1300		0
1301		0
1302		0
1303		0
1304		0
1305		0
1306		0
1307		0
1308		0
1309		0
1310		0
1311		0
1312		0
1313		0
1314		0
1315		0
1316		0
1317		0
1318		0
1319		0
1320		0
1321		0
1322		0
1323		0
1324		0
1325		0
1326		0
1327		0
1328		0
1329		0
1330		0
1331		0
1332		0
1333		0
1334		0
1335		0
1336		0
1337		0
1338		0
1339		0
1340		0
1341		0
1342		0
1343		0
1344		0
1345		0
1346		0
1347		0
1348		0
1349		0
1350		0
1351		0
1352		0
1353		0
1354		0
1355		0
1356		0
1357		0
1358		0
1359		0
1360		0
1361		0
1362		0
1363		0
1364		0
1365		0
1366		0
1367		0
1368		0
1369		0
1370		0
1371		0
1372		0
1373		0
1374		0
1375		0
1376		0
1377		0
1378		0
1379		0
1380		0
1381		0
1382		0
1383		0
1384		0
1385		0
1386		0
1387		0
1388		0
1389		0
1390		0
1391		0
1392		0
1393		0
1394		0
1395		0
1396		0
1397		0
1398		0
1399		0
1400		0
1401		0
1402		0
1403		0
1404		0
1405		0
1406		0
1407		0
1408		0
1409		0
1410		0
1411		0
1412		0
1413		0
1414		0
1415		0
1416		0
1417		0
1418		0
1419		0
1420		0
1421		0
1422		0
1423		0
1424		0
1425		0
1426		0
1427		0
1428		0
1429		0
1430		0
1431		0
1432		0
1433		0
1434		0
1435		0
1436		0
1437		0
1438		0
1439		0
1440		0
1441		0
1442		0
1443		0
1444		0
1445		0
1446		0
1447		0
1448		0
1449		0
1450		0
1451		0
1452		0
1453		0
1454		0
1455		0
1456		0
1457		0
1458		0
1459		0
1460		0
1461		0
1462		0
1463		0
1464		0
1465		0
1466		0
1467		0
1468		0
1469		0
1470		0
1471		0
1472		0
1473		0
1474		0
1475		0
1476		0
1477		0
1478		0
1479		0
1480		0
1481		0
1482		0
1483		0
1484		0
1485		0
1486		0
1487		0
1488		0
1489		0
1490		0
1491		0
1492		0
1493		0
1494		0
1495		0
1496		0
1497		0
1498		0
1499		0
1500		0
1501		0
1502		0
1503		0
1504		0
1505		0
1506		0
1507		0
1508		0
1509		0
1510		0
1511		0
1512		0
1513		0
1514		0
1515		0
1516		0
1517		0
1518		0
1519		0
1520		0
1521		0
1522		0
1523		0
1524		0
1525		0
1526		0
1527		0
1528		0
1529		0
1530		0
1531		0
1532		0
1533		0
1534		0
1535		0
1536		0
1537		0
1538		0
1539		0
1540		0
1541		0
1542		0
1543		0
1544		0
1545		0
1546		0
1547		0
1548		0
1549		0
1550		0
1551		0
1552		0
1553		0
1554		0
1555		0
1556		0
1557		0
1558		0
1559		0
1560		0
1561		0
1562		0
1563		0
1564		0
1565		0
1566		0
1567		0
1568		0
1569		0
1570		0
1571		0
1572		0
1573		0
1574		0
1575		0
1576		0
1577		0
1578		0
1579		0
1580		0
1581		0
1582		0
1583		0
1584		0
1585		0
1586		0
1587		0
1588		0
1589		0
1590		0
1591		0
1592		0
1593		0
1594		0
1595		0
1596		0
1597		0
1598		0
1599		0
1600		0
1601		0
1602		0
1603		0
1604		0
1605		0
1606		0
1607		0
1608		0
1609		0
1610		0
1611		0
1612		0
1613		0
1614		0
1615		0
1616		0
1617		0
1618		0
1619		0
1620		0
1621		0
1622		0
1623		0
1624		0
1625		0
1626		0
1627		0
1628		0
1629		0
1630		0
1631		0
1632		0
1633		0
1634		0
1635		0
1636		0
1637		0
1638		0
1639		0
1640		0
1641		0
1642		0
1643		0
1644		0
1645		0
1646		0
1647		0
1648		0
1649		0
1650		0
1651		0
1652		0
1653		0
1654		0
1655		0
1656		0
1657		0
1658		0
1659		0
1660		0
1661		0
1662		0
1663		0
1664		0
1665		0
1666		0
1667		0
1668		0
1669		0
1670		0
1671		0
1672		0
1673		0
1674		0
1675		0
1676		0
1677		0
1678		0
1679		0
1680		0
1681		0
1682		0
1683		0
1684		0
1685		0
1686		0
1687		0
1688		0
1689		0
1690		0
1691		0
1692		0
1693		0
1694		0
1695		0
1696		0
1697		0
1698		0
1699		0
1700		0
1701		0
1702		0
1703		0
1704		0
1705		0
1706		0
1707		0
1708		0
1709		0
1710		0
1711		0
1712		0
1713		0
1714		0
1715		0
1716		0
1717		0
1718		0
1719		0
1720		0
1721		0
1722		0
1723		0
1724		0
1725		0
1726		0
1727		0
1728		0
1729		0
1730		0
1731		0
1732		0
1733		0
1734		0
1735		0
1736		0
1737		0
1738		0
1739		0
1740		0
1741		0
1742		0
1743		0
1744		0
1745		0
1746		0
1747		0
1748		0
1749		0
1750		0
1751		0
1752		0
1753		0
1754		0
1755		0
1756		0
1757		0
1758		0
1759		0
1760		0
1761		0
1762		0
1763		0
1764		0
1765		0
1766		0
1767		0
1768		0
1769		0
1770		0
1771		0
1772		0
1773		0
1774		0
1775		0
1776		0
1777		0
1778		0
1779		0
1780		0
1781		0
1782		0
1783		0
1784		0
1785		0
1786		0
1787		0
1788		0
1789		0
1790		0
1791		0
1792		0
1793		0
1794		0
1795		0
1796		0
1797		0
1798		0
1799		0
1800		0
1801		0
1802		0
1803		0
1804		0
1805		0
1806		0
1807		0
1808		0
1809		0
1810		0
1811		0
1812		0
1813		0
1814		0
1815		0
1816		0
1817		0
1818		0
1819		0
1820		0
1821		0
1822		0
1823		0
1824		0
1825		0
1826		0
1827		0
1828		0
1829		0
1830		0
1831		0
1832		0
1833		0
1834		0
1835		0
1836		0
1837		0
1838		0
1839		0
1840		0
1841		0
1842		0
1843		0
1844		0
1845		0
1846		0
1847		0
1848		0
1849		0
1850		0
1851		0
1852		0
1853		0
1854		0
1855		0
1856		0
1857		0
1858		0
1859		0
1860		0
1861		0
1862		0
1863		0
1864		0
1865		0
1866		0
1867		0
1868		0
1869		0
1870		0
1871		0
1872		0
1873		0
1874		0
1875		0
1876		0
1877		0
1878		0
1879		0
1880		0
1881		0
1882		0
1883		0
1884		0
1885		0
1886		0
1887		0
1888		0
1889		0
1890		0
1891		0
1892		0
1893		0
1894		0
1895		0
1896		0
1897		0
1898		0
1899		0
1900		0
1901		0
1902		0
1903		0
1904		0
1905		0
1906		0
1907		0
1908		0
1909		0
1910		0
1911		0
1912		0
1913		0
1914		0
1915		0
1916		0
1917		0
1918		0
1919		0
1920		0
1921		0
1922		0
1923		0
1924		0
1925		0
1926		0
1927		0
1928		0
1929		0
1930		0
1931		0
1932		0
1933		0
1934		0
1935		0
1936		0
1937		0
1938		0
1939		0
1940		0
1941		0
1942		0
1943		0
1944		0
1945		0
1946		0
1947		0
1948		0
1949		0
1950		0
1951		0
1952		0
1953		0
1954		0
1955		0
1956		0
1957		0
1958		0
1959		0
1960		0
1961		0
1962		0
1963		0
1964		0
1965		0
1966		0
1967		0
1968		0
1969		0
1970		0
1971		0
1972		0
1973		0
1974		0
1975		0
1976		0
1977		0
1978		0
1979		0
1980		0
1981		0
1982		0
1983		0
1984		0
1985		0
1986		0
1987		0
1988		0
1989		0
1990		0
1991		0
1992		0
1993		0
1994		0
1995		0
1996		0
1997		0
1998		0
1999		0
2000		0
2001		0
2002		0
2003		0
2004		0
2005		0
2006		0
2007		0
2008		0
2009		0
2010		0
2011		0
2012		0
2013		0
2014		0
2015		0
2016		0
2017		0
2018		0
2019		0
2020		0
2021		0
2022		0
2023		0
2024		0
2025		0
2026		0
2027		0
2028		0
2029		0
2030		0
2031		0
2032		0
2033		0
2034		0
2035		0
2036		0
2037		0
2038		0
2039		0
2040		0
2041		0
2042		0
2043		0
2044		0
2045		0
2046		0
2047		0
2048		0
2049		0
2050		0
2051		0
2052		0
2053		0
2054		0
2055		0
2056		0
2057		0
2058		0
2059		0
2060		0
2061		0
2062		0
2063		0
2064		0
2065		0
2066		0
2067		0
2068		0
2069		0
2070		0
2071		0
2072		0
2073		0
2074		0
2075		0
2076		0
2077		0
2078		0
2079		0
2080		0
2081		0
2082		0
2083		0
2084		0
2085		0
2086		0
2087		0
2088		0
2089		0
2090		0
2091		0
2092		0
2093		0
2094		0
2095		0
2096		0
2097		0
2098		0
2099		0
2100		0
2101		0
2102		0
2103		0
2104		0
2105		0
2106		0
2107		0
2108		0
2109		0
2110		0
2111		0
2112		0
2113		0
2114		0
2115		0
2116		0
2117		0
2118		0
2119		0
2120		0
2121		0
2122		0
2123		0
2124		0
2125		0
2126		0
2127		0
2128		0
2129		0
2130		0
2131		0
2132		0
2133		0
2134		0
2135		0
2136		0
2137		0
2138		0
2139		0
2140		0
2141		0
2142		0
2143		0
2144		0
2145		0
2146		0
2147		0
2148		0
2149		0
2150		0
2151		0
2152		0
2153		0
2154		0
2155		0
2156		0
2157		0
2158		0
2159		0
2160		0
2161		0
2162		0
2163		0
2164		0
2165		0
2166		0
2167		0
2168		0
2169		0
2170		0
2171		0
2172		0
2173		0
2174		0
2175		0
2176		0
2177		0
2178		0
2179		0
2180		0
2181		0
2182		0
2183		0
2184		0
2185		0
2186		0
2187		0
2188		0
2189		0
2190		0
2191		0
2192		0
2193		0
2194		0
2195		0
2196		0
2197		0
2198		0
2199		0
2200		0
2201		0
2202		0
2203		0
2204		0
2205		0
2206		0
2207		0
2208		0
2209		0
2210		0
2211		0
2212		0
2213		0
2214		0
2215		0
2216		0
2217		0
2218		0
2219		0
2220		0
2221		0
2222		0
2223		0
2224		0
2225		0
2226		0
2227		0
2228		0
2229		0
2230		0
2231		0
2232		0
2233		0
2234		0
2235		0
2236		0
2237		0
2238		0
2239		0
2240		0
2241		0
2242		0
2243		0
2244		0
2245		0
2246		0
2247		0
2248		0
2249		0
2250		0
2251		0
2252		0
2253		0
2254		0
2255		0
2256		0
2257		0
2258		0
2259		0
2260		0
2261		0
2262		0
2263		0
2264		0
2265		0
2266		0
2267		0
2268		0
2269		0
2270		0
2271		0
2272		0
2273		0
2274		0
2275		0
2276		0
2277		0
2278		0
2279		0
2280		0
2281		0
2282		0
2283		0
2284		0
2285		0
2286		0
2287		0
2288		0
2289		0
2290		0
2291		0
2292		0
2293		0
2294		0
2295		0
2296		0
2297		0
2298		0
2299		0
2300		0
2301		0
2302		0
2303		0
2304		0
2305		0
2306		0
2307		0
2308		0
2309		0
2310		0
2311		0
2312		0
2313		0
2314		0
2315		0
2316		0
2317		0
2318		0
2319		0
2320		0
2321		0
2322		0
2323		0
2324		0
2325		0
2326		0
2327		0
2328		0
2329		0
2330		0
2331		0
2332		0
2333		0
2334		0
2335		0
2336		0
2337		0
2338		0
2339		0
2340		0
2341		0
2342		0
2343		0
2344		0
2345		0
2346		0
2347		0
2348		0
2349		0
2350		0
2351		0
2352		0
2353		0
2354		0
2355		0
2356		0
2357		0
2358		0
2359		0
2360		0
2361		0
2362		0
2363		0
2364		0
2365		0
2366		0
2367		0
2368		0
2369		0
2370		0
2371		0
2372		0
2373		0
2374		0
2375		0
2376		0
2377		0
2378		0
2379		0
2380		0
2381		0
2382		0
2383		0
2384		0
2385		0
2386		0
2387		0
2388		0
2389		0
2390		0
2391		0
2392		0
2393		0
2394		0
2395		0
2396		0
2397		0
2398		0
2399		0
2400		0
2401		0
2402		0
2403		0
2404		0
2405		0
2406		0
2407		0
2408		0
2409		0
2410		0
2411		0
2412		0
2413		0
2414		0
2415		0
2416		0
2417		0
2418		0
2419		0
2420		0
2421		0
2422		0
2423		0
2424		0
2425		0
2426		0
2427		0
2428		0
2429		0
2430		0
2431		0
2432		0
2433		0
2434		0
2435		0
2436		0
2437		0
2438		0
2439		0
2440		0
2441		0
2442		0
2443		0
2444		0
2445		0
2446		0
2447		0
2448		0
2449		0
2450		0
2451		0
2452		0
2453		0
2454		0
2455		0
2456		0
2457		0
2458		0
2459		0
2460		0
2461		0
2462		0
2463		0
2464		0
2465		0
2466		0
2467		0
2468		0
2469		0
2470		0
2471		0
2472		0
2473		0
2474		0
2475		0
2476		0
2477		0
2478		0
2479		0
2480		0
2481		0
2482		0
2483		0
2484		0
2485		0
2486		0
2487		0
2488		0
2489		0
2490		0
2491		0
2492		0
2493		0
2494		0
2495		0
2496		0
2497		0
2498		0
2499		0
2500		0
2501		0
2502		0
2503		0
2504		0
2505		0
2506		0
2507		0
2508		0
2509		0
2510		0
2511		0
2512		0
2513		0
2514		0
2515		0
2516		0
2517		0
2518		0
2519		0
2520		0
2521		0
2522		0
2523		0
2524		0
2525		0
2526		0
2527		0
2528		0
2529		0
2530		0
2531		0
2532		0
2533		0
2534		0
2535		0
2536		0
2537		0
2538		0
2539		0
2540		0
2541		0
2542		0
2543		0
2544		0
2545		0
2546		0
2547		0
2548		0
2549		0
2550		0
2551		0
2552		0
2553		0
2554		0
2555		0
2556		0
2557		0
2558		0
2559		0
2560		0
2561		0
2562		0
2563		0
2564		0
2565		0
2566		0
2567		0
2568		0
2569		0
2570		0
2571		0
2572		0
2573		0
2574		0
2575		0
2576		0
2577		0
2578		0
2579		0
2580		0
2581		0
2582		0
2583		0
2584		0
2585		0
2586		0
2587		0
2588		0
2589		0
2590		0
2591		0
2592		0
2593		0
2594		0
2595		0
2596		0
2597		0
2598		0
2599		0
2600		0
2601		0
2602		0
2603		0
2604		0
2605		0
2606		0
2607		0
2608		0
2609		0
2610		0
2611		0
2612		0
2613		0
2614		0
2615		0
2616		0
2617		0
2618		0
2619		0
2620		0
2621		0
2622		0
2623		0
2624		0
2625		0
2626		0
2627		0
2628		0
2629		0
2630		0
2631		0
2632		0
2633		0
2634		0
2635		0
2636		0
2637		0
2638		0
2639		0
2640		0
2641		0
2642		0
2643		0
2644		0
2645		0
2646		0
2647		0
2648		0
2649		0
2650		0
2651		0
2652		0
2653		0
2654		0
2655		0
2656		0
2657		0
2658		0
2659		0
2660		0
2661		0
2662		0
2663		0
2664		0
2665		0
2666		0
2667		0
2668		0
2669		0
2670		0
2671		0
2672		0
2673		0
2674		0
2675		0
2676		0
2677		0
2678		0
2679		0
2680		0
2681		0
2682		0
2683		0
2684		0
2685		0
2686		0
2687		0
2688		0
2689		0
2690		0
2691		0
2692		0
2693		0
2694		0
2695		0
2696		0
2697		0
2698		0
2699		0
2700		0
2701		0
2702		0
2703		0
2704		0
2705		0
2706		0
2707		0
2708		0
2709		0
2710		0
2711		0
2712		0
2713		0
2714		0
2715		0
2716		0
2717		0
2718		0
2719		0
2720		0
2721		0
2722		0
2723		0
2724		0
2725		0
2726		0
2727		0
2728		0
2729		0
2730		0
2731		0
2732		0
2733		0
2734		0
2735		0
2736		0
2737		0
2738		0
2739		0
2740		0
2741		0
2742		0
2743		0
2744		0
2745		0
2746		0
2747		0
2748		0
2749		0
2750		0
2751		0
2752		0
2753		0
2754		0
2755		0
2756		0
2757		0
2758		0
2759		0
2760		0
2761		0
2762		0
2763		0
2764		0
2765		0
2766		0
2767		0
2768		0
2769		0
2770		0
2771		0
2772		0
2773		0
2774		0
2775		0
2776		0
2777		0
2778		0
2779		0
2780		0
2781		0
2782		0
2783		0
2784		0
2785		0
2786		0
2787		0
2788		0
2789		0
2790		0
2791		0
2792		0
2793		0
2794		0
2795		0
2796		0
2797		0
2798		0
2799		0
2800		0
2801		0
2802		0
2803		0
2804		0
2805		0
2806		0
2807		0
2808		0
2809		0
2810		0
2811		0
2812		0
2813		0
2814		0
2815		0
2816		0
2817		0
2818		0
2819		0
2820		0
2821		0
2822		0
2823		0
2824		0
2825		0
2826		0
2827		0
2828		0
2829		0
2830		0
2831		0
2832		0
2833		0
2834		0
2835		0
2836		0
2837		0
2838		0
2839		0
2840		0
2841		0
2842		0
2843		0
2844		0
2845		0
2846		0
2847		0
2848		0
2849		0
2850		0
2851		0
2852		0
2853		0
2854		0
2855		0
2856		0
2857		0
2858		0
2859		0
2860		0
2861		0
2862		0
2863		0
2864		0
2865		0
2866		0
2867		0
2868		0
2869		0
2870		0
2871		0
2872		0
2873		0
2874		0
2875		0
2876		0
2877		0
2878		0
2879		0
2880		0
2881		0
2882		0
2883		0
2884		0
2885		0
2886		0
2887		0
2888		0
2889		0
2890		0
2891		0
2892		0
2893		0
2894		0
2895		0
2896		0
2897		0
2898		0
2899		0
2900		0
2901		0
2902		0
2903		0
2904		0
2905		0
2906		0
2907		0
2908		0
2909		0
2910		0
2911		0
2912		0
2913		0
2914		0
2915		0
2916		0
2917		0
2918		0
2919		0
2920		0
2921		0
2922		0
2923		0
2924		0
2925		0
2926		0
2927		0
2928		0
2929		0
2930		0
2931		0
2932		0
2933		0
2934		0
2935		0
2936		0
2937		0
2938		0
2939		0
2940		0
2941		0
2942		0
2943		0
2944		0
2945		0
2946		0
2947		0
2948		0
2949		0
2950		0
2951		0
2952		0
2953		0
2954		0
2955		0
2956		0
2957		0
2958		0
2959		0
2960		0
2961		0
2962		0
2963		0
2964		0
2965		0
2966		0
2967		0
2968		0
2969		0
2970		0
2971		0
2972		0
2973		0
2974		0
2975		0
2976		0
2977		0
2978		0
2979		0
2980		0
2981		0
2982		0
2983		0
2984		0
2985		0
2986		0
2987		0
2988		0
2989		0
2990		0
2991		0
2992		0
2993		0
2994		0
2995		0
2996		0
2997		0
2998		0
2999		0
3000		0
