#Simcount		average latency
1		0
2		0
3		0
4		0
5		0
6		0
7		0
8		0
9		0
10		0
11		0
12		0
13		0
14		0
15		0
16		0
17		0
18		0
19		0
20		0
21		0
22		0
23		0
24		0
25		0
26		0
27		0
28		0
29		0
30		0
31		0
32		0
33		0
34		0
35		0
36		0
37		0
38		0
39		0
40		0
41		0
42		0
43		0
44		0
45		0
46		0
47		0
48		0
49		0
50		0
51		0
52		0
53		0
54		0
55		0
56		0
57		0
58		0
59		0
60		0
61		0
62		0
63		2
64		0
65		2
66		3
67		0
68		0
69		0
70		4.8
71		0
72		0
73		0
74		4
75		5
76		0
77		7
78		0
79		4.5
80		0
81		0
82		7.5
83		4
84		6
85		0
86		0
87		5
88		4.5
89		7
90		0
91		7
92		4
93		5
94		7
95		0
96		7
97		4.5
98		5.5
99		0
100		0
101		4
102		5
103		2.5
104		3
105		4
106		3.25
107		3.66667
108		0
109		7
110		5
111		4.33333
112		6
113		0
114		0
115		0
116		5.33333
117		7
118		16.5
119		7
120		4
121		5
122		0
123		5.66667
124		0
125		9.33333
126		7
127		0
128		0
129		4
130		6.5
131		14
132		7
133		0
134		4.33333
135		0
136		0
137		7
138		4
139		13.6667
140		0
141		0
142		0
143		2.45455
144		8.75
145		2.33333
146		4.33333
147		4
148		5
149		5
150		0
151		6.33333
152		10
153		5
154		0
155		0
156		4
157		9
158		7
159		0
160		7
161		4.5
162		4
163		0
164		0
165		9.75
166		4.5
167		7
168		0
169		0
170		9
171		5
172		7
173		0
174		5.5
175		4.5
176		0
177		0
178		21
179		5.75
180		5
181		7
182		0
183		5
184		3.66667
185		2.2
186		6.33333
187		4.33333
188		4.5
189		0
190		4
191		8.5
192		4
193		5.75
194		7
195		0
196		0
197		4.5
198		5
199		13
200		7
201		5
202		5
203		0
204		18
205		6
206		4
207		7
208		7
209		6
210		0
211		5
212		21
213		0
214		6
215		6
216		0
217		13
218		4
219		0
220		5
221		7
222		6.33333
223		2.75
224		3.5
225		8.66667
226		3
227		3
228		7
229		5.6
230		18
231		5
232		5
233		4
234		0
235		7
236		6
237		0
238		11
239		0
240		0
241		9
242		5
243		10.6667
244		3
245		4
246		0
247		5
248		0
249		6
250		6.75
251		12.5
252		0
253		0
254		4
255		9.5
256		10
257		7
258		0
259		5
260		4
261		0
262		9.5
263		3.66667
264		21
265		3
266		5.5
267		3
268		4
269		18
270		8.33333
271		6
272		0
273		7
274		5.5
275		9.8
276		3.5
277		7
278		0
279		5
280		5.5
281		4
282		7
283		21
284		0
285		5
286		7
287		7
288		18
289		12.75
290		4
291		0
292		0
293		0
294		14
295		0
296		11.6667
297		0
298		6
299		0
300		0
301		12.5
302		21
303		4.66667
304		0
305		2.5
306		3
307		6.75
308		7
309		21
310		7
311		0
312		5
313		2.5
314		11
315		21
316		4
317		7
318		0
319		0
320		18
321		4
322		14.3333
323		0
324		5
325		4
326		0
327		11.5
328		10.6667
329		0
330		11
331		7
332		4
333		18
334		5.5
335		19.5
336		0
337		5
338		5.5
339		5
340		18
341		12.5
342		0
343		7.25
344		0
345		4
346		10.3333
347		3
348		14.6667
349		0
350		4
351		5
352		5.5
353		10.5
354		21
355		5
356		21
357		5
358		7
359		9.66667
360		0
361		11.25
362		4
363		0
364		5
365		0
366		10
367		21
368		4
369		21
370		6
371		0
372		18
373		6
374		19.5
375		5
376		0
377		4
378		0
379		11
380		14
381		0
382		11
383		2
384		4
385		7.66667
386		4
387		10.4
388		0
389		0
390		0
391		6
392		18
393		13.5
394		7.5
395		9.66667
396		0
397		0
398		18
399		7
400		12.25
401		7
402		0
403		0
404		4
405		18
406		14
407		0
408		14
409		5
410		4
411		18
412		0
413		11.75
414		0
415		7
416		0
417		0
418		9
419		21
420		0
421		21
422		5
423		5
424		10.5
425		3
426		19.5
427		5
428		0
429		4.5
430		7
431		8.66667
432		13.5
433		3
434		4
435		0
436		5.66667
437		18
438		6
439		21
440		4
441		0
442		8
443		7
444		18
445		10.3333
446		33
447		5
448		0
449		4
450		12.5
451		30
452		21
453		0
454		5.66667
455		0
456		0
457		12.5
458		8.25
459		21
460		0
461		0
462		0
463		9.33333
464		12.5
465		21
466		8
467		4
468		0
469		2
470		18
471		11
472		10.3333
473		3
474		0
475		0
476		8.66667
477		18
478		11.6667
479		0
480		0
481		5
482		4
483		18
484		21
485		9
486		0
487		0
488		0
489		18
490		9
491		21
492		7
493		0
494		4
495		5
496		18
497		21
498		21
499		5.66667
500		0
501		0
502		12.5
503		8.66667
504		21
505		0
506		5.5
507		0
508		5
509		10
510		21
511		21
512		4
513		5
514		8
515		18
516		18
517		10.3333
518		0
519		5
520		7
521		4
522		12
523		21
524		0
525		0
526		5.66667
527		7
528		12
529		0
530		8.25
531		0
532		0
533		0
534		7
535		9.33333
536		27
537		0
538		8
539		4
540		0
541		18.3333
542		0
543		13
544		5
545		0
546		0
547		0
548		8.25
549		14.6667
550		7
551		0
552		0
553		4.33333
554		13.3333
555		7
556		21
557		4
558		0
559		0
560		0
561		18
562		11.1667
563		0
564		0
565		0
566		4
567		13.6667
568		0
569		14
570		0
571		5
572		0
573		0
574		12.5
575		12.5
576		7
577		0
578		4
579		0
580		11.5
581		0
582		21
583		7
584		4
585		0
586		8
587		18
588		21
589		5
590		7
591		5
592		0
593		9.4
594		0
595		21
596		0
597		7
598		5.66667
599		0
600		18
601		21
602		4
603		0
604		7
605		0
606		18
607		5
608		21
609		0
610		8
611		5
612		6
613		18
614		21
615		5
616		5
617		0
618		6.5
619		18
620		4
621		21
622		7
623		0
624		0
625		5.66667
626		18.3333
627		21
628		0
629		4
630		0
631		30
632		12.5
633		3
634		9.75
635		0
636		0
637		0
638		4
639		12.75
640		21
641		0
642		0
643		5
644		18
645		18
646		7
647		9.66667
648		0
649		0
650		4
651		0
652		12.25
653		14
654		0
655		0
656		4
657		18
658		13
659		0
660		14
661		5
662		0
663		5
664		0
665		11.75
666		21
667		7
668		0
669		0
670		8.75
671		18
672		0
673		21
674		4.75
675		2
676		0
677		0
678		19.5
679		10.3333
680		0
681		7
682		8
683		8.66667
684		18
685		0
686		21
687		5
688		5.66667
689		0
690		0
691		19.5
692		9.66667
693		0
694		7
695		7
696		18
697		9.33333
698		4
699		21
700		0
701		4
702		6.5
703		0
704		18
705		21
706		6
707		0
708		6
709		7
710		8.66667
711		5
712		21
713		0
714		0
715		5
716		20
717		10.5
718		14
719		4
720		0
721		30
722		4
723		12.5
724		5
725		21
726		0
727		0
728		4
729		21
730		11
731		21
732		0
733		5
734		18
735		5
736		18
737		5
738		21
739		0
740		0
741		0
742		9.5
743		18
744		14
745		0
746		4
747		18
748		0
749		18
750		0
751		9.5
752		0
753		0
754		8
755		9.66667
756		18
757		12
758		7
759		5
760		9.33333
761		0
762		18
763		0
764		9.66667
765		7
766		7
767		0
768		21
769		9.33333
770		12.5
771		0
772		7
773		8.66667
774		0
775		18
776		0
777		21
778		6
779		7
780		0
781		21
782		8.66667
783		13
784		0
785		0
786		12.5
787		5
788		18
789		0
790		14
791		4
792		6
793		7
794		4
795		18
796		10.3333
797		3
798		6
799		0
800		5
801		18
802		8
803		21
804		0
805		5
806		33
807		6
808		18
809		9.66667
810		0
811		30
812		0
813		0
814		8.4
815		0
816		21
817		0
818		4
819		21
820		0
821		12.5
822		21
823		5
824		18
825		0
826		8
827		8.66667
828		7
829		21
830		0
831		5
832		10.3333
833		0
834		18
835		14
836		4
837		10.5
838		7
839		0
840		18
841		5
842		10.6667
843		0
844		0
845		9.66667
846		0
847		18
848		21
849		7
850		9
851		0
852		0
853		18
854		4
855		13
856		7
857		0
858		21
859		5
860		18
861		21
862		7
863		8.25
864		0
865		0
866		11
867		0
868		10.3333
869		0
870		7
871		21
872		4
873		18
874		14.5
875		0
876		18
877		5
878		0
879		11.5
880		0
881		9.66667
882		6
883		0
884		7
885		0
886		8.75
887		21
888		6
889		0
890		4
891		7
892		18
893		0
894		21
895		5
896		33
897		0
898		7.5
899		8.66667
900		21
901		30
902		0
903		5
904		5
905		12.5
906		0
907		21
908		4
909		21
910		7
911		0
912		12.5
913		10.3333
914		11
915		0
916		0
917		4
918		18
919		7
920		21
921		0
922		9.75
923		0
924		0
925		18
926		9
927		11.5
928		0
929		0
930		0
931		9.33333
932		0
933		14
934		7
935		9.66667
936		0
937		0
938		11
939		21
940		8.75
941		0
942		0
943		0
944		8.66667
945		0
946		14.5
947		7
948		21
949		5
950		0
951		11.5
952		21
953		8.66667
954		7
955		0
956		0
957		18
958		5.66667
959		21
960		0
961		14
962		4
963		0
964		18
965		21
966		18
967		5
968		7
969		0
970		13
971		4
972		13.5
973		0
974		0
975		6
976		5
977		18
978		13.5
979		0
980		4
981		0
982		7
983		18
984		0
985		10.3333
986		18.5
987		0
988		0
989		5
990		18
991		25.5
992		0
993		0
994		6
995		0
996		12.5
997		0
998		9.66667
999		13
1000		0
1001		0
1002		0
1003		8.75
1004		19.5
1005		0
1006		7
1007		4
1008		0
1009		18
1010		5.5
1011		21
1012		10.3333
1013		0
1014		0
1015		0
1016		8.66667
1017		15.3333
1018		8
1019		0
1020		0
1021		5
1022		18
1023		5
1024		14
1025		9.66667
1026		0
1027		0
1028		0
1029		18
1030		11.2
1031		7
1032		0
1033		0
1034		4
1035		18
1036		0
1037		21
1038		14
1039		5
1040		0
1041		0
1042		13
1043		11.75
1044		0
1045		7
1046		0
1047		5
1048		9.33333
1049		0
1050		21
1051		21
1052		5
1053		0
1054		7
1055		18
1056		19.5
1057		5
1058		4
1059		7
1060		0
1061		8.66667
1062		6
1063		21
1064		0
1065		0
1066		6.25
1067		0
1068		12
1069		21
1070		4
1071		5
1072		0
1073		7
1074		18
1075		5
1076		27
1077		0
1078		7
1079		4
1080		7
1081		24
1082		12.5
1083		0
1084		5
1085		0
1086		0
1087		12.5
1088		4
1089		21
1090		8
1091		0
1092		0
1093		5
1094		14.3333
1095		13
1096		0
1097		4
1098		0
1099		0
1100		18
1101		7
1102		11.8
1103		0
1104		0
1105		0
1106		4
1107		18
1108		14
1109		0
1110		0
1111		5
1112		0
1113		18
1114		8
1115		11.4
1116		0
1117		0
1118		0
1119		5
1120		11.5
1121		21
1122		7
1123		0
1124		4
1125		0
1126		12.5
1127		0
1128		21
1129		5.66667
1130		4
1131		0
1132		0
1133		11
1134		21
1135		0
1136		7
1137		0
1138		6
1139		18
1140		0
1141		21
1142		4
1143		6
1144		0
1145		0
1146		18
1147		10.3333
1148		0
1149		0
1150		7
1151		4
1152		12
1153		0
1154		12.5
1155		0
1156		5
1157		7
1158		6
1159		18
1160		9.66667
1161		0
1162		8
1163		0
1164		7
1165		9.33333
1166		33
1167		13
1168		0
1169		4
1170		0
1171		18.5
1172		18
1173		21
1174		5.66667
1175		0
1176		0
1177		0
1178		7.4
1179		21
1180		21
1181		0
1182		0
1183		5
1184		18
1185		12.5
1186		14.5
1187		4
1188		0
1189		0
1190		0
1191		11.5
1192		9.5
1193		21
1194		0
1195		0
1196		4
1197		18
1198		12.5
1199		14
1200		0
1201		5
1202		4
1203		0
1204		18
1205		9.66667
1206		14
1207		0
1208		0
1209		0
1210		9
1211		18
1212		21
1213		7
1214		4
1215		5
1216		0
1217		18
1218		21
1219		10.3333
1220		7
1221		0
1222		7
1223		8.66667
1224		18
1225		21
1226		4
1227		7
1228		5
1229		0
1230		18
1231		21
1232		9.66667
1233		0
1234		7.5
1235		0
1236		18
1237		9.33333
1238		21
1239		5
1240		0
1241		5
1242		6
1243		18
1244		0
1245		21
1246		5.66667
1247		0
1248		6.5
1249		0
1250		7.5
1251		21
1252		0
1253		0
1254		0
1255		5.66667
1256		25.5
1257		0
1258		14.5
1259		4
1260		0
1261		30
1262		7
1263		11.5
1264		10.3333
1265		0
1266		0
1267		0
1268		4
1269		15.3333
1270		7
1271		21
1272		0
1273		5
1274		11
1275		0
1276		12.5
1277		9.66667
1278		0
1279		0
1280		0
1281		0
1282		11.4
1283		7
1284		21
1285		0
1286		4
1287		11.5
1288		0
1289		18
1290		14
1291		5
1292		0
1293		0
1294		7
1295		11.75
1296		0
1297		14
1298		4
1299		0
1300		9.33333
1301		0
1302		18
1303		21
1304		5
1305		0
1306		8
1307		0
1308		19.5
1309		5
1310		21
1311		6
1312		0
1313		8.66667
1314		0
1315		18
1316		21
1317		0
1318		6
1319		0
1320		0
1321		19.5
1322		4
1323		21
1324		0
1325		7
1326		18
1327		5
1328		18
1329		21
1330		8
1331		4
1332		6.5
1333		0
1334		18
1335		5
1336		10.3333
1337		0
1338		6
1339		7
1340		4
1341		18
1342		14
1343		0
1344		0
1345		5
1346		14.6667
1347		18
1348		0
1349		9.66667
1350		0
1351		30
1352		0
1353		7
1354		9
1355		21
1356		0
1357		0
1358		4
1359		13
1360		12.5
1361		0
1362		21
1363		5
1364		18
1365		0
1366		7
1367		8.25
1368		21
1369		0
1370		4
1371		0
1372		10.3333
1373		18
1374		7
1375		21
1376		4
1377		18
1378		8
1379		0
1380		18
1381		9.5
1382		0
1383		5
1384		0
1385		9.66667
1386		18
1387		0
1388		14
1389		0
1390		8.75
1391		0
1392		0
1393		18
1394		8.25
1395		7
1396		0
1397		0
1398		21
1399		9.33333
1400		0
1401		21
1402		7.5
1403		8.66667
1404		0
1405		0
1406		18
1407		13
1408		5
1409		7
1410		0
1411		21
1412		8.66667
1413		0
1414		14
1415		0
1416		12.5
1417		5
1418		4
1419		18
1420		21
1421		4
1422		6
1423		7
1424		0
1425		18
1426		6
1427		21
1428		6
1429		0
1430		5
1431		5
1432		18
1433		21
1434		0
1435		5
1436		33
1437		7
1438		12.5
1439		4
1440		21
1441		30
1442		4
1443		0
1444		5.66667
1445		18
1446		21
1447		0
1448		4
1449		21
1450		8
1451		12.5
1452		0
1453		10.3333
1454		18
1455		5
1456		0
1457		4
1458		12.5
1459		21
1460		0
1461		0
1462		9.5
1463		0
1464		18
1465		7
1466		8.25
1467		18
1468		0
1469		0
1470		0
1471		9.33333
1472		14
1473		0
1474		8
1475		9.66667
1476		0
1477		18
1478		0
1479		11
1480		9.33333
1481		0
1482		0
1483		0
1484		8.66667
1485		21
1486		7
1487		0
1488		21
1489		5
1490		11
1491		0
1492		21
1493		8.25
1494		0
1495		0
1496		0
1497		18
1498		9.75
1499		0
1500		7
1501		21
1502		4
1503		11.5
1504		0
1505		21
1506		18
1507		5.66667
1508		0
1509		0
1510		12.5
1511		9.66667
1512		6
1513		0
1514		5.5
1515		0
1516		9.33333
1517		0
1518		13.5
1519		0
1520		4
1521		7
1522		8
1523		18
1524		21
1525		5
1526		33
1527		5
1528		7
1529		8.66667
1530		0
1531		25.5
1532		0
1533		0
1534		5.66667
1535		7
1536		18
1537		21
1538		4
1539		21
1540		0
1541		0
1542		12.5
1543		5
1544		19.5
1545		0
1546		8
1547		4
1548		0
1549		12.5
1550		21
1551		5
1552		10.3333
1553		0
1554		0
1555		18
1556		5
1557		19.5
1558		7
1559		0
1560		0
1561		5
1562		11
1563		14
1564		0
1565		9.66667
1566		0
1567		0
1568		18
1569		0
1570		10.6667
1571		0
1572		0
1573		0
1574		4
1575		11.5
1576		21
1577		7
1578		21
1579		5
1580		0
1581		18
1582		7
1583		11.75
1584		7
1585		0
1586		4
1587		0
1588		9.33333
1589		21
1590		0
1591		14
1592		4
1593		0
1594		13
1595		0
1596		19.5
1597		5
1598		7
1599		5
1600		0
1601		8.66667
1602		13.5
1603		0
1604		0
1605		7
1606		5.66667
1607		18
1608		6
1609		21
1610		4
1611		0
1612		7
1613		0
1614		18
1615		10.3333
1616		33
1617		0
1618		8
1619		5
1620		18
1621		30
1622		21
1623		5
1624		5
1625		0
1626		7
1627		18
1628		9.66667
1629		21
1630		7
1631		0
1632		0
1633		8.75
1634		11
1635		21
1636		0
1637		4
1638		0
1639		0
1640		12.5
1641		21
1642		9.75
1643		0
1644		0
1645		0
1646		8.66667
1647		10
1648		21
1649		0
1650		0
1651		5
1652		0
1653		18
1654		11.6667
1655		9.66667
1656		0
1657		0
1658		4
1659		18
1660		9.33333
1661		14
1662		0
1663		0
1664		4
1665		0
1666		13
1667		21
1668		14
1669		5
1670		0
1671		5
1672		18
1673		8.66667
1674		21
1675		7
1676		0
1677		0
1678		5.66667
1679		18
1680		21
1681		21
1682		4.75
1683		0
1684		0
1685		18
1686		18
1687		10.3333
1688		0
1689		7
1690		8
1691		4
1692		12
1693		21
1694		0
1695		5
1696		5.66667
1697		0
1698		12
1699		0
1700		9.66667
1701		0
1702		7
1703		7
1704		0
1705		9.33333
1706		19.3333
1707		0
1708		0
1709		4
1710		7
1711		24
1712		0
1713		21
1714		6
1715		0
1716		0
1717		7
1718		8.66667
1719		15.6667
1720		0
1721		0
1722		0
1723		5
1724		14.3333
1725		0
1726		14
1727		4
1728		0
1729		0
1730		4
1731		12.5
1732		13
1733		0
1734		0
1735		0
1736		4
1737		18
1738		7.5
1739		21
1740		0
1741		5
1742		0
1743		5
1744		18
1745		11.4
1746		0
1747		0
1748		0
1749		0
1750		10.6
1751		0
1752		14
1753		0
1754		4
1755		0
1756		0
1757		18
1758		21
1759		5.66667
1760		0
1761		0
1762		8
1763		11
1764		0
1765		21
1766		7
1767		5
1768		5
1769		0
1770		18
1771		21
1772		4
1773		7
1774		7
1775		0
1776		18
1777		5
1778		12.5
1779		0
1780		7
1781		4
1782		6
1783		18
1784		21
1785		0
1786		6
1787		7
1788		6
1789		18
1790		4
1791		13
1792		0
1793		0
1794		7
1795		5
1796		25.5
1797		21
1798		7
1799		4
1800		0
1801		18.5
1802		11
1803		0
1804		10.3333
1805		0
1806		0
1807		0
1808		5
1809		19.5
1810		14.5
1811		0
1812		0
1813		5
1814		18
1815		10
1816		0
1817		9.66667
1818		0
1819		0
1820		0
1821		0
1822		10.5
1823		21
1824		0
1825		0
1826		4
1827		18
1828		18
1829		7
1830		21
1831		5
1832		0
1833		0
1834		8
1835		11.75
1836		14
1837		0
1838		0
1839		5
1840		9.33333
1841		18
1842		0
1843		14
1844		4
1845		0
1846		7
1847		0
1848		19.5
1849		10.3333
1850		5.5
1851		0
1852		0
1853		8.66667
1854		18
1855		0
1856		21
1857		7
1858		6
1859		0
1860		0
1861		19.5
1862		9.66667
1863		5
1864		7
1865		0
1866		18
1867		9.33333
1868		0
1869		21
1870		7
1871		5
1872		6
1873		0
1874		11
1875		21
1876		5
1877		0
1878		6.5
1879		0
1880		8.66667
1881		0
1882		14.5
1883		0
1884		0
1885		5.66667
1886		33
1887		11.5
1888		21
1889		4
1890		0
1891		30
1892		7
1893		18
1894		5.66667
1895		21
1896		0
1897		0
1898		4
1899		14
1900		18
1901		21
1902		0
1903		5
1904		18
1905		0
1906		11
1907		4
1908		21
1909		0
1910		0
1911		5
1912		10.3333
1913		12.5
1914		21
1915		0
1916		4
1917		18
1918		7
1919		18
1920		7
1921		10.3333
1922		4
1923		0
1924		0
1925		9.66667
1926		18
1927		14
1928		0
1929		0
1930		9
1931		0
1932		18
1933		0
1934		9
1935		5
1936		0
1937		0
1938		21
1939		9.33333
1940		21
1941		7
1942		7
1943		8.66667
1944		0
1945		18
1946		4
1947		21
1948		5.66667
1949		0
1950		0
1951		21
1952		8.66667
1953		21
1954		8
1955		7
1956		18
1957		5
1958		18
1959		5
1960		21
1961		4
1962		6.5
1963		0
1964		0
1965		18
1966		9.5
1967		0
1968		6
1969		7
1970		4
1971		18
1972		0
1973		21
1974		0
1975		5
1976		20
1977		0
1978		13
1979		9.66667
1980		0
1981		30
1982		0
1983		6
1984		9.33333
1985		0
1986		21
1987		0
1988		4
1989		21
1990		7
1991		18
1992		21
1993		5
1994		11
1995		0
1996		0
1997		8.25
1998		0
1999		21
2000		0
2001		0
2002		9.75
2003		0
2004		12.5
2005		21
2006		4
2007		11.5
2008		0
2009		0
2010		18
2011		5.66667
2012		21
2013		0
2014		7
2015		9.66667
2016		0
2017		18
2018		10.6667
2019		0
2020		9.33333
2021		0
2022		0
2023		18
2024		4
2025		14
2026		8
2027		0
2028		21
2029		5
2030		18
2031		13
2032		7
2033		8.66667
2034		0
2035		0
2036		18
2037		0
2038		9.5
2039		7
2040		0
2041		21
2042		4
2043		18
2044		21
2045		0
2046		12.5
2047		5
2048		0
2049		18
2050		8
2051		9.66667
2052		6
2053		7
2054		0
2055		5
2056		9.33333
2057		21
2058		6
2059		0
2060		5
2061		0
2062		12.5
2063		0
2064		21
2065		5
2066		18.5
2067		7
2068		0
2069		8.66667
2070		21
2071		30
2072		0
2073		0
2074		6.25
2075		18
2076		0
2077		21
2078		4
2079		13
2080		0
2081		7
2082		18
2083		10.3333
2084		18
2085		0
2086		7
2087		4
2088		12.5
2089		0
2090		12.5
2091		0
2092		10.3333
2093		0
2094		0
2095		12.5
2096		9.66667
2097		18
2098		8
2099		0
2100		0
2101		9.33333
2102		7
2103		13
2104		0
2105		9.66667
2106		0
2107		0
2108		18
2109		14
2110		8.75
2111		0
2112		0
2113		0
2114		7.5
2115		0
2116		14
2117		0
2118		21
2119		5
2120		0
2121		18
2122		14.5
2123		8.25
2124		0
2125		0
2126		0
2127		11.5
2128		5
2129		21
2130		7
2131		21
2132		4
2133		0
2134		12.5
2135		21
2136		18
2137		5.66667
2138		4
2139		0
2140		18
2141		4
2142		13.5
2143		0
2144		7
2145		0
2146		6
2147		18
2148		13.5
2149		0
2150		4
2151		6
2152		0
2153		18
2154		0
2155		10.3333
2156		33
2157		0
2158		7
2159		4
2160		18
2161		25.5
2162		4
2163		0
2164		5
2165		7
2166		18
2167		0
2168		9.66667
2169		21
2170		8
2171		0
2172		7
2173		9.33333
2174		19.5
2175		5
2176		0
2177		4
2178		0
2179		12.5
2180		0
2181		21
2182		9.5
2183		0
2184		0
2185		0
2186		7.4
2187		19.5
2188		0
2189		0
2190		0
2191		5
2192		18
2193		7
2194		14.5
2195		9.66667
2196		0
2197		0
2198		0
2199		11.5
2200		11.2
2201		0
2202		0
2203		0
2204		4
2205		18
2206		7
2207		14
2208		21
2209		5
2210		4
2211		0
2212		18
2213		11.75
2214		7
2215		0
2216		0
2217		0
2218		9
2219		0
2220		21
2221		14
2222		4
2223		5
2224		0
2225		18
2226		19.5
2227		5
2228		7
2229		0
2230		7
2231		8.66667
2232		6
2233		21
2234		4
2235		7
2236		5
2237		0
2238		12
2239		21
2240		4
2241		0
2242		7.5
2243		0
2244		18
2245		5
2246		27
2247		5
2248		0
2249		5
2250		0
2251		24
2252		21
2253		0
2254		5.66667
2255		0
2256		7
2257		18
2258		4
2259		21
2260		0
2261		0
2262		0
2263		5.66667
2264		18
2265		21
2266		8
2267		4
2268		0
2269		0
2270		12.5
2271		5
2272		13
2273		0
2274		0
2275		0
2276		4
2277		14.3333
2278		14
2279		0
2280		0
2281		5
2282		4
2283		18
2284		7
2285		12.5
2286		0
2287		0
2288		0
2289		0
2290		10.8
2291		14
2292		0
2293		0
2294		4
2295		5
2296		18
2297		0
2298		16.3333
2299		5
2300		0
2301		0
2302		7
2303		11
2304		21
2305		7
2306		4
2307		0
2308		5
2309		18
2310		0
2311		21
2312		5
2313		0
2314		8
2315		0
2316		18
2317		10.3333
2318		0
2319		6
2320		0
2321		4
2322		12
2323		0
2324		21
2325		0
2326		6
2327		0
2328		6
2329		18
2330		8.25
2331		0
2332		0
2333		7
2334		0
2335		9.33333
2336		33
2337		21
2338		8
2339		4
2340		7
2341		30
2342		18
2343		13
2344		5
2345		0
2346		0
2347		7
2348		8.66667
2349		21
2350		14
2351		0
2352		0
2353		5
2354		9.66667
2355		18
2356		21
2357		4
2358		0
2359		0
2360		0
2361		12.5
2362		9.75
2363		21
2364		0
2365		0
2366		4
2367		11.5
2368		12.5
2369		21
2370		0
2371		5
2372		0
2373		0
2374		12.5
2375		9
2376		21
2377		0
2378		4
2379		0
2380		9.33333
2381		18
2382		14
2383		0
2384		4
2385		0
2386		8
2387		18
2388		21
2389		9.5
2390		0
2391		5
2392		0
2393		8.66667
2394		18
2395		21
2396		7
2397		0
2398		5.66667
2399		0
2400		18
2401		21
2402		8.25
2403		7
2404		0
2405		0
2406		18
2407		9.33333
2408		21
2409		0
2410		7.5
2411		4
2412		6
2413		18
2414		0
2415		13
2416		5
2417		7
2418		6
2419		0
2420		8.66667
2421		21
2422		7
2423		0
2424		7
2425		5
2426		18.3333
2427		0
2428		21
2429		4
2430		0
2431		18.5
2432		0
2433		18
2434		9.75
2435		0
2436		0
2437		0
2438		5
2439		14.6667
2440		0
2441		21
2442		0
2443		5
2444		18
2445		7
2446		12.5
2447		9.66667
2448		0
2449		0
2450		4
2451		0
2452		11.2
2453		0
2454		21
2455		0
2456		4
2457		18
2458		8
2459		12.5
2460		21
2461		5
2462		0
2463		5
2464		0
2465		11.75
2466		7
2467		21
2468		0
2469		0
2470		8.75
2471		0
2472		18
2473		14
2474		4
2475		0
2476		0
2477		0
2478		19.5
2479		5
2480		14
2481		0
2482		8
2483		8.66667
2484		0
2485		18
2486		21
2487		6
2488		5
2489		0
2490		0
2491		19.5
2492		4
2493		21
2494		7
2495		0
2496		18
2497		5
2498		11
2499		21
2500		0
2501		5
2502		6
2503		0
2504		18
2505		0
2506		9.75
2507		0
2508		6.5
2509		0
2510		4
2511		11.5
2512		21
2513		0
2514		0
2515		5.66667
2516		33
2517		18
2518		7
2519		9.66667
2520		0
2521		30
2522		5.5
2523		0
2524		9.33333
2525		21
2526		0
2527		0
2528		4
2529		14
2530		13
2531		0
2532		21
2533		5
2534		18
2535		5
2536		7
2537		8.66667
2538		21
2539		0
2540		0
2541		0
2542		9.5
2543		12.5
2544		0
2545		21
2546		4
2547		18
2548		0
2549		0
2550		12.5
2551		10.3333
2552		0
2553		0
2554		8
2555		9.66667
2556		18
2557		7
2558		21
2559		5
2560		9.33333
2561		0
2562		0
2563		18
2564		9
2565		0
2566		7
2567		0
2568		21
2569		9.33333
2570		4
2571		14
2572		0
2573		8.66667
2574		0
2575		0
2576		18
2577		21
2578		6.25
2579		0
2580		0
2581		21
2582		8.66667
2583		5
2584		21
2585		7
2586		18
2587		5
2588		0
2589		18
2590		14
2591		4
2592		6.5
2593		0
2594		4
2595		18
2596		5
2597		21
2598		6
2599		7
2600		4
2601		0
2602		13
2603		21
2604		0
2605		5
2606		20
2607		5
2608		18
2609		4
2610		21
2611		30
2612		0
2613		7
2614		5.66667
2615		18
2616		21
2617		0
2618		4
2619		21
2620		7
2621		18
2622		0
2623		10.3333
2624		18
2625		0
2626		8
2627		5
2628		18
2629		21
2630		0
2631		5
2632		10.3333
2633		0
2634		12.5
2635		0
2636		9.66667
2637		18
2638		7
2639		0
2640		0
2641		8.75
2642		12.5
2643		0
2644		0
2645		9.66667
2646		0
2647		18
2648		7
2649		21
2650		9
2651		0
2652		0
2653		0
2654		8.66667
2655		11
2656		0
2657		0
2658		21
2659		5
2660		18
2661		0
2662		11.6667
2663		8.66667
2664		0
2665		0
2666		4
2667		18
2668		10.3333
2669		7
2670		0
2671		21
2672		4
2673		18
2674		8
2675		21
2676		12.5
2677		5
2678		0
2679		5
2680		18
2681		9.66667
2682		6
2683		7
2684		0
2685		0
2686		8.75
2687		0
2688		13.5
2689		0
2690		4.75
2691		0
2692		0
2693		18
2694		21
2695		5
2696		33
2697		7
2698		8
2699		8.66667
2700		0
2701		25.5
2702		0
2703		5
2704		5.66667
2705		0
2706		18
2707		21
2708		4
2709		21
2710		7
2711		7
2712		18
2713		5
2714		14.3333
2715		0
2716		0
2717		4
2718		7
2719		18
2720		21
2721		0
2722		9.75
2723		0
2724		0
2725		12.5
2726		4
2727		14.6667
2728		0
2729		0
2730		0
2731		5
2732		12.5
2733		21
2734		7
2735		9.66667
2736		0
2737		0
2738		11
2739		7
2740		12.25
2741		0
2742		0
2743		0
2744		4
2745		18
2746		12
2747		0
2748		21
2749		5
2750		0
2751		11.5
2752		0
2753		10.8
2754		0
2755		0
2756		0
2757		0
2758		8.75
2759		21
2760		7
2761		21
2762		4
2763		0
2764		18
2765		0
2766		19.5
2767		5.66667
2768		0
2769		0
2770		8
2771		8.66667
2772		13.5
2773		0
2774		7
2775		5
2776		5
2777		18
2778		6
2779		21
2780		4
2781		7
2782		7
2783		0
2784		18
2785		10.3333
2786		18.5
2787		0
2788		7
2789		4
2790		18
2791		30
2792		21
2793		0
2794		6
2795		7
2796		0
2797		18
2798		9.66667
2799		13
2800		0
2801		0
2802		7
2803		9.33333
2804		18
2805		21
2806		7
2807		4
2808		0
2809		7
2810		11
2811		21
2812		10.3333
2813		0
2814		0
2815		0
2816		8.25
2817		18
2818		14.5
2819		0
2820		0
2821		5
2822		0
2823		10
2824		21
2825		9.66667
2826		0
2827		0
2828		0
2829		18
2830		8.4
2831		21
2832		0
2833		0
2834		4
2835		0
2836		18
2837		14
2838		21
2839		5
2840		0
2841		0
2842		13
2843		8.66667
2844		14
2845		0
2846		0
2847		5
2848		5
2849		18
2850		21
2851		14
2852		4
2853		0
2854		7
2855		18
2856		18
2857		10.3333
2858		5.5
2859		0
2860		0
2861		4
2862		12
2863		21
2864		0
2865		7
2866		6
2867		0
2868		12
2869		0
2870		9.66667
2871		5
2872		7
2873		0
2874		0
2875		9.33333
2876		27
2877		0
2878		7
2879		5
2880		0
2881		24
2882		4
2883		21
2884		5
2885		0
2886		7
2887		0
2888		8.66667
2889		21
2890		8
2891		0
2892		0
2893		5.66667
2894		18
2895		5
2896		21
2897		4
2898		0
2899		0
2900		7
2901		18
2902		11.8
2903		0
2904		0
2905		0
2906		4
2907		14.3333
2908		0
2909		21
2910		0
2911		5
2912		0
2913		0
2914		11
2915		12.5
2916		0
2917		0
2918		0
2919		5
2920		11.5
2921		7
2922		21
2923		0
2924		4
2925		0
2926		7
2927		18
2928		16.3333
2929		5
2930		4
2931		0
2932		0
2933		11
2934		0
2935		14
2936		0
2937		0
2938		6
2939		0
2940		18
2941		21
2942		5
2943		5
2944		0
2945		0
2946		18
2947		5
2948		21
2949		7
2950		7
2951		4
2952		6
2953		18
2954		12.5
2955		0
2956		5.66667
2957		0
2958		6
2959		18
2960		4
2961		21
2962		8
2963		7
2964		0
2965		5
2966		25.5
2967		13
2968		0
2969		4
2970		7
2971		30
2972		18
2973		0
2974		9.5
2975		0
2976		0
2977		7
2978		4
2979		19.5
2980		21
2981		0
2982		0
2983		5
2984		12.5
2985		18
2986		8
2987		9.66667
2988		0
2989		0
2990		0
2991		6
2992		12.25
2993		21
2994		0
2995		0
2996		4
2997		18
2998		10.6667
2999		0
3000		21
3001		5
3002		4
3003		0
3004		0
3005		10.8
3006		21
3007		0
3008		0
3009		0
3010		9
3011		18
3012		7
3013		21
3014		4
3015		5
3016		0
3017		0
3018		19.5
3019		9.5
3020		0
3021		0
3022		7
3023		8.66667
3024		18
3025		0
3026		10.6667
3027		0
3028		5
3029		0
3030		0
3031		19.5
3032		9.66667
3033		7
3034		8
3035		0
3036		18
3037		9.33333
3038		0
3039		13
3040		7
3041		4
3042		6
3043		0
3044		18
3045		21
3046		5.66667
3047		7
3048		6
3049		0
3050		7.5
3051		0
3052		21
3053		0
3054		7
3055		5
3056		33
3057		18
3058		14.5
3059		4
3060		0
3061		18.5
3062		0
3063		11.5
3064		5
3065		21
3066		0
3067		0
3068		5
3069		21
3070		12.5
3071		21
3072		0
3073		5
3074		11
3075		7
3076		18
3077		4
3078		21
3079		0
3080		0
3081		0
3082		9.2
3083		18
3084		21
3085		0
3086		4
3087		11.5
3088		0
3089		12.5
3090		0
3091		10.3333
3092		0
3093		0
3094		7
3095		9.66667
3096		12.5
3097		21
3098		4
3099		0
3100		9.33333
3101		0
3102		18
3103		7
3104		9.66667
3105		0
3106		8
3107		0
3108		21
3109		9.33333
3110		14
3111		5
3112		0
3113		8.66667
3114		0
3115		18
3116		0
3117		14
3118		5.66667
3119		0
3120		0
3121		21
3122		7.5
3123		21
3124		7
3125		0
3126		18
3127		5
3128		18
3129		0
3130		14.5
3131		5
3132		6
3133		0
3134		0
3135		11.5
3136		10.3333
3137		0
3138		6.5
3139		0
3140		4
3141		18
3142		7
3143		21
3144		0
3145		5.66667
3146		18.5
3147		0
3148		18
3149		9.66667
3150		0
3151		30
3152		7
3153		0
3154		9
3155		0
3156		21
3157		0
3158		4
3159		11
3160		0
3161		18
3162		21
3163		5
3164		18
3165		0
3166		7
3167		8.66667
3168		0
3169		21
3170		4
3171		0
3172		10.3333
3173		7
3174		18
3175		21
3176		4
3177		18
3178		8
3179		0
3180		12.5
3181		5
3182		21
3183		5
3184		0
3185		9.66667
3186		0
3187		12.5
3188		21
3189		0
3190		8.75
3191		0
3192		0
3193		18
3194		4.75
3195		21
3196		0
3197		0
3198		21
3199		5
3200		18
3201		14
3202		8
3203		8.66667
3204		0
3205		0
3206		18
3207		5
3208		9.5
3209		0
3210		0
3211		21
3212		4
3213		18
3214		14
3215		7
3216		18
3217		5
3218		4
3219		18
3220		0
3221		9.66667
3222		6.5
3223		0
3224		0
3225		0
3226		9
3227		21
3228		6
3229		7
3230		4
3231		5
3232		18
3233		0
3234		21
3235		5
3236		20
3237		0
3238		7
3239		8.66667
3240		21
3241		30
3242		4
3243		7
3244		5
3245		18
3246		0
3247		21
3248		4
3249		21
3250		7.5
3251		0
3252		18
3253		10.3333
3254		18
3255		5
3256		0
3257		5
3258		18
3259		0
3260		21
3261		0
3262		9.5
3263		0
3264		7
3265		18
3266		8.25
3267		18
3268		0
3269		0
3270		0
3271		8.75
3272		0
3273		21
3274		8
3275		9.66667
3276		0
3277		0
3278		12.5
3279		13
3280		9.33333
3281		0
3282		0
3283		0
3284		8.66667
3285		7
3286		14
3287		0
3288		21
3289		5
3290		4
3291		18
3292		14
3293		8.66667
3294		0
3295		0
3296		0
3297		18
3298		6
3299		14
3300		0
3301		21
3302		4
3303		5
3304		18
3305		21
3306		12.5
3307		5
3308		0
3309		0
3310		12.5
3311		4
3312		13.5
3313		7
3314		4
3315		0
3316		5
3317		18
3318		13.5
3319		0
3320		5
3321		0
3322		8
3323		18
3324		0
3325		10.3333
3326		33
3327		6
3328		0
3329		4
3330		18
3331		25.5
3332		0
3333		0
3334		6
3335		0
3336		18
3337		0
3338		8.25
3339		21
3340		0
3341		7
3342		0
3343		9.33333
3344		19.5
3345		0
3346		8
3347		4
3348		7
3349		18
3350		0
3351		13
3352		10.3333
3353		0
3354		0
3355		7
3356		8.66667
3357		19.5
3358		7
3359		0
3360		0
3361		5
3362		9.66667
3363		0
3364		21
3365		9.66667
3366		0
3367		0
3368		0
3369		12.5
3370		11.4
3371		0
3372		0
3373		0
3374		4
3375		11.5
3376		7
3377		21
3378		21
3379		5
3380		0
3381		0
3382		12.5
3383		10.8
3384		0
3385		0
3386		4
3387		0
3388		9.33333
3389		0
3390		14
3391		21
3392		4
3393		0
3394		8
3395		18
3396		19.5
3397		5.66667
3398		0
3399		5
3400		0
3401		8.66667
3402		6
3403		21
3404		7
3405		0
3406		5.66667
3407		0
3408		12
3409		21
3410		4
3411		7
3412		0
3413		0
3414		18
3415		5
3416		27
3417		0
3418		7.5
3419		4
3420		0
3421		24
3422		21
3423		5
3424		5
3425		7
3426		0
3427		18
3428		4
3429		21
3430		7
3431		0
3432		7
3433		5
3434		13.3333
3435		21
3436		0
3437		4
3438		0
3439		7
3440		18
3441		0
3442		12
3443		0
3444		0
3445		0
3446		5
3447		13.6667
3448		21
3449		0
3450		0
3451		5
3452		0
3453		12.5
3454		7
3455		12.5
3456		0
3457		0
3458		4
3459		0
3460		10.6
3461		21
3462		0
3463		0
3464		4
3465		0
3466		13
3467		7
3468		21
3469		5
3470		0
3471		5
3472		0
3473		11
3474		14
3475		0
3476		0
3477		0
3478		5.66667
3479		18
3480		0
3481		16.3333
3482		4
3483		0
3484		0
3485		0
3486		18
3487		10.3333
3488		7
3489		0
3490		8
3491		4
3492		12
3493		0
3494		21
3495		6
3496		5
3497		0
3498		6
3499		18
3500		9.66667
3501		0
3502		7
3503		0
3504		0
3505		9.33333
3506		18.5
3507		21
3508		0
3509		5
3510		0
3511		30
3512		18
3513		21
3514		6
3515		0
3516		7
3517		0
3518		8.66667
3519		13
3520		21
3521		0
3522		0
3523		5.66667
3524		18
3525		18
3526		14
3527		4
3528		0
3529		0
3530		5.5
3531		18
3532		10.3333
3533		21
3534		0
3535		0
3536		4
3537		12.5
3538		13
3539		21
3540		0
3541		5
3542		0
3543		5
3544		12.5
3545		9.66667
3546		21
3547		0
3548		0
3549		0
3550		8.75
3551		12.5
3552		21
3553		0
3554		4
3555		0
3556		0
3557		18
3558		14
3559		10.3333
3560		0
3561		0
3562		8
3563		8.66667
3564		18
3565		14
3566		0
3567		5
3568		5
3569		0
3570		18
3571		21
3572		9
3573		0
3574		7
3575		0
3576		18
3577		9.33333
3578		12.5
3579		7
3580		0
3581		4
3582		6
3583		18
3584		0
3585		21
3586		6.25
3587		0
3588		6
3589		0
3590		8.66667
3591		13
3592		0
3593		7
3594		0
3595		5
3596		25.5
3597		0
3598		14
3599		4
3600		7
3601		30
3602		4
3603		18
3604		10.3333
3605		0
3606		0
3607		7
3608		4
3609		19.5
3610		8
3611		21
3612		0
3613		5
3614		12.5
3615		5
3616		18
3617		9.66667
3618		0
3619		0
3620		0
3621		7
3622		11.2
3623		0
3624		21
3625		0
3626		4
3627		18
3628		7
3629		18
3630		21
3631		5
3632		0
3633		0
3634		8
3635		10.8
3636		0
3637		21
3638		0
3639		5
3640		9.33333
3641		0
3642		12.5
3643		21
3644		4
3645		0
3646		7
3647		0
3648		19.5
3649		5.66667
3650		12.5
3651		0
3652		0
3653		8.66667
3654		0
3655		18
3656		14
3657		0
3658		6
3659		0
3660		0
3661		19.5
3662		4
3663		11
3664		0
3665		0
3666		18
3667		5
3668		18
3669		21
3670		7
3671		4
3672		6
3673		0
3674		11
3675		0
3676		10.3333
3677		7
3678		6
3679		0
3680		4
3681		18
3682		14.5
3683		0
3684		7
3685		5
3686		33
3687		11.5
3688		0
3689		9.66667
3690		0
3691		18.5
3692		0
3693		0
3694		8.75
3695		21
3696		0
3697		0
3698		4.75
3699		21
3700		18
3701		0
3702		21
3703		5
3704		18
3705		7
3706		8
3707		8.66667
3708		21
3709		0
3710		0
3711		5
3712		9.5
3713		18
3714		0
3715		21
3716		4
3717		18
3718		7
3719		7
3720		18
3721		10.3333
3722		4
3723		0
3724		0
3725		9.66667
3726		12.5
3727		0
3728		21
3729		0
3730		9
3731		0
3732		0
3733		12.5
3734		9.66667
3735		5
3736		0
3737		0
3738		21
3739		9.33333
3740		7
3741		21
3742		7
3743		8.66667
3744		0
3745		0
3746		11
3747		14
3748		5
3749		0
3750		0
3751		21
3752		8.66667
3753		0
3754		12
3755		0
3756		18
3757		5
3758		0
3759		11.5
3760		21
3761		5
3762		6
3763		0
3764		0
3765		18
3766		5.66667
3767		21
3768		6.5
3769		0
3770		4
3771		0
3772		18
3773		21
3774		0
3775		5.66667
3776		33
3777		0
3778		13
3779		4
3780		21
3781		30
3782		7
3783		5
3784		5
3785		18
3786		21
3787		0
3788		4
3789		14
3790		7
3791		18
3792		0
3793		10.3333
3794		11
3795		0
3796		7
3797		4
3798		18
3799		21
3800		0
3801		0
3802		9.75
3803		7
3804		18
3805		0
3806		9.66667
3807		11.5
3808		0
3809		0
3810		7
3811		9.33333
3812		21
3813		0
3814		7
3815		9.66667
3816		0
3817		12.5
3818		4
3819		21
3820		9.33333
3821		0
3822		0
3823		0
3824		8.25
3825		21
3826		8
3827		0
3828		21
3829		5
3830		18
3831		6
3832		21
3833		8.66667
3834		0
3835		0
3836		0
3837		18
3838		9
3839		0
3840		0
3841		21
3842		4
3843		18
3844		0
3845		14
3846		18
3847		5
3848		0
3849		0
3850		13
3851		9.66667
3852		6.5
3853		0
3854		0
3855		5
3856		9.33333
3857		0
3858		13.5
3859		7
3860		4
3861		0
3862		7
3863		18
3864		21
3865		5
3866		14.6667
3867		0
3868		0
3869		8.66667
3870		0
3871		25.5
3872		0
3873		7
3874		6
3875		0
3876		18
3877		21
3878		4
3879		13
3880		7
3881		0
3882		18
3883		5
3884		19.5
3885		0
3886		7
3887		5
3888		0
3889		18
3890		12.5
3891		0
3892		10.3333
3893		0
3894		7
3895		18
3896		4
3897		19.5
3898		8
3899		0
3900		0
3901		5.66667
3902		18
3903		13
3904		0
3905		9.66667
3906		0
3907		0
3908		12.5
3909		0
3910		11.2
3911		0
3912		0
3913		0
3914		4
3915		12.5
3916		21
3917		0
3918		21
3919		5
3920		0
3921		18
3922		7.5
3923		11.75
3924		0
3925		0
3926		0
3927		5
3928		9.33333
3929		14
3930		0
3931		21
3932		4
3933		0
3934		12.5
3935		0
3936		15.3333
3937		5
3938		4
3939		0
3940		0
3941		8.66667
3942		13.5
3943		7
3944		0
3945		0
3946		6
3947		18
3948		6
3949		21
3950		5
3951		5
3952		0
3953		0
3954		18
3955		10.3333
3956		33
3957		7
3958		7
3959		4
3960		18
3961		30
3962		12.5
3963		0
3964		5.66667
3965		0
3966		0
3967		18
3968		9.66667
3969		21
3970		8
3971		7
3972		0
3973		9.33333
3974		18
3975		13
3976		0
3977		4
3978		7
3979		0
3980		18
3981		21
3982		9.5
3983		0
3984		0
3985		7
3986		7.5
3987		18
3988		21
3989		0
3990		0
3991		5
3992		7
3993		18
3994		14.5
3995		9.66667
3996		0
3997		0
3998		0
3999		10
4000		9.33333
4001		21
4002		0
4003		0
4004		4
4005		0
4006		10.6667
4007		21
4008		21
4009		5
4010		4
4011		0
4012		18
4013		8.25
4014		21
4015		0
4016		0
4017		0
4018		6
4019		18
4020		14
4021		21
4022		4
4023		5
4024		0
4025		18
4026		18
4027		9.5
4028		0
4029		0
4030		7
4031		4
4032		12
4033		21
4034		5.5
4035		0
4036		5
4037		0
4038		12
4039		0
4040		9.66667
4041		7
4042		8
4043		0
4044		0
4045		9.33333
4046		27
4047		5
4048		7
4049		4
4050		0
4051		24
4052		0
4053		21
4054		5.66667
4055		7
4056		0
4057		0
4058		7.5
4059		21
4060		0
4061		0
4062		7
4063		5
4064		18
4065		0
4066		14.5
4067		4
4068		0
4069		7
4070		0
4071		11.5
4072		13
4073		0
4074		0
4075		0
4076		5
4077		18
4078		7
4079		21
4080		0
4081		5
4082		4
4083		7
4084		18
4085		12.5
4086		0
4087		0
4088		0
4089		0
4090		10.1667
4091		0
4092		21
4093		0
4094		4
4095		5
4096		0
4097		12.5
4098		21
4099		5
4100		0
4101		0
4102		7
4103		11
4104		7
4105		21
4106		4
4107		0
4108		5
4109		0
4110		18
4111		16.3333
4112		4
4113		0
4114		8
4115		0
4116		18
4117		5
4118		14
4119		5
4120		0
4121		4
4122		6
4123		18
4124		21
4125		7
4126		5.66667
4127		0
4128		6
4129		18
4130		4
4131		21
4132		7
4133		0
4134		0
4135		5
4136		25.5
4137		21
4138		8
4139		5
4140		0
4141		30
4142		18
4143		5
4144		10.3333
4145		0
4146		7
4147		0
4148		4
4149		19.5
4150		14
4151		0
4152		0
4153		5.66667
4154		11
4155		18
4156		0
4157		9.66667
4158		0
4159		0
4160		7
4161		0
4162		11.4
4163		21
4164		0
4165		0
4166		4
4167		10
4168		18
4169		0
4170		21
4171		5
4172		0
4173		0
4174		7
4175		11.75
4176		21
4177		0
4178		4
4179		0
4180		9.33333
4181		12.5
4182		0
4183		21
4184		4
4185		0
4186		8
4187		0
4188		15.3333
4189		10.3333
4190		0
4191		5
4192		0
4193		8.66667
4194		18
4195		7
4196		21
4197		0
4198		5.66667
4199		0
4200		0
4201		19.5
4202		8
4203		0
4204		0
4205		0
4206		18
4207		9.33333
4208		0
4209		14
4210		8
4211		4
4212		6
4213		0
4214		18
4215		13
4216		5.66667
4217		0
4218		6
4219		0
4220		8.66667
4221		0
4222		14
4223		7
4224		0
4225		5
4226		18.5
4227		18
4228		21
4229		4
4230		7
4231		30
4232		0
4233		18
4234		6
4235		21
4236		0
4237		7
4238		4
4239		13
4240		18
4241		21
4242		0
4243		5
4244		12.5
4245		0
4246		12.5
4247		4
4248		21
4249		0
4250		4
4251		7
4252		10.3333
4253		18
4254		21
4255		0
4256		4
4257		18
4258		7.5
4259		18
4260		0
4261		10.3333
4262		0
4263		5
4264		0
4265		9
4266		18
4267		21
4268		0
4269		0
4270		8.75
4271		0
4272		12.5
4273		0
4274		8.25
4275		0
4276		0
4277		0
4278		21
4279		8.75
4280		21
4281		0
4282		8
4283		8.66667
4284		0
4285		18
4286		7
4287		13
4288		5
4289		0
4290		0
4291		21
4292		8.66667
4293		14
4294		7
4295		0
4296		18
4297		5
4298		11
4299		0
4300		14
4301		4
4302		6
4303		0
4304		0
4305		18
4306		9.75
4307		7
4308		6
4309		0
4310		4
4311		11.5
4312		0
4313		21
4314		7
4315		5
4316		33
4317		0
4318		12.5
4319		9.66667
4320		0
4321		18.5
4322		4
4323		0
4324		9.33333
4325		0
4326		21
4327		0
4328		5
4329		21
4330		8
4331		18
4332		21
4333		5
4334		18
4335		6
4336		0
4337		8.66667
4338		0
4339		21
4340		0
4341		0
4342		9
4343		0
4344		18
4345		21
4346		4
4347		18
4348		0
4349		7
4350		18
4351		5
4352		21
4353		0
4354		8
4355		9.66667
4356		7
4357		18
4358		21
4359		5
4360		9.33333
4361		0
4362		0
4363		12.5
4364		4
4365		21
4366		7
4367		0
4368		21
4369		5
4370		9.66667
4371		21
4372		0
4373		8.66667
4374		0
4375		0
4376		18
4377		7
4378		9.75
4379		0
4380		0
4381		21
4382		4
4383		11.5
4384		14
4385		0
4386		18
4387		5
4388		0
4389		18
4390		7
4391		9
4392		6
4393		0
4394		4
4395		0
4396		9.33333
4397		21
4398		6.5
4399		0
4400		4
4401		0
4402		13
4403		0
4404		21
4405		5.66667
4406		33
4407		5
4408		0
4409		8.66667
4410		21
4411		30
4412		7
4413		0
4414		5.66667
4415		18
4416		0
4417		21
4418		4
4419		14
4420		0
4421		0
4422		18
4423		10.3333
4424		18
4425		0
4426		7.5
4427		4
4428		18
4429		0
4430		21
4431		5
4432		10.3333
4433		7
4434		0
4435		18
4436		9.66667
4437		18
4438		7
4439		0
4440		7
4441		9.33333
4442		4
4443		21
4444		0
4445		9.66667
4446		0
4447		7
4448		18
4449		21
4450		9
4451		0
4452		0
4453		0
4454		8.25
4455		5
4456		21
4457		0
4458		21
4459		5
4460		0
4461		12.5
4462		14
4463		8.66667
4464		0
4465		0
4466		4
4467		18
4468		5.66667
4469		21
4470		0
4471		21
4472		4
4473		0
4474		13
4475		14
4476		18
4477		5
4478		0
4479		5
4480		18
4481		4
4482		11.3333
4483		0
4484		0
4485		0
4486		5.66667
4487		18
4488		13.5
4489		7
4490		4
4491		0
4492		0
4493		18
4494		0
4495		10.3333
4496		20
4497		0
4498		8
4499		4
4500		18
4501		25.5
4502		0
4503		6
4504		5
4505		0
4506		18
4507		0
4508		9.66667
4509		21
4510		7
4511		0
4512		0
4513		9.33333
4514		14.3333
4515		0
4516		0
4517		5
4518		0
4519		18
4520		0
4521		21
4522		9.75
4523		0
4524		7
4525		0
4526		8.66667
4527		14.6667
4528		0
4529		0
4530		0
4531		5.66667
4532		18
4533		0
4534		14
4535		9.66667
4536		0
4537		0
4538		5.5
4539		18
4540		12.25
4541		0
4542		0
4543		0
4544		4
4545		12.5
4546		8
4547		21
4548		21
4549		5
4550		0
4551		5
4552		12.5
4553		11.75
4554		0
4555		0
4556		0
4557		0
4558		8.75
4559		7
4560		21
4561		21
4562		4
4563		0
4564		0
4565		18
4566		15.3333
4567		5
4568		0
4569		0
4570		8
4571		8.66667
4572		6
4573		14
4574		0
4575		5
4576		5
4577		0
4578		12
4579		21
4580		5
4581		0
4582		7
4583		0
4584		18
4585		5
4586		19.3333
4587		7
4588		0
4589		4
4590		0
4591		24
4592		21
4593		0
4594		6.25
4595		0
4596		0
4597		18
4598		4
4599		15.6667
4600		0
4601		7
4602		0
4603		5
4604		18
4605		21
4606		7
4607		4
4608		7
4609		0
4610		11
4611		0
4612		13
4613		0
4614		0
4615		7
4616		4
4617		18
4618		14.5
4619		0
4620		0
4621		5
4622		7
4623		11.5
4624		0
4625		12.5
4626		0
4627		0
4628		0
4629		7
4630		10.6
4631		21
4632		0
4633		0
4634		4
4635		0
4636		12.5
4637		0
4638		21
4639		5
4640		0
4641		0
4642		8
4643		10.2
4644		21
4645		0
4646		0
4647		5
4648		5
4649		18
4650		7
4651		21
4652		4
4653		0
4654		7
4655		0
4656		18
4657		9.5
4658		4
4659		0
4660		0
4661		4
4662		12
4663		0
4664		14
4665		0
4666		6
4667		0
4668		6
4669		18
4670		9.66667
4671		6
4672		0
4673		0
4674		0
4675		9.33333
4676		33
4677		21
4678		7
4679		4
4680		0
4681		30
4682		11
4683		21
4684		5
4685		7
4686		0
4687		0
4688		8.66667
4689		21
4690		14.5
4691		0
4692		7
4693		5
4694		18
4695		11.5
4696		21
4697		4
4698		0
4699		7
4700		0
4701		18
4702		9.5
4703		21
4704		0
4705		0
4706		4.75
4707		18
4708		18
4709		21
4710		0
4711		5
4712		0
4713		7
4714		13
4715		9.66667
4716		21
4717		0
4718		0
4719		5
4720		8.75
4721		18
4722		21
4723		0
4724		4
4725		0
4726		7
4727		12.5
4728		21
4729		10.3333
4730		4
4731		0
4732		0
4733		8.66667
4734		12.5
4735		21
4736		0
4737		0
4738		6
4739		0
4740		18
4741		14
4742		9.66667
4743		5
4744		0
4745		0
4746		18
4747		9.33333
4748		14
4749		0
4750		7
4751		4
4752		6
4753		18
4754		4
4755		14
4756		5
4757		0
4758		6
4759		0
4760		8.66667
4761		21
4762		7.5
4763		0
4764		0
4765		5
4766		25.5
4767		5
4768		21
4769		5
4770		0
4771		30
4772		0
4773		18
4774		9.5
4775		0
4776		7
4777		0
4778		4
4779		19.5
4780		0
4781		21
4782		0
4783		5.66667
4784		18
4785		0
4786		13
4787		9.66667
4788		0
4789		0
4790		7
4791		5
4792		12.25
4793		0
4794		21
4795		0
4796		4
4797		12.5
4798		7
4799		18
4800		21
4801		5
4802		4
4803		0
4804		7
4805		11.75
4806		0
4807		21
4808		0
4809		0
4810		9
4811		7
4812		18
4813		21
4814		4
4815		5
4816		0
4817		0
4818		15.3333
4819		5
4820		21
4821		0
4822		7
4823		8.66667
4824		0
4825		12.5
4826		12.5
4827		0
4828		5
4829		0
4830		0
4831		19.5
4832		5
4833		21
4834		8
4835		0
4836		18
4837		5
4838		18
4839		11
4840		0
4841		4
4842		6
4843		0
4844		18
4845		0
4846		9
4847		0
4848		6
4849		0
4850		4
4851		18
4852		21
4853		7
4854		0
4855		5
4856		33
4857		18
4858		8
4859		9.66667
4860		7
4861		30
4862		0
4863		5
4864		9.33333
4865		21
4866		0
4867		7
4868		4
4869		21
4870		12.5
4871		0
4872		21
4873		5
4874		9.66667
4875		0
4876		0
4877		8.66667
4878		21
4879		0
4880		0
4881		7
4882		9.75
4883		18
4884		0
4885		21
4886		4
4887		11.5
4888		7
4889		0
4890		18
4891		10.3333
4892		0
4893		0
4894		7
4895		9
4896		18
4897		0
4898		12.5
4899		0
4900		9.33333
4901		0
4902		7
4903		18
4904		9.66667
4905		0
4906		8
4907		0
4908		21
4909		8.75
4910		0
4911		13
4912		0
4913		8.66667
4914		0
4915		0
4916		12.5
4917		21
4918		5.66667
4919		0
4920		0
4921		21
4922		7.5
4923		7
4924		21
4925		0
4926		18
4927		5
4928		0
4929		18
4930		12
4931		4
4932		6
4933		0
4934		0
4935		11.5
4936		5
4937		14
4938		6
4939		0
4940		4
4941		0
4942		12.5
4943		21
4944		7
4945		5
4946		18.5
4947		0
4948		18
4949		4
4950		21
4951		18.5
4952		0
4953		0
4954		6
4955		18
4956		21
4957		0
4958		5
4959		13
4960		0
4961		18
4962		0
4963		10.3333
4964		18
4965		7
4966		7
4967		4
4968		18
4969		21
4970		4
4971		0
4972		9.5
4973		0
4974		18
4975		0
4976		9.66667
4977		18
4978		8
4979		7
4980		0
4981		9.33333
4982		21
4983		5
4984		0
4985		9.66667
4986		7
4987		18
4988		0
4989		21
4990		8.75
4991		0
4992		0
4993		7
4994		7.5
4995		21
4996		0
4997		0
4998		21
4999		5
5000		12.5
5001		0
5002		14.5
5003		8.66667
5004		0
5005		0
5006		0
5007		10
5008		10.3333
5009		0
5010		0
5011		21
5012		4
5013		18
5014		7
5015		21
5016		18
5017		5
5018		4
5019		0
5020		18
5021		9
5022		6
5023		0
5024		0
5025		0
5026		9
5027		0
5028		11.3333
5029		0
5030		4
5031		5
5032		0
5033		18
5034		21
5035		5.66667
5036		33
5037		0
5038		7
5039		8.66667
5040		0
5041		25.5
5042		5.5
5043		0
5044		5
5045		0
5046		18
5047		21
5048		4
5049		14
5050		8
5051		0
5052		18
5053		5
5054		19.5
5055		5
5056		7
5057		4
5058		0
5059		18
5060		21
5061		0
5062		9.5
5063		7
5064		0
5065		18
5066		4
5067		19.5
5068		0
5069		0
5070		7
5071		5
5072		18
5073		21
5074		8
5075		9.66667
5076		0
5077		7
5078		18
5079		5
5080		12.25
5081		0
5082		0
5083		0
5084		5
5085		18
5086		14
5087		0
5088		21
5089		5
5090		4
5091		12.5
5092		0
5093		11.75
5094		0
5095		0
5096		0
5097		0
5098		8.6
5099		21
5100		0
5101		21
5102		4
5103		5
5104		18
5105		7
5106		19.5
5107		5
5108		0
5109		0
5110		7
5111		8.66667
5112		11.3333
5113		0
5114		4
5115		0
5116		5
5117		18
5118		6
5119		14
5120		4
5121		0
5122		8
5123		0
5124		18
5125		10.3333
5126		20
5127		5
5128		0
5129		4
5130		18
5131		30
5132		21
5133		7
5134		5.66667
5135		0
5136		0
5137		18
5138		8.25
5139		21
5140		7
5141		0
5142		0
5143		9.33333
5144		18
5145		21
5146		8
5147		5
5148		0
5149		0
5150		18
5151		13
5152		10.3333
5153		0
5154		7
5155		0
5156		8.66667
5157		18
5158		14
5159		0
5160		0
5161		5.66667
5162		4
5163		18
5164		21
5165		9.66667
5166		0
5167		0
5168		7
5169		18
5170		9
5171		21
5172		0
5173		0
5174		4
5175		6
5176		18
5177		21
5178		21
5179		5
5180		0
5181		0
5182		10.6667
5183		8.66667
5184		21
5185		0
5186		4
5187		0
5188		5
5189		12.5
5190		21
5191		21
5192		4
5193		0
5194		8
5195		18
5196		12.5
5197		10.3333
5198		0
5199		5
5200		0
5201		4
5202		12
5203		14
5204		0
5205		0
5206		5.66667
5207		0
5208		12
5209		0
5210		8
5211		0
5212		0
5213		0
5214		0
5215		9.33333
5216		27
5217		7
5218		8
5219		4
5220		0
5221		24
5222		0
5223		13
5224		5.66667
5225		0
5226		0
5227		0
5228		8.66667
5229		21
5230		7
5231		7
5232		0
5233		5
5234		13.3333
5235		0
5236		21
5237		4
5238		7
5239		0
5240		0
5241		18
5242		12
5243		0
5244		0
5245		7
5246		4
5247		13.6667
5248		0
5249		21
5250		0
5251		5
5252		7
5253		0
5254		12.5
5255		12.5
5256		0
5257		0
5258		4
5259		7
5260		11.5
5261		0
5262		21
5263		0
5264		4
5265		0
5266		7.5
5267		18
5268		21
5269		5
5270		0
5271		5
5272		0
5273		10.2
5274		0
5275		21
5276		0
5277		0
5278		5.66667
5279		0
5280		12.5
5281		21
5282		4
5283		0
5284		0
5285		0
5286		18
5287		5.66667
5288		21
5289		0
5290		8
5291		4
5292		6
5293		18
5294		14
5295		5
5296		5
5297		0
5298		6
5299		18
5300		4
5301		14
5302		7
5303		0
5304		0
5305		5
5306		18.3333
5307		21
5308		7
5309		4
5310		0
5311		30
5312		18
5313		0
5314		9.75
5315		7
5316		0
5317		0
5318		4
5319		14.6667
5320		21
5321		0
5322		7
5323		5
5324		18
5325		18
5326		7
5327		9.66667
5328		0
5329		7
5330		4
5331		0
5332		12.25
5333		21
5334		0
5335		0
5336		5
5337		18
5338		13
5339		0
5340		21
5341		5
5342		0
5343		6
5344		0
5345		11.75
5346		21
5347		0
5348		0
5349		0
5350		8.4
5351		18
5352		0
5353		21
5354		4
5355		0
5356		0
5357		7
5358		19.5
5359		10.3333
5360		0
5361		0
5362		8
5363		8.66667
5364		12.5
5365		0
5366		21
5367		5
5368		5
5369		0
5370		0
5371		15.3333
5372		9.66667
5373		0
5374		7
5375		0
5376		18
5377		9.33333
5378		5.5
5379		21
5380		0
5381		4
5382		6
5383		0
5384		18
5385		14
5386		6
5387		0
5388		6
5389		0
5390		8.66667
5391		5
5392		14
5393		0
5394		0
5395		5
5396		33
5397		18
5398		14
5399		5
5400		0
5401		30
5402		4
5403		18
5404		5
5405		21
5406		7
5407		0
5408		4
5409		21
5410		13
5411		21
5412		0
5413		5.66667
5414		18
5415		5
5416		18
5417		4
5418		21
5419		0
5420		7
5421		0
5422		9.5
5423		18
5424		21
5425		0
5426		4
5427		12.5
5428		0
5429		18
5430		0
5431		10.3333
5432		0
5433		0
5434		7.5
5435		9.66667
5436		18
5437		21
5438		0
5439		5
5440		9.33333
5441		7
5442		18
5443		0
5444		9.66667
5445		0
5446		7
5447		0
5448		14
5449		9.33333
5450		12.5
5451		0
5452		0
5453		8.66667
5454		0
5455		12.5
5456		0
5457		21
5458		6
5459		0
5460		0
5461		21
5462		8.25
5463		13
5464		0
5465		0
5466		18
5467		5
5468		18
5469		7
5470		14
5471		4
5472		6
5473		0
5474		4
5475		18
5476		9.5
5477		0
5478		6
5479		0
5480		4
5481		18
5482		8
5483		14
5484		0
5485		5
5486		33
5487		5
5488		18
5489		9.66667
5490		7
5491		30
5492		0
5493		0
5494		8.75
5495		0
5496		21
5497		7
5498		4
5499		21
5500		0
5501		18
5502		21
5503		5
5504		12.5
5505		0
5506		8
5507		8.66667
5508		0
5509		21
5510		0
5511		6
5512		10.3333
5513		0
5514		18
5515		21
5516		4
5517		18
5518		7
5519		0
5520		18
5521		5
5522		12.5
5523		0
5524		0
5525		9
5526		0
5527		18
5528		21
5529		0
5530		9
5531		0
5532		7
5533		18
5534		4
5535		13
5536		0
5537		0
5538		21
5539		5.66667
5540		18
5541		21
5542		7
5543		8.66667
5544		0
5545		0
5546		9.66667
5547		0
5548		10.3333
5549		0
5550		0
5551		21
5552		4
5553		12.5
5554		14.5
5555		0
5556		18
5557		5
5558		0
5559		11.5
5560		7
5561		9.66667
5562		6
5563		0
5564		0
5565		0
5566		8.75
5567		14
5568		6
5569		0
5570		4
5571		0
5572		18
5573		0
5574		14
5575		5
5576		33
5577		0
5578		8
5579		8.66667
5580		21
5581		18.5
5582		0
5583		5
5584		5
5585		18
5586		0
5587		21
5588		5
5589		21
5590		7
5591		0
5592		18
5593		10.3333
5594		11
5595		7
5596		0
5597		4
5598		18
5599		0
5600		21
5601		0
5602		9.2
5603		0
5604		0
5605		18
5606		9.66667
5607		11.5
5608		0
5609		7
5610		0
5611		9.33333
5612		0
5613		21
5614		7
5615		9.66667
5616		7
5617		0
5618		11
5619		21
5620		9.33333
5621		0
5622		0
5623		7
5624		8.66667
5625		0
5626		14.5
5627		0
5628		21
5629		5
5630		7
5631		11.5
5632		21
5633		8.66667
5634		0
5635		0
5636		0
5637		12.5
5638		5.66667
5639		21
5640		0
5641		21
5642		4
5643		0
5644		12.5
5645		21
5646		18
5647		5
5648		0
5649		0
5650		13
5651		5
5652		13.5
5653		0
5654		0
5655		5
5656		5
5657		18
5658		11.3333
5659		0
5660		4
5661		0
5662		7
5663		18
5664		0
5665		9.5
5666		18.5
5667		0
5668		0
5669		4
5670		18
5671		25.5
5672		7
5673		0
5674		6
5675		0
5676		18
5677		0
5678		9.66667
5679		11
5680		0
5681		0
5682		0
5683		9.33333
5684		19.5
5685		0
5686		7
5687		4
5688		0
5689		18
5690		4
5691		21
5692		10.3333
5693		7
5694		0
5695		0
5696		8.66667
5697		19.5
5698		8
5699		0
5700		7
5701		5
5702		18
5703		5
5704		21
5705		9.66667
5706		0
5707		7
5708		0
5709		18
5710		11.2
5711		0
5712		0
5713		0
5714		4.75
5715		18
5716		0
5717		21
5718		21
5719		5
5720		0
5721		7
5722		13
5723		11.75
5724		0
5725		0
5726		0
5727		5
5728		8.75
5729		0
5730		21
5731		21
5732		4
5733		0
5734		7
5735		12.5
5736		19.5
5737		5
5738		4
5739		0
5740		0
5741		8.66667
5742		6.5
5743		21
5744		0
5745		0
5746		6
5747		0
5748		12
5749		14
5750		4
5751		5
5752		0
5753		0
5754		18
5755		5
5756		20.3333
5757		0
5758		7
5759		4
5760		0
5761		24
5762		12.5
5763		7
5764		5
5765		0
5766		0
5767		18
5768		4
5769		21
5770		7.5
5771		0
5772		0
5773		5
5774		18
5775		13
5776		0
5777		5
5778		0
5779		0
5780		18
5781		0
5782		11.8
5783		0
5784		7
5785		0
5786		4
5787		18
5788		21
5789		0
5790		0
5791		5.66667
5792		0
5793		18
5794		8
5795		12.5
5796		0
5797		0
5798		7
5799		5
5800		11.5
5801		21
5802		0
5803		0
5804		4
5805		7
5806		12.5
5807		0
5808		21
5809		5
5810		4
5811		0
5812		7
5813		11
5814		21
5815		0
5816		0
5817		0
5818		6
5819		12.5
5820		0
5821		21
5822		4
5823		5
5824		0
5825		0
5826		14.3333
5827		10.3333
5828		0
5829		0
5830		7
5831		4
5832		12
5833		7
5834		12.5
5835		0
5836		5
5837		0
5838		6
5839		18
5840		9
5841		0
5842		8
5843		0
5844		0
5845		9.33333
5846		33
5847		11
5848		0
5849		4
5850		0
5851		30
5852		18
5853		21
5854		6
5855		0
5856		0
5857		0
5858		7.5
5859		21
5860		21
5861		7
5862		0
5863		5
5864		18
5865		18
5866		14.5
5867		4
5868		7
5869		0
5870		0
5871		11.5
5872		10.3333
5873		21
5874		0
5875		7
5876		4
5877		18
5878		12.5
5879		21
5880		0
5881		5
5882		5.5
5883		0
5884		18
5885		9.66667
5886		21
5887		0
5888		0
5889		7
5890		9
5891		18
5892		21
5893		0
5894		4
5895		5
5896		7
5897		18
5898		21
5899		10.3333
5900		0
5901		0
5902		7
5903		8.25
5904		18
5905		21
5906		4
5907		0
5908		5
5909		0
5910		12.5
5911		21
5912		9.66667
5913		0
5914		8
5915		0
5916		18
5917		8.75
5918		21
5919		5
5920		0
5921		4
5922		6
5923		18
5924		7
5925		21
5926		5.66667
5927		0
5928		6
5929		0
5930		7.5
5931		14
5932		0
5933		0
5934		0
5935		5
5936		25.5
5937		0
5938		12
5939		4
5940		0
5941		30
5942		0
5943		11.5
5944		10.3333
5945		7
5946		0
5947		0
5948		4
5949		19.5
5950		7
5951		21
5952		7
5953		5
5954		11
5955		0
5956		18
5957		9.66667
5958		0
5959		7
5960		0
5961		0
5962		11.4
5963		0
5964		21
5965		0
5966		5
5967		11.5
5968		0
5969		18
5970		21
5971		5
5972		0
5973		7
5974		7
5975		11.75
5976		0
5977		21
5978		4
5979		0
5980		8.75
5981		0
5982		18
5983		21
5984		4
5985		0
5986		8
5987		7
5988		19.5
5989		5
5990		21
5991		5
5992		0
5993		8.66667
5994		7
5995		18
5996		21
5997		0
5998		5.66667
5999		0
6000		0
6001		15.3333
6002		4
6003		21
6004		0
6005		0
6006		18
6007		5
6008		12.5
6009		21
6010		8
6011		4
6012		6
6013		0
6014		18
6015		6
6016		10.3333
6017		0
6018		6
6019		0
6020		4
6021		18
6022		11.6667
6023		0
6024		0
6025		5
6026		18.5
6027		18
6028		0
6029		9
6030		0
6031		30
6032		0
6033		0
6034		9
6035		21
6036		7
6037		0
6038		4
6039		13
6040		18
6041		0
6042		21
6043		5.66667
6044		18
6045		0
6046		7
6047		8.66667
6048		21
6049		0
6050		5.5
6051		0
6052		10.3333
6053		18
6054		0
6055		21
6056		4
6057		12.5
6058		8
6059		0
6060		18
6061		10.3333
6062		0
6063		5
6064		7
6065		9.66667
6066		18
6067		0
6068		21
6069		0
6070		8.75
6071		7
6072		0
6073		18
6074		8.25
6075		0
6076		0
6077		0
6078		14
6079		9.33333
6080		0
6081		21
6082		8
6083		8.66667
6084		0
6085		7
6086		18
6087		13
6088		5
6089		0
6090		0
6091		21
6092		8.25
6093		0
6094		14
6095		0
6096		18
6097		5
6098		4
6099		12.5
6100		21
6101		4
6102		6
6103		0
6104		0
6105		18
6106		6.25
6107		21
6108		6
6109		0
6110		4
6111		5
6112		18
6113		14
6114		0
6115		5
6116		33
6117		0
6118		12.5
6119		4
6120		14
6121		30
6122		4
6123		0
6124		5
6125		18
6126		21
6127		7
6128		4
6129		21
6130		8
6131		18
6132		0
6133		10.3333
6134		12.5
6135		5
6136		0
6137		4
6138		18
6139		21
6140		0
6141		7
6142		9.5
6143		0
6144		18
6145		0
6146		8.25
6147		18
6148		7
6149		0
6150		0
6151		9.33333
6152		21
6153		0
6154		8
6155		9
6156		0
6157		18
6158		0
6159		13
6160		9.33333
6161		0
6162		7
6163		0
6164		8.66667
6165		21
6166		7
6167		0
6168		21
6169		5.66667
6170		11
6171		0
6172		21
6173		8.66667
6174		0
6175		0
6176		7
6177		18
6178		9.75
6179		0
6180		0
6181		21
6182		4
6183		10
6184		0
6185		21
6186		18
6187		5
6188		0
6189		0
6190		10.6667
6191		9.66667
6192		6
6193		0
6194		4
6195		0
6196		9.33333
6197		7
6198		13.5
6199		0
6200		4
6201		0
6202		8
6203		18
6204		14
6205		5
6206		33
6207		5
6208		0
6209		8.66667
6210		0
6211		19.3333
6212		0
6213		0
6214		5.66667
6215		0
6216		18
6217		21
6218		4.75
6219		21
6220		0
6221		0
6222		18
6223		5
6224		19.5
6225		7
6226		8
6227		4
6228		0
6229		18
6230		21
6231		5
6232		9.5
6233		0
6234		0
6235		18
6236		4
6237		19.5
6238		7
6239		7
6240		0
6241		5
6242		11
6243		21
6244		0
6245		9.66667
6246		7
6247		0
6248		18
6249		0
6250		11.4
6251		0
6252		0
6253		7
6254		4
6255		11.5
6256		21
6257		0
6258		21
6259		5
6260		7
6261		18
6262		7
6263		11.75
6264		0
6265		0
6266		4
6267		7
6268		9.33333
6269		21
6270		0
6271		21
6272		4
6273		0
6274		11
6275		0
6276		19.5
6277		5
6278		0
6279		5
6280		0
6281		8.25
6282		13.5
6283		0
6284		0
6285		0
6286		5.66667
6287		18
6288		6.5
6289		21
6290		4
6291		0
6292		0
6293		0
6294		18
6295		9.5
6296		33
6297		0
6298		8
6299		4
6300		18
6301		30
6302		14
6303		5
6304		5
6305		0
6306		0
6307		18
6308		9.66667
6309		14
6310		7
6311		0
6312		0
6313		9.33333
6314		11
6315		21
6316		7
6317		4
6318		0
6319		0
6320		18
6321		21
6322		9.75
6323		7
6324		0
6325		0
6326		8.66667
6327		11.5
6328		21
6329		0
6330		7
6331		5
6332		0
6333		18
6334		14
6335		9.66667
6336		0
6337		7
6338		4
6339		18
6340		9.33333
6341		21
6342		0
6343		0
6344		5
6345		0
6346		13
6347		21
6348		21
6349		5
6350		0
6351		6
6352		18
6353		8.66667
6354		21
6355		0
6356		0
6357		0
6358		6
6359		18
6360		21
6361		21
6362		4
6363		0
6364		0
6365		12.5
6366		18
6367		10.3333
6368		0
6369		0
6370		8
6371		4
6372		10.3333
6373		21
6374		0
6375		5
6376		5
6377		0
6378		12
6379		7
6380		9.66667
6381		0
6382		7
6383		0
6384		0
6385		9.33333
6386		16.25
6387		0
6388		0
6389		4
6390		0
6391		24
6392		0
6393		14
6394		6
6395		0
6396		0
6397		0
6398		8.66667
6399		15.6667
6400		7
6401		0
6402		0
6403		5
6404		18
6405		0
6406		14
6407		5
6408		0
6409		0
6410		4
6411		18
6412		13
6413		0
6414		7
6415		0
6416		4
6417		18
6418		8
6419		21
6420		0
6421		5.66667
6422		0
6423		5
6424		18
6425		12.5
6426		0
6427		0
6428		7
6429		0
6430		10.6
6431		0
6432		21
6433		0
6434		4
6435		7
6436		0
6437		18
6438		21
6439		5
6440		0
6441		0
6442		7.5
6443		11
6444		0
6445		21
6446		0
6447		5
6448		5
6449		7
6450		18
6451		21
6452		4
6453		0
6454		7
6455		0
6456		14.3333
6457		5
6458		12.5
6459		0
6460		0
6461		4
6462		6
6463		12.5
6464		21
6465		0
6466		6
6467		0
6468		6
6469		18
6470		5
6471		13
6472		0
6473		0
6474		0
6475		5
6476		25.5
6477		14
6478		7
6479		4
6480		0
6481		30
6482		11
6483		0
6484		9.5
6485		0
6486		0
6487		0
6488		4
6489		19.5
6490		14.5
6491		7
6492		0
6493		5
6494		18
6495		11.5
6496		0
6497		9.66667
6498		7
6499		0
6500		0
6501		0
6502		11.2
6503		21
6504		0
6505		7
6506		4
6507		18
6508		18
6509		0
6510		21
6511		5
6512		7
6513		0
6514		8
6515		11.75
6516		21
6517		0
6518		0
6519		6
6520		9.33333
6521		18
6522		0
6523		21
6524		4
6525		0
6526		7
6527		0
6528		19.5
6529		10.3333
6530		4
6531		0
6532		0
6533		8.25
6534		18
6535		0
6536		21
6537		0
6538		6
6539		0
6540		7
6541		19.5
6542		9.66667
6543		5
6544		0
6545		0
6546		18
6547		8.75
6548		0
6549		21
6550		7
6551		4
6552		6
6553		0
6554		9.66667
6555		21
6556		5
6557		0
6558		6
6559		0
6560		8.66667
6561		7
6562		14.5
6563		0
6564		0
6565		5
6566		33
6567		11.5
6568		14
6569		4
6570		0
6571		30
6572		0
6573		18
6574		5.66667
6575		14
6576		0
6577		0
6578		4
6579		21
6580		18
6581		21
6582		7
6583		5
6584		18
6585		0
6586		13
6587		4
6588		21
6589		7
6590		0
6591		5
6592		10.3333
6593		18
6594		21
6595		0
6596		5
6597		18
6598		7
6599		18
6600		0
6601		10.3333
6602		4
6603		7
6604		0
6605		9.66667
6606		18
6607		21
6608		0
6609		0
6610		8.6
6611		0
6612		18
6613		0
6614		9.66667
6615		5
6616		0
6617		7
6618		21
6619		9.33333
6620		21
6621		0
6622		7
6623		8.66667
6624		7
6625		18
6626		4
6627		21
6628		5
6629		0
6630		0
6631		14
6632		8.66667
6633		21
6634		8
6635		0
6636		18
6637		5
6638		12.5
6639		5
6640		21
6641		4
6642		6
6643		0
6644		0
6645		12.5
6646		9.5
6647		0
6648		6
6649		0
6650		4
6651		18
6652		7
6653		21
6654		0
6655		5
6656		33
6657		0
6658		13
6659		9
6660		0
6661		30
6662		0
6663		5
6664		9.33333
6665		0
6666		14
6667		0
6668		4
6669		21
6670		7
6671		18
6672		21
6673		5.66667
6674		11
6675		0
6676		0
6677		8.66667
6678		0
6679		21
6680		7
6681		0
6682		9.75
6683		0
6684		18
6685		21
6686		4
6687		10
6688		0
6689		0
6690		18
6691		5
6692		21
6693		0
6694		7
6695		9.66667
6696		0
6697		18
6698		12.5
6699		0
6700		9.33333
6701		7
6702		0
6703		18
6704		4
6705		21
6706		8
6707		0
6708		14
6709		5
6710		18
6711		13
6712		0
6713		8.66667
6714		0
6715		7
6716		18
6717		0
6718		9.5
6719		0
6720		0
6721		21
6722		4.75
6723		18
6724		21
6725		0
6726		18
6727		5
6728		0
6729		12.5
6730		8
6731		9.66667
6732		6
6733		0
6734		0
6735		5
6736		8.75
6737		21
6738		6
6739		0
6740		4
6741		0
6742		12.5
6743		7
6744		21
6745		5
6746		18.5
6747		0
6748		0
6749		8.66667
6750		14
6751		30
6752		0
6753		0
6754		6
6755		18
6756		0
6757		14
6758		4
6759		13
6760		0
6761		0
6762		18
6763		10.3333
6764		12.5
6765		0
6766		7
6767		4
6768		18
6769		0
6770		12.5
6771		7
6772		10.3333
6773		0
6774		0
6775		18
6776		9.66667
6777		18
6778		7.5
6779		0
6780		0
6781		9.33333
6782		0
6783		13
6784		0
6785		9
6786		0
6787		0
6788		18
6789		21
6790		8.75
6791		0
6792		7
6793		0
6794		7.5
6795		0
6796		21
6797		0
6798		21
6799		5.66667
6800		0
6801		18
6802		14.5
6803		8.66667
6804		0
6805		0
6806		7
6807		11.5
6808		5
6809		21
6810		0
6811		21
6812		4
6813		7
6814		12.5
6815		21
6816		18
6817		5
6818		4
6819		0
6820		12.5
6821		4
6822		13.5
6823		0
6824		0
6825		0
6826		6
6827		12.5
6828		13.5
6829		0
6830		4
6831		5
6832		0
6833		18
6834		7
6835		10.3333
6836		33
6837		0
6838		7
6839		4
6840		18
6841		19.3333
6842		4
6843		0
6844		5
6845		0
6846		18
6847		0
6848		9
6849		21
6850		8
6851		0
6852		0
6853		9.33333
6854		19.5
6855		6
6856		0
6857		4
6858		0
6859		18
6860		0
6861		21
6862		9
6863		0
6864		0
6865		0
6866		7.5
6867		19.5
6868		0
6869		7
6870		0
6871		5
6872		18
6873		0
6874		14.5
6875		9.66667
6876		7
6877		0
6878		0
6879		11.5
6880		12.25
6881		0
6882		0
6883		7
6884		4
6885		18
6886		7
6887		21
6888		21
6889		5
6890		5.5
6891		0
6892		18
6893		11.75
6894		0
6895		0
6896		0
6897		7
6898		9
6899		0
6900		21
6901		21
6902		4
6903		5
6904		7
6905		18
6906		19.5
6907		5
6908		0
6909		0
6910		7
6911		8.25
6912		6
6913		21
6914		4
6915		0
6916		5
6917		0
6918		10.3333
6919		21
6920		4
6921		0
6922		8
6923		0
6924		18
6925		5.66667
6926		27
6927		5
6928		0
6929		4
6930		0
6931		24
6932		14
6933		0
6934		5.66667
6935		0
6936		0
6937		18
6938		4
6939		16.3333
6940		0
6941		0
6942		0
6943		5
6944		18
6945		21
6946		7.5
6947		4
6948		0
6949		0
6950		18
6951		5
6952		13
6953		7
6954		0
6955		0
6956		4
6957		18
6958		14
6959		0
6960		7
6961		5
6962		4
6963		18
6964		0
6965		12.5
6966		0
6967		7
6968		0
6969		0
6970		10.8
6971		21
6972		0
6973		0
6974		5
6975		5
6976		18
6977		0
6978		21
6979		5
6980		0
6981		7
6982		7
6983		11
6984		21
6985		0
6986		4
6987		0
6988		5.66667
6989		18
6990		0
6991		21
6992		4
6993		0
6994		8
6995		7
6996		18
6997		10.3333
6998		0
6999		5
7000		0
7001		4
7002		10.3333
7003		0
7004		21
7005		0
7006		5.66667
7007		0
7008		6
7009		12.5
7010		8.25
7011		0
7012		0
7013		0
7014		0
7015		9.33333
7016		20
7017		21
7018		8
7019		4
7020		0
7021		30
7022		18
7023		11
7024		5
7025		0
7026		0
7027		0
7028		8.66667
7029		21
7030		11.6667
7031		0
7032		0
7033		5
7034		11
7035		18
7036		21
7037		5
7038		0
7039		0
7040		0
7041		18
7042		9.75
7043		21
7044		7
7045		0
7046		4
7047		11.5
7048		18
7049		21
7050		0
7051		5.66667
7052		0
7053		0
7054		12.5
7055		9.66667
7056		21
7057		0
7058		5.5
7059		0
7060		9.33333
7061		18
7062		21
7063		0
7064		4
7065		7
7066		8
7067		18
7068		21
7069		10.3333
7070		0
7071		5
7072		7
7073		8.66667
7074		18
7075		21
7076		0
7077		0
7078		5.66667
7079		7
7080		18
7081		21
7082		8.25
7083		0
7084		0
7085		0
7086		12.5
7087		9.33333
7088		21
7089		0
7090		8
7091		4
7092		6
7093		12.5
7094		0
7095		13
7096		5
7097		0
7098		6
7099		0
7100		8.25
7101		21
7102		7
7103		0
7104		0
7105		5
7106		18.3333
7107		7
7108		21
7109		4
7110		0
7111		30
7112		0
7113		18
7114		9.2
7115		0
7116		0
7117		0
7118		4
7119		14.6667
7120		0
7121		14
7122		0
7123		5
7124		18
7125		0
7126		12.5
7127		9.66667
7128		7
7129		0
7130		4
7131		0
7132		12.25
7133		0
7134		21
7135		7
7136		4
7137		18
7138		8
7139		18
7140		21
7141		5
7142		7
7143		5
7144		0
7145		11.75
7146		0
7147		21
7148		0
7149		7
7150		8.75
7151		0
7152		18
7153		21
7154		4
7155		0
7156		7
7157		0
7158		19.5
7159		5
7160		21
7161		0
7162		8
7163		8.25
7164		0
7165		18
7166		21
7167		5
7168		5
7169		0
7170		7
7171		19.5
7172		4
7173		21
7174		7
7175		0
7176		18
7177		5.66667
7178		11
7179		21
7180		0
7181		4
7182		6
7183		0
7184		12.5
7185		0
7186		9.75
7187		0
7188		6
7189		0
7190		4
7191		10
7192		21
7193		0
7194		0
7195		5
7196		33
7197		18
7198		7
7199		9.66667
7200		0
7201		30
7202		4
7203		0
7204		9.33333
7205		14
7206		0
7207		0
7208		4
7209		21
7210		13
7211		0
7212		14
7213		5
7214		18
7215		5
7216		0
7217		8.66667
7218		21
7219		7
7220		0
7221		0
7222		9.5
7223		18
7224		0
7225		21
7226		4.75
7227		18
7228		0
7229		0
7230		18
7231		10.3333
7232		0
7233		7
7234		8
7235		9.66667
7236		18
7237		0
7238		21
7239		5
7240		8.75
7241		0
7242		0
7243		18
7244		9.66667
7245		0
7246		7
7247		7
7248		21
7249		9.33333
7250		4
7251		21
7252		0
7253		8.66667
7254		7
7255		0
7256		18
7257		21
7258		6
7259		0
7260		0
7261		14
7262		8.66667
7263		5
7264		21
7265		0
7266		18
7267		5
7268		7
7269		18
7270		14
7271		4
7272		6
7273		0
7274		4
7275		12.5
7276		5
7277		21
7278		6
7279		0
7280		4
7281		0
7282		11
7283		21
7284		0
7285		5
7286		33
7287		5
7288		18
7289		5
7290		21
7291		30
7292		0
7293		0
7294		5.66667
7295		18
7296		14
7297		0
7298		4
7299		21
7300		0
7301		18
7302		0
7303		9.5
7304		18
7305		0
7306		8
7307		4
7308		18
7309		21
7310		7
7311		5
7312		10.3333
7313		0
7314		18
7315		0
7316		9.66667
7317		12.5
7318		7
7319		0
7320		0
7321		9.33333
7322		12.5
7323		0
7324		7
7325		9.66667
7326		0
7327		18
7328		0
7329		21
7330		9
7331		7
7332		0
7333		0
7334		8.66667
7335		13
7336		0
7337		0
7338		14
7339		5
7340		18
7341		0
7342		14
7343		8.66667
7344		0
7345		7
7346		4
7347		18
7348		10.3333
7349		0
7350		0
7351		21
7352		5
7353		18
7354		8
7355		21
7356		18
7357		5
7358		0
7359		6
7360		18
7361		9.66667
7362		6
7363		0
7364		0
7365		0
7366		8.4
7367		0
7368		13.5
7369		0
7370		4
7371		0
7372		0
7373		12.5
7374		21
7375		5
7376		33
7377		0
7378		8
7379		8.66667
7380		7
7381		25.5
7382		0
7383		5
7384		5
7385		0
7386		18
7387		14
7388		4
7389		21
7390		7
7391		0
7392		18
7393		5
7394		12.5
7395		0
7396		0
7397		4
7398		0
7399		18
7400		21
7401		7
7402		9.75
7403		0
7404		0
7405		18
7406		4
7407		14.6667
7408		7
7409		0
7410		0
7411		5
7412		18
7413		21
7414		7
7415		9
7416		0
7417		0
7418		11
7419		0
7420		12.25
7421		0
7422		7
7423		0
7424		4
7425		18
7426		14.5
7427		0
7428		21
7429		5.66667
7430		0
7431		11.5
7432		0
7433		11.75
7434		0
7435		0
7436		7
7437		0
7438		8.75
7439		21
7440		0
7441		21
7442		4
7443		7
7444		18
7445		0
7446		19.5
7447		5
7448		0
7449		0
7450		7.5
7451		8.66667
7452		13.5
7453		0
7454		0
7455		5
7456		5
7457		12.5
7458		6
7459		21
7460		4
7461		0
7462		7
7463		0
7464		12.5
7465		10.3333
7466		18.5
7467		0
7468		0
7469		4
7470		18
7471		18.5
7472		21
7473		0
7474		6
7475		0
7476		0
7477		18
7478		9
7479		13
7480		0
7481		0
7482		0
7483		9.33333
7484		18
7485		14
7486		7
7487		4
7488		0
7489		0
7490		11
7491		21
7492		9.5
7493		0
7494		0
7495		0
7496		8.66667
7497		18
7498		14.5
7499		7
7500		0
7501		5
7502		0
7503		11.5
7504		21
7505		9.66667
7506		7
7507		0
7508		0
7509		18
7510		8.75
7511		21
7512		0
7513		7
7514		4
7515		0
7516		18
7517		21
7518		21
7519		5
7520		7
7521		0
7522		13
7523		8.66667
7524		21
7525		0
7526		0
7527		6
7528		5
7529		18
7530		21
7531		21
7532		4
7533		0
7534		7
7535		18
7536		18
7537		10.3333
7538		4
7539		0
7540		0
7541		5
7542		12
7543		21
7544		0
7545		0
7546		6
7547		0
7548		10.3333
7549		0
7550		9.66667
7551		5
7552		0
7553		0
7554		0
7555		8.75
7556		27
7557		0
7558		7
7559		4
7560		0
7561		24
7562		5.5
7563		21
7564		5
7565		0
7566		0
7567		0
7568		8.66667
7569		16.3333
7570		8
7571		0
7572		0
7573		5
7574		18
7575		5
7576		14
7577		4
7578		0
7579		0
7580		0
7581		18
7582		11.8
7583		7
7584		0
7585		0
7586		4
7587		18
7588		0
7589		21
7590		7
7591		5
7592		0
7593		0
7594		13
7595		12.5
7596		0
7597		7
7598		0
7599		5
7600		11.5
7601		0
7602		21
7603		0
7604		5
7605		0
7606		7
7607		18
7608		21
7609		5
7610		4
7611		7
7612		0
7613		11
7614		0
7615		21
7616		0
7617		0
7618		6.25
7619		0
7620		18
7621		21
7622		4
7623		5
7624		0
7625		7
7626		18
7627		5
7628		21
7629		0
7630		7
7631		4
7632		6.5
7633		18
7634		12.5
7635		0
7636		5
7637		0
7638		6
7639		12.5
7640		4
7641		21
7642		8
7643		0
7644		0
7645		5
7646		19.3333
7647		13
7648		0
7649		4
7650		0
7651		30
7652		18
7653		7
7654		9.5
7655		0
7656		0
7657		0
7658		4
7659		19.5
7660		14
7661		0
7662		0
7663		5
7664		18
7665		18
7666		8
7667		9
7668		0
7669		0
7670		0
7671		5
7672		12.25
7673		21
7674		7
7675		0
7676		4
7677		18
7678		12.5
7679		0
7680		21
7681		5.66667
7682		4
7683		0
7684		0
7685		11.75
7686		21
7687		0
7688		7
7689		0
7690		9
7691		18
7692		0
7693		21
7694		4
7695		6
7696		0
7697		0
7698		19.5
7699		10.3333
7700		0
7701		0
7702		7
7703		8.66667
7704		18
7705		0
7706		12.5
7707		0
7708		5
7709		7
7710		0
7711		19.5
7712		9.66667
7713		0
7714		8
7715		0
7716		12.5
7717		9.33333
7718		0
7719		13
7720		0
7721		4
7722		6
7723		7
7724		18
7725		21
7726		5.66667
7727		0
7728		6
7729		0
7730		7.4
7731		0
7732		21
7733		0
7734		0
7735		5
7736		33
7737		12.5
7738		14.5
7739		4
7740		0
7741		30
7742		0
7743		11.5
7744		5.66667
7745		21
7746		0
7747		0
7748		4
7749		21
7750		12.5
7751		14
7752		0
7753		5
7754		11
7755		0
7756		18
7757		4
7758		14
7759		0
7760		0
7761		0
7762		9.75
7763		18
7764		21
7765		7
7766		4
7767		11.5
7768		0
7769		18
7770		0
7771		10.3333
7772		7
7773		0
7774		7
7775		9.66667
7776		18
7777		21
7778		4
7779		7
7780		9.33333
7781		0
7782		18
7783		0
7784		9.66667
7785		0
7786		7.5
7787		0
7788		21
7789		9.33333
7790		21
7791		5
7792		0
7793		8.25
7794		0
7795		18
7796		0
7797		21
7798		5.66667
7799		0
7800		7
7801		21
7802		7.5
7803		21
7804		0
7805		0
7806		18
7807		5.66667
7808		18
7809		0
7810		14.5
7811		4
7812		6
7813		0
7814		7
7815		11.5
7816		10.3333
7817		0
7818		6
7819		0
7820		4
7821		12.5
7822		7
7823		21
7824		0
7825		5
7826		18.5
7827		0
7828		12.5
7829		9.66667
7830		0
7831		30
7832		0
7833		0
7834		9
7835		7
7836		21
7837		0
7838		4
7839		13
7840		0
7841		18
7842		14
7843		5
7844		18
7845		0
7846		7
7847		8.66667
7848		0
7849		14
7850		4
7851		0
7852		10.3333
7853		0
7854		18
7855		21
7856		5
7857		18
7858		8
7859		0
7860		18
7861		5
7862		21
7863		6
7864		0
7865		9.66667
7866		0
7867		18
7868		21
7869		0
7870		8.4
7871		0
7872		0
7873		18
7874		4
7875		21
7876		0
7877		7
7878		21
7879		5
7880		18
7881		21
7882		8
7883		8.66667
7884		7
7885		0
7886		18
7887		5
7888		10.3333
7889		0
7890		0
7891		14
7892		4
7893		18
7894		14
7895		0
7896		18
7897		5
7898		5.5
7899		18
7900		0
7901		9.66667
7902		6
7903		0
7904		0
7905		7
7906		9
7907		21
7908		6
7909		0
7910		4
7911		5
7912		12.5
7913		0
7914		21
7915		5
7916		33
7917		0
7918		7
7919		8.25
7920		21
7921		30
7922		4
7923		0
7924		5
7925		18
7926		7
7927		21
7928		4
7929		21
7930		8
7931		0
7932		18
7933		9.5
7934		18
7935		5
7936		0
7937		4
7938		18
7939		0
7940		14
7941		0
7942		9.5
7943		0
7944		0
7945		18
7946		8.25
7947		12.5
7948		0
7949		0
7950		0
7951		9.33333
7952		0
7953		21
7954		7.5
7955		9.66667
7956		0
7957		0
7958		18
7959		13
7960		9.33333
7961		7
7962		0
7963		0
7964		8.66667
7965		0
7966		14
7967		0
7968		14
7969		5
7970		4
7971		18
7972		21
7973		8.66667
7974		0
7975		7
7976		0
7977		18
7978		6
7979		21
7980		0
7981		21
7982		5
7983		5
7984		18
7985		21
7986		18
7987		5
7988		0
7989		7
7990		12.5
7991		4
7992		13.5
7993		0
7994		4
7995		0
7996		5.66667
7997		18
7998		13.5
7999		0
8000		4
8001		0
8002		8
8003		12.5
8004		0
8005		10.3333
8006		33
8007		5
8008		0
8009		4
8010		12.5
8011		25.5
8012		0
8013		0
8014		5.66667
8015		0
8016		18
8017		7
8018		8.25
8019		21
8020		0
8021		0
8022		0
8023		9.33333
8024		15.3333
8025		0
8026		8
8027		4
8028		0
8029		18
8030		0
8031		11
8032		10.3333
8033		0
8034		0
8035		0
8036		8.66667
8037		19.5
8038		7
8039		0
8040		0
8041		5
8042		11
8043		0
8044		21
8045		9
8046		0
8047		0
8048		0
8049		18
8050		11.4
8051		0
8052		7
8053		0
8054		4
8055		11.5
8056		0
8057		21
8058		21
8059		5.66667
8060		0
8061		0
8062		12.5
8063		11.75
8064		0
8065		0
8066		5.5
8067		0
8068		9.33333
8069		0
8070		21
8071		21
8072		4
8073		7
8074		8
8075		18
8076		19.5
8077		5
8078		0
8079		5
8080		7
8081		8.66667
8082		6
8083		21
8084		0
8085		0
8086		5.66667
8087		7
8088		12
8089		21
8090		4
8091		0
8092		0
8093		0
8094		12.5
8095		5
8096		27
8097		0
8098		8
8099		4
8100		0
8101		18.3333
8102		21
8103		5
8104		5
8105		0
8106		0
8107		18
8108		5
8109		21
8110		7
8111		0
8112		0
8113		5
8114		13.3333
8115		14
8116		0
8117		4
8118		0
8119		0
8120		18
8121		0
8122		11.1667
8123		0
8124		0
8125		0
8126		4
8127		13.6667
8128		21
8129		7
8130		0
8131		5
8132		0
8133		18
8134		7
8135		12.5
8136		7
8137		0
8138		4
8139		0
8140		11.5
8141		21
8142		0
8143		7
8144		4
8145		0
8146		13
8147		0
8148		21
8149		5
8150		7
8151		5
8152		0
8153		11
8154		21
8155		0
8156		0
8157		7
8158		5.66667
8159		18
8160		0
8161		21
8162		4
8163		0
8164		7
8165		0
8166		18
8167		10.3333
8168		0
8169		0
8170		8
8171		5
8172		12
8173		0
8174		21
8175		5
8176		5
8177		0
8178		6.5
8179		18
8180		9.66667
8181		0
8182		7
8183		0
8184		0
8185		8.75
8186		18.5
8187		21
8188		0
8189		4
8190		0
8191		30
8192		12.5
8193		21
8194		6
8195		0
8196		0
8197		0
8198		8.66667
8199		11
8200		21
8201		0
8202		0
8203		5
8204		18
8205		18
8206		11.6667
8207		4
8208		0
8209		0
8210		4
8211		18
8212		10.3333
8213		14
8214		0
8215		0
8216		4
8217		18
8218		13
8219		21
8220		7
8221		5
8222		0
8223		5
8224		18
8225		9.66667
8226		21
8227		7
8228		0
8229		0
8230		8.75
8231		18
8232		21
8233		0
8234		4.75
8235		0
8236		0
8237		18
8238		21
8239		10.3333
8240		0
8241		7
8242		8
8243		8.66667
8244		18
8245		21
8246		0
8247		5
8248		5.66667
8249		0
8250		18
8251		21
8252		9.66667
8253		0
8254		7
8255		7
8256		18
8257		9.33333
8258		12.5
8259		0
8260		0
8261		4
8262		6.5
8263		18
8264		0
8265		21
8266		6
8267		0
8268		6
8269		7
8270		8.66667
8271		13
8272		0
8273		0
8274		0
8275		5
8276		19.3333
8277		0
8278		14
8279		4
8280		0
8281		30
8282		4
8283		12.5
8284		10.3333
8285		0
8286		0
8287		0
8288		4
8289		19.5
8290		7.5
8291		21
8292		0
8293		5
8294		18
8295		5
8296		18
8297		9
8298		0
8299		0
8300		0
8301		0
8302		11.2
8303		0
8304		14
8305		0
8306		4
8307		18
8308		0
8309		18
8310		21
8311		5.66667
8312		0
8313		0
8314		8
8315		11.75
8316		0
8317		21
8318		7
8319		5
8320		9.33333
8321		0
8322		18
8323		21
8324		4
8325		7
8326		7
8327		0
8328		19.5
8329		5
8330		12.5
8331		0
8332		7
8333		8.66667
8334		0
8335		18
8336		21
8337		0
8338		6
8339		7
8340		0
8341		19.5
8342		4
8343		13
8344		0
8345		0
8346		12.5
8347		5
8348		18
8349		21
8350		7
8351		4
8352		6
8353		7
8354		11
8355		0
8356		10.3333
8357		0
8358		6
8359		0
8360		5
8361		18
8362		14.5
8363		0
8364		0
8365		5
8366		33
8367		10
8368		0
8369		9.66667
8370		0
8371		30
8372		0
8373		0
8374		8.4
8375		21
8376		0
8377		0
8378		4
8379		21
8380		18
8381		7
8382		21
8383		5
8384		18
8385		0
8386		8
8387		8.66667
8388		14
8389		0
8390		0
8391		5
8392		10.3333
8393		18
8394		0
8395		14
8396		4
8397		18
8398		7
8399		0
8400		18
8401		10.3333
8402		5.5
8403		0
8404		0
8405		9.66667
8406		18
8407		0
8408		21
8409		7
8410		9
8411		0
8412		0
8413		18
8414		9.66667
8415		5
8416		7
8417		0
8418		21
8419		9.33333
8420		0
8421		21
8422		7
8423		8.25
8424		0
8425		0
8426		11
8427		21
8428		5
8429		0
8430		7
8431		21
8432		8.66667
8433		0
8434		14.5
8435		0
8436		18
8437		5.66667
8438		0
8439		11.5
8440		21
8441		4
8442		6
8443		0
8444		7
8445		18
8446		5.66667
8447		21
8448		6
8449		0
8450		4
8451		7
8452		18
8453		21
8454		0
8455		5
8456		33
8457		0
8458		11
8459		4
8460		21
8461		30
8462		0
8463		5
8464		5
8465		12.5
8466		21
8467		0
8468		4
8469		21
8470		7
8471		18
8472		7
8473		10.3333
8474		11
8475		0
8476		0
8477		4
8478		18
8479		14
8480		0
8481		0
8482		9.75
8483		0
8484		18
8485		0
8486		9
8487		11.5
8488		0
8489		0
8490		0
8491		9.33333
8492		21
8493		7
8494		7
8495		9.66667
8496		0
8497		18
8498		4
8499		21
8500		8.75
8501		0
8502		0
8503		0
8504		8.66667
8505		21
8506		8
8507		7
8508		21
8509		5
8510		18
8511		5
8512		21
8513		8.66667
8514		7
8515		0
8516		0
8517		18
8518		9.5
8519		0
8520		0
8521		14
8522		4
8523		18
8524		0
8525		21
8526		18
8527		5
8528		7
8529		0
8530		13
8531		9.66667
8532		6
8533		0
8534		0
8535		6
8536		9.33333
8537		0
8538		13.5
8539		0
8540		4
8541		0
8542		7
8543		18
8544		21
8545		5
8546		18.5
8547		0
8548		0
8549		8.25
8550		0
8551		25.5
8552		0
8553		0
8554		6
8555		0
8556		12.5
8557		21
8558		4
8559		13
8560		0
8561		0
8562		18
8563		5.66667
8564		19.5
8565		0
8566		7
8567		4
8568		0
8569		18
8570		10.6667
8571		0
8572		10.3333
8573		0
8574		0
8575		18
8576		4
8577		15.3333
8578		8
8579		0
8580		0
8581		5
8582		18
8583		13
8584		7
8585		9.66667
8586		0
8587		0
8588		18
8589		0
8590		11.2
8591		7
8592		0
8593		0
8594		4
8595		18
8596		21
8597		0
8598		14
8599		5
8600		0
8601		18
8602		8
8603		11.75
8604		0
8605		7
8606		0
8607		5
8608		9.33333
8609		21
8610		0
8611		21
8612		5
8613		0
8614		12.5
8615		0
8616		19.5
8617		5
8618		4
8619		7
8620		0
8621		8.66667
8622		13.5
8623		0
8624		0
8625		0
8626		6.25
8627		18
8628		6
8629		21
8630		4
8631		5
8632		0
8633		7
8634		18
8635		10.3333
8636		33
8637		0
8638		7
8639		4
8640		12.5
8641		30
8642		12.5
8643		0
8644		5
8645		0
8646		0
8647		12.5
8648		9.66667
8649		21
8650		8
8651		0
8652		0
8653		9.33333
8654		12.5
8655		13
8656		0
8657		4
8658		0
8659		0
8660		18
8661		14
8662		9.5
8663		0
8664		0
8665		0
8666		7.5
8667		18
8668		14
8669		0
8670		0
8671		5
8672		0
8673		18
8674		14.5
8675		9
8676		0
8677		0
8678		0
8679		11.5
8680		9.33333
8681		21
8682		7
8683		0
8684		4
8685		0
8686		12.5
8687		21
8688		21
8689		5.66667
8690		4
8691		0
8692		18
8693		8.66667
8694		21
8695		0
8696		7
8697		0
8698		6
8699		18
8700		21
8701		21
8702		4
8703		6
8704		0
8705		18
8706		18
8707		10.3333
8708		0
8709		0
8710		7
8711		4
8712		12
8713		21
8714		4
8715		0
8716		5
8717		7
8718		12
8719		0
8720		9.66667
8721		0
8722		8
8723		0
8724		7
8725		9.33333
8726		27
8727		5
8728		0
8729		4
8730		0
8731		18.3333
8732		0
8733		21
8734		5.66667
8735		0
8736		0
8737		0
8738		7.4
8739		21
8740		0
8741		0
8742		0
8743		5
8744		18
8745		7
8746		14.5
8747		4
8748		0
8749		0
8750		0
8751		11.5
8752		11.8
8753		0
8754		0
8755		0
8756		4
8757		18
8758		7
8759		14
8760		0
8761		5
8762		4
8763		0
8764		18
8765		12.5
8766		7
8767		0
8768		0
8769		0
8770		10.8
8771		0
8772		21
8773		7
8774		4
8775		5
8776		0
8777		18
8778		21
8779		5
8780		7
8781		0
8782		7
8783		11
8784		0
8785		21
8786		4
8787		7
8788		5
8789		0
8790		18
8791		21
8792		4
8793		0
8794		7.5
8795		0
8796		18
8797		5
8798		21
8799		5
8800		0
8801		5
8802		6
8803		18
8804		21
8805		0
8806		5.66667
8807		0
8808		6.5
8809		18
8810		4
8811		21
8812		0
8813		0
8814		0
8815		5.66667
8816		25.5
8817		21
8818		8
8819		4
8820		0
8821		30
8822		12.5
8823		5
8824		10.3333
8825		0
8826		0
8827		0
8828		4
8829		15.3333
8830		14
8831		0
8832		0
8833		5
8834		11
8835		18
8836		7
8837		9.66667
8838		0
8839		0
8840		0
8841		0
8842		11.4
8843		14
8844		0
8845		0
8846		4
8847		11.5
8848		18
8849		0
8850		14
8851		5
8852		0
8853		0
8854		7
8855		11.75
8856		21
8857		7
8858		4
8859		0
8860		9.33333
8861		18
8862		0
8863		21
8864		5
8865		0
8866		8
8867		0
8868		19.5
8869		10.3333
8870		0
8871		6
8872		0
8873		8.66667
8874		18
8875		0
8876		21
8877		0
8878		6
8879		0
8880		0
8881		19.5
8882		8.25
8883		0
8884		0
8885		7
8886		18
8887		9.33333
8888		0
8889		21
8890		8
8891		4
8892		6.5
8893		0
8894		18
8895		13
8896		5
8897		0
8898		6
8899		7
8900		8.66667
8901		0
8902		14
8903		0
8904		0
8905		5
8906		14.6667
8907		18
8908		21
8909		4
8910		0
8911		30
8912		0
8913		12.5
8914		6
8915		21
8916		0
8917		0
8918		4
8919		13
8920		12.5
8921		21
8922		0
8923		5
8924		18
8925		0
8926		12.5
8927		5
8928		21
8929		0
8930		4
8931		0
8932		10.3333
8933		18
8934		14
8935		0
8936		4
8937		18
8938		8
8939		18
8940		0
8941		9.5
8942		0
8943		5
8944		0
8945		9.66667
8946		18
8947		21
8948		7
8949		0
8950		8.75
8951		0
8952		18
8953		0
8954		8.25
8955		7
8956		0
8957		0
8958		21
8959		9.33333
8960		21
8961		0
8962		7.5
8963		8.66667
8964		0
8965		18
8966		0
8967		13
8968		5
8969		7
8970		0
8971		21
8972		8.66667
8973		21
8974		7
8975		0
8976		12.5
8977		5
8978		11
8979		0
8980		21
8981		4
8982		6
8983		7
8984		0
8985		18
8986		9.75
8987		0
8988		6
8989		0
8990		5
8991		11.5
8992		0
8993		21
8994		0
8995		5
8996		33
8997		7
8998		12.5
8999		9.66667
9000		0
9001		30
9002		4
9003		0
9004		8.75
9005		0
9006		21
9007		0
9008		4
9009		21
9010		8
9011		12.5
9012		21
9013		5
9014		18
9015		5
9016		0
9017		8.66667
9018		7
9019		21
9020		0
9021		0
9022		9.5
9023		0
9024		18
9025		14
9026		4
9027		18
9028		0
9029		0
9030		18
9031		5
9032		14
9033		0
9034		8
9035		9.66667
9036		0
9037		18
9038		21
9039		6
9040		9.33333
9041		0
9042		0
9043		18
9044		4
9045		21
9046		7
9047		0
9048		21
9049		5
9050		11
9051		21
9052		0
9053		8.25
9054		0
9055		0
9056		18
9057		0
9058		9.75
9059		0
9060		7
9061		21
9062		4
9063		11.5
9064		21
9065		0
9066		18
9067		5.66667
9068		0
9069		18
9070		7
9071		9.66667
9072		6
9073		0
9074		5.5
9075		0
9076		9.33333
9077		21
9078		6
9079		0
9080		4
9081		7
9082		13
9083		0
9084		21
9085		5
9086		33
9087		5
9088		7
9089		8.66667
9090		21
9091		30
9092		0
9093		0
9094		5.66667
9095		12.5
9096		0
9097		21
9098		4
9099		21
9100		0
9101		0
9102		12.5
9103		10.3333
9104		18
9105		0
9106		8
9107		4
9108		18
9109		7
9110		21
9111		5
9112		10.3333
9113		0
9114		0
9115		18
9116		9
9117		18
9118		7
9119		0
9120		0
9121		9.33333
9122		4
9123		14
9124		0
9125		9.66667
9126		0
9127		0
9128		18
9129		21
9130		8.6
9131		0
9132		0
9133		0
9134		8.66667
9135		5
9136		21
9137		7
9138		21
9139		5
9140		0
9141		18
9142		14
9143		8.66667
9144		7
9145		0
9146		4
9147		18
9148		5
9149		21
9150		0
9151		14
9152		4
9153		0
9154		13
9155		21
9156		18
9157		5
9158		7
9159		5
9160		18
9161		4
9162		13.5
9163		0
9164		0
9165		7
9166		5.66667
9167		18
9168		13.5
9169		0
9170		4
9171		0
9172		7
9173		18
9174		0
9175		10.3333
9176		33
9177		0
9178		8
9179		5
9180		18
9181		25.5
9182		0
9183		5
9184		5
9185		0
9186		12.5
9187		0
9188		9.66667
9189		21
9190		7
9191		0
9192		0
9193		8.75
9194		14.3333
9195		0
9196		0
9197		4
9198		0
9199		18
9200		7
9201		21
9202		9.75
9203		0
9204		0
9205		0
9206		8.66667
9207		12.75
9208		0
9209		0
9210		0
9211		5
9212		18
9213		0
9214		11.6667
9215		9.66667
9216		0
9217		0
9218		4
9219		18
9220		12.25
9221		7
9222		0
9223		0
9224		4
9225		18
9226		8
9227		21
9228		14
9229		5
9230		0
9231		5
9232		18
9233		11.75
9234		0
9235		7
9236		0
9237		0
9238		8.75
9239		0
9240		21
9241		21
9242		4.75
9243		0
9244		0
9245		18
9246		19.5
9247		5
9248		0
9249		7
9250		8
9251		8.66667
9252		6
9253		21
9254		0
9255		5
9256		5.66667
9257		0
9258		12
9259		21
9260		4
9261		0
9262		7
9263		7
9264		18
9265		5
9266		19.3333
9267		0
9268		0
9269		4
9270		7
9271		24
9272		21
9273		0
9274		6
9275		0
9276		0
9277		12.5
9278		4
9279		15.6667
9280		0
9281		0
9282		0
9283		5
9284		14.3333
9285		21
9286		7
9287		4
9288		0
9289		0
9290		11
9291		7
9292		13
9293		0
9294		0
9295		0
9296		4
9297		18
9298		12
9299		0
9300		0
9301		5
9302		0
9303		11.5
9304		0
9305		11.4
9306		0
9307		0
9308		0
9309		0
9310		10.6
9311		21
9312		7
9313		0
9314		4
9315		0
9316		18
9317		0
9318		21
9319		5.66667
9320		0
9321		0
9322		8
9323		11
9324		21
9325		0
9326		7
9327		5
9328		5
9329		18
9330		0
9331		21
9332		4
9333		7
9334		7
9335		0
9336		18
9337		10.3333
9338		4
9339		0
9340		7
9341		4
9342		12
9343		0
9344		21
9345		0
9346		6
9347		7
9348		6
9349		18
9350		9.66667
9351		5
9352		0
9353		0
9354		7
9355		9.33333
9356		33
9357		21
9358		7
9359		4
9360		0
9361		18.5
9362		11
9363		21
9364		5
9365		0
9366		0
9367		0
9368		8.25
9369		21
9370		14.5
9371		0
9372		0
9373		5
9374		18
9375		10
9376		21
9377		4
9378		0
9379		0
9380		0
9381		18
9382		9
9383		21
9384		0
9385		0
9386		4
9387		18
9388		18
9389		14
9390		0
9391		5
9392		0
9393		0
9394		13
9395		9.66667
9396		14
9397		0
9398		0
9399		5
9400		9.33333
9401		18
9402		21
9403		7
9404		4
9405		0
9406		7
9407		18
9408		21
9409		10.3333
9410		5.5
9411		0
9412		0
9413		8.66667
9414		18
9415		21
9416		0
9417		7
9418		6
9419		0
9420		18
9421		21
9422		9.66667
9423		5
9424		7
9425		0
9426		18
9427		9.33333
9428		21
9429		0
9430		7
9431		5
9432		6
9433		18
9434		4
9435		21
9436		5
9437		0
9438		6.5
9439		0
9440		8.66667
9441		21
9442		8
9443		0
9444		0
9445		5.66667
9446		25.5
9447		5
9448		21
9449		4
9450		0
9451		30
9452		7
9453		18
9454		9.5
9455		0
9456		0
9457		0
9458		4
9459		15.3333
9460		0
9461		21
9462		0
9463		5
9464		18
9465		0
9466		11
9467		9.66667
9468		0
9469		0
9470		0
9471		5
9472		12.25
9473		7
9474		21
9475		0
9476		4
9477		18
9478		7
9479		18
9480		14
9481		5
9482		4
9483		0
9484		0
9485		11.75
9486		0
9487		14
9488		0
9489		0
9490		9
9491		0
9492		18
9493		21
9494		5
9495		5
9496		0
9497		0
9498		19.5
9499		5
9500		21
9501		7
9502		7
9503		8.66667
9504		0
9505		18
9506		12.5
9507		0
9508		5.66667
9509		0
9510		0
9511		19.5
9512		4
9513		21
9514		8
9515		7
9516		18
9517		5
9518		18
9519		13
9520		0
9521		4
9522		6.5
9523		0
9524		18
9525		0
9526		9.5
9527		0
9528		6
9529		7
9530		4
9531		18
9532		21
9533		0
9534		0
9535		5
9536		20
9537		18
9538		8
9539		9.66667
9540		0
9541		30
9542		0
9543		6
9544		9.33333
9545		21
9546		0
9547		0
9548		4
9549		21
9550		10.6667
9551		0
9552		21
9553		5
9554		11
9555		0
9556		0
9557		8.25
9558		21
9559		0
9560		0
9561		0
9562		9.75
9563		18
9564		7
9565		21
9566		4
9567		11.5
9568		0
9569		0
9570		18
9571		9.5
9572		0
9573		0
9574		7
9575		9.66667
9576		18
9577		0
9578		10.6667
9579		0
9580		9.33333
9581		0
9582		0
9583		18
9584		9.66667
9585		7
9586		8
9587		0
9588		21
9589		9.33333
9590		0
9591		13
9592		7
9593		8.66667
9594		0
9595		0
9596		18
9597		21
9598		5.66667
9599		7
9600		0
9601		21
9602		7.5
9603		0
9604		21
9605		0
9606		12.5
9607		5
9608		0
9609		18
9610		14.5
9611		4
9612		6
9613		7
9614		0
9615		11.5
9616		5
9617		21
9618		6
9619		0
9620		5
9621		0
9622		12.5
9623		21
9624		0
9625		5
9626		18.5
9627		7
9628		18
9629		4
9630		21
9631		30
9632		0
9633		0
9634		6.25
9635		18
9636		21
9637		0
9638		4
9639		13
9640		0
9641		12.5
9642		0
9643		10.3333
9644		18
9645		0
9646		7
9647		4
9648		12.5
9649		21
9650		4
9651		0
9652		10.3333
9653		0
9654		18
9655		7
9656		9.66667
9657		18
9658		8
9659		0
9660		0
9661		9.33333
9662		14
9663		5
9664		0
9665		9.66667
9666		0
9667		18
9668		0
9669		14
9670		8.75
9671		0
9672		0
9673		0
9674		7.5
9675		21
9676		7
9677		0
9678		21
9679		5
9680		18
9681		0
9682		14.5
9683		8.25
9684		0
9685		0
9686		0
9687		11.5
9688		10.3333
9689		0
9690		7
9691		21
9692		4
9693		18
9694		7
9695		21
9696		18
9697		5.66667
9698		4
9699		0
9700		18
9701		9.66667
9702		6
9703		0
9704		7
9705		0
9706		9
9707		0
9708		13.5
9709		0
9710		4
9711		6
9712		0
9713		18
9714		21
9715		5
9716		33
9717		0
9718		7
9719		8.66667
9720		0
9721		25.5
9722		4
9723		0
9724		5
9725		7
9726		18
9727		21
9728		4
9729		21
9730		8
9731		0
9732		12.5
9733		5
9734		19.5
9735		5
9736		0
9737		4
9738		0
9739		12.5
9740		21
9741		0
9742		9.5
9743		0
9744		0
9745		18
9746		4.75
9747		19.5
9748		0
9749		0
9750		0
9751		5
9752		18
9753		14
9754		8
9755		9.66667
9756		0
9757		0
9758		18
9759		5
9760		11.2
9761		0
9762		0
9763		0
9764		4
9765		18
9766		14
9767		7
9768		21
9769		5
9770		4
9771		18
9772		0
9773		11.75
9774		7
9775		0
9776		0
9777		0
9778		9
9779		21
9780		0
9781		14
9782		4
9783		5
9784		18
9785		0
9786		19.5
9787		5
9788		7
9789		0
9790		7
9791		8.66667
9792		13.5
9793		0
9794		4
9795		7
9796		5
9797		18
9798		6
9799		21
9800		4
9801		0
9802		7.5
9803		0
9804		18
9805		10.3333
9806		33
9807		5
9808		0
9809		5
9810		18
9811		30
9812		21
9813		0
9814		5.66667
9815		0
9816		7
9817		18
9818		8.25
9819		21
9820		0
9821		0
9822		0
9823		8.75
9824		18
9825		21
9826		8
9827		4
9828		0
9829		0
9830		12.5
9831		13
9832		10.3333
9833		0
9834		0
9835		0
9836		8.66667
9837		12.5
9838		14
9839		0
9840		0
9841		5
9842		4
9843		18
9844		14
9845		9.66667
9846		0
9847		0
9848		0
9849		18
9850		9
9851		14
9852		0
9853		0
9854		4
9855		5
9856		18
9857		21
9858		14
9859		5
9860		0
9861		0
9862		12.5
9863		8.66667
9864		21
9865		7
9866		4
9867		0
9868		5
9869		18
9870		21
9871		21
9872		5
9873		0
9874		8
9875		18
9876		18
9877		10.3333
9878		0
9879		6
9880		0
9881		4
9882		12
9883		21
9884		0
9885		0
9886		6
9887		0
9888		12
9889		0
9890		8.25
9891		0
9892		0
9893		7
9894		0
9895		9.33333
9896		27
9897		0
9898		8
9899		4
9900		7
9901		24
9902		0
9903		13
9904		5
9905		0
9906		0
9907		7
9908		8.66667
9909		21
9910		7
9911		0
9912		0
9913		5
9914		11.75
9915		0
9916		21
9917		4
9918		0
9919		0
9920		0
9921		12.5
9922		12
9923		0
9924		0
9925		0
9926		4
9927		13.6667
9928		7
9929		21
9930		0
9931		5
9932		0
9933		0
9934		12.5
9935		11.4
9936		0
9937		0
9938		4
9939		0
9940		11.5
9941		0
9942		14
9943		0
9944		4
9945		0
9946		8
9947		18
9948		21
9949		5.66667
9950		0
9951		5
9952		0
9953		11
9954		0
9955		21
9956		7
9957		0
9958		5.66667
9959		0
9960		18
9961		21
9962		4
9963		7
9964		0
9965		0
9966		18
9967		5
9968		21
9969		0
9970		7.5
9971		4
9972		6
9973		18
9974		21
9975		5
9976		5
9977		7
9978		6
9979		18
9980		4
9981		21
9982		7
9983		0
9984		7
9985		5
9986		18.3333
9987		21
9988		0
9989		4
9990		0
9991		18.5
9992		18
9993		0
9994		9.75
9995		0
9996		0
9997		0
9998		5
9999		14.6667
10000		21
