#Simcount		average latency
1		0
2		0
3		0
4		0
5		0
6		0
7		0
8		0
9		0
10		0
11		0
12		0
13		0
14		0
15		0
16		0
17		0
18		0
19		0
20		0
21		0
22		0
23		0
24		0
25		0
26		0
27		0
28		0
29		0
30		0
31		0
32		0
33		0
34		0
35		0
36		0
37		0
38		0
39		0
40		0
41		0
42		0
43		0
44		0
45		0
46		0
47		0
48		0
49		0
50		0
51		0
52		0
53		0
54		0
55		0
56		0
57		0
58		0
59		0
60		0
61		0
62		2
63		2
64		2
65		2.85714
66		0
67		0
68		4
69		4
70		4
71		0
72		3.25
73		2.75
74		3.8
75		5
76		3.66667
77		4.6
78		4
79		6.5
80		4
81		4.25
82		2.71429
83		2.66667
84		4.5
85		3
86		4.83333
87		4.5
88		4
89		5.28571
90		4
91		9
92		2.66667
93		3.75
94		3
95		0
96		4.2
97		0
98		4.71429
99		5
100		4
101		7.83333
102		3.4
103		5.66667
104		2
105		4
106		3.75
107		0
108		5
109		4
110		5.2
111		6.5
112		3.33333
113		6
114		3.6
115		7
116		4
117		4.33333
118		3.75
119		4
120		5
121		5.66667
122		5.16667
123		3.5
124		4
125		14.1667
126		4
127		6.5
128		6
129		4.16667
130		4.83333
131		4
132		6.8
133		4.125
134		4.4
135		0
136		4
137		6.8
138		3.6
139		12
140		6
141		4
142		6
143		2.5
144		8.5
145		3.25
146		5
147		0
148		4
149		6.625
150		4
151		6.66667
152		7.25
153		3.5
154		5.5
155		4
156		4.42857
157		4
158		4.33333
159		7
160		4
161		8.14286
162		3.28571
163		13
164		22
165		4.33333
166		4
167		3
168		7.83333
169		4.33333
170		5
171		0
172		3.5
173		7.55556
174		4.33333
175		20
176		3.5
177		3.8
178		3.5
179		0
180		6
181		9.25
182		3.71429
183		3
184		4
185		7.85714
186		4.33333
187		4.75
188		11.5
189		4.16667
190		5
191		4
192		10.125
193		4.8
194		5
195		0
196		3.4
197		4.33333
198		3.8
199		4.5
200		6
201		4
202		8
203		3
204		15
205		3.4
206		4.6
207		3
208		3.5
209		6.375
210		4
211		9.33333
212		9.75
213		4
214		6.66667
215		3
216		7
217		3
218		4.4
219		25
220		3.8
221		5
222		3.5
223		5.5
224		4
225		3.83333
226		3.66667
227		3.5
228		7.16667
229		5.75
230		5
231		0
232		3.75
233		9
234		4.25
235		17.5
236		4.8
237		3.66667
238		3.6
239		4
240		4.83333
241		5.6
242		4.4
243		0
244		4
245		9.44444
246		4.25
247		13.3333
248		4.33333
249		3.85714
250		5
251		0
252		7.125
253		3.8
254		5
255		0
256		3.6
257		4.71429
258		3.66667
259		11
260		8.75
261		4
262		9.5
263		4
264		5.33333
265		4
266		4.6
267		5
268		3.4
269		9.14286
270		4.25
271		13
272		11.3333
273		4.4
274		4.6
275		2
276		6
277		4
278		4.25
279		0
280		3.75
281		5.75
282		4.33333
283		10
284		4
285		4.2
286		6.75
287		3
288		5.25
289		10.6667
290		4.6
291		0
292		3.6
293		6.8
294		4
295		8.75
296		9
297		4
298		6
299		3.33333
300		9
301		4.83333
302		5
303		2
304		4
305		5.42857
306		4
307		10.3333
308		4.66667
309		3.8
310		3.4
311		0
312		8.375
313		4
314		4.6
315		2
316		3.6
317		4.5
318		4.33333
319		5.33333
320		11.6667
321		4
322		11
323		3
324		10.4286
325		4
326		4.6
327		5
328		3.6
329		8.5
330		3.8
331		14.3333
332		10.25
333		4
334		4.6
335		3
336		6.8
337		5.25
338		5
339		4
340		3.75
341		4.1
342		3.33333
343		8.5
344		3.66667
345		4.33333
346		8
347		4
348		5.125
349		10.6667
350		4.25
351		3
352		3.75
353		6.66667
354		4
355		9
356		12.5
357		4.2
358		6
359		4
360		8.16667
361		5.2
362		5
363		2.66667
364		3.25
365		5.66667
366		4
367		15.5
368		5
369		3.75
370		3.5
371		4
372		6.28571
373		3.25
374		4
375		3
376		4
377		4.4
378		4.33333
379		5.75
380		11.6667
381		3.75
382		9.4
383		3
384		7.125
385		3.5
386		4.5
387		5.5
388		4
389		8
390		4.33333
391		14.75
392		12.3333
393		3.6
394		4.16667
395		3
396		5.85714
397		5.66667
398		4.75
399		4
400		3.8
401		4.5
402		3.33333
403		10
404		4
405		3.8
406		9.33333
407		4
408		5.28571
409		8
410		5
411		4
412		3.75
413		6.5
414		3.5
415		9
416		9.33333
417		4.33333
418		5.6
419		4
420		8
421		5.75
422		4.25
423		2.66667
424		4
425		5
426		4.33333
427		15.75
428		5
429		4.2
430		3.33333
431		3.5
432		6.28571
433		2.75
434		4.25
435		4
436		3.75
437		9.2
438		3.75
439		10
440		9.5
441		3.75
442		3.5
443		3.33333
444		5.125
445		3.33333
446		5
447		5.5
448		3.75
449		7.375
450		4.33333
451		14.75
452		17
453		3.5
454		4
455		4
456		4.625
457		3.33333
458		7.83333
459		4
460		4
461		5
462		3.8
463		5
464		2
465		4
466		7.33333
467		3.5
468		8.5
469		9
470		4.4
471		0
472		3.75
473		7.8
474		3.75
475		13.75
476		3
477		3.75
478		4.66667
479		4.25
480		6.5
481		11.6667
482		7.6
483		3.33333
484		3
485		5.14286
486		4
487		6
488		6.5
489		3.75
490		3.4
491		4
492		4.75
493		3
494		5.2
495		5
496		3.25
497		8
498		4.25
499		8.6
500		7.66667
501		4.33333
502		4
503		3.75
504		5
505		5.66667
506		11
507		3.5
508		3.83333
509		7.25
510		3.83333
511		31
512		4
513		3.66667
514		4.33333
515		12
516		5
517		3.5
518		11
519		2.75
520		3.5
521		4.8
522		4.4
523		3
524		11
525		6.8
526		7.14286
527		6.5
528		8.33333
529		3.33333
530		5
531		0
532		4
533		7
534		4.2
535		12.5
536		5
537		5
538		4.83333
539		6.4
540		6
541		4.33333
542		4
543		3
544		3
545		4.9
546		7.25
547		5
548		4
549		7
550		6.33333
551		0
552		5
553		4.25
554		4.2
555		3
556		3.33333
557		6.42857
558		7.25
559		9.5
560		0
561		11
562		5.5
563		3.75
564		5
565		4.33333
566		6.375
567		0
568		4
569		66
570		4
571		5
572		2.5
573		7.4
574		3.83333
575		9.33333
576		5.5
577		3.66667
578		4.5
579		3
580		4
581		5.625
582		9.33333
583		7.25
584		2
585		7.16667
586		9.6
587		7
588		6.5
589		4
590		4.33333
591		0
592		3.4
593		7.33333
594		3.5
595		6
596		0
597		4
598		4.83333
599		7.25
600		5
601		3.33333
602		8.8
603		2.33333
604		3
605		5.125
606		7.75
607		20
608		3.5
609		6.71429
610		6.5
611		12
612		4.5
613		4.33333
614		5.5
615		2
616		3.33333
617		6.85714
618		5
619		10
620		4
621		4.8
622		5.5
623		2.66667
624		5.4
625		3.33333
626		4
627		3.5
628		4
629		5.625
630		7.14286
631		13
632		3
633		8.33333
634		3.71429
635		2
636		5
637		5
638		4.16667
639		2
640		4
641		4
642		10.75
643		8.66667
644		0
645		9.2
646		9
647		5
648		6.2
649		4
650		4.125
651		4
652		3.66667
653		8.57143
654		3.66667
655		3.5
656		2
657		4
658		4.71429
659		8
660		8.83333
661		3.33333
662		8.8
663		2
664		4
665		4.77778
666		8.5
667		9.66667
668		0
669		6.71429
670		6
671		8
672		6.6
673		4.33333
674		5
675		2
676		3.33333
677		6.5
678		5
679		3.75
680		4
681		5
682		5.8
683		3
684		5.4
685		3.33333
686		3.83333
687		3
688		4
689		5.625
690		7.28571
691		16.5
692		2
693		8.33333
694		6.28571
695		2.5
696		5.2
697		5
698		4.2
699		2.66667
700		4
701		6.57143
702		10.75
703		9.5
704		0
705		9.2
706		5.14286
707		5.5
708		6.2
709		4
710		4.25
711		4
712		3.33333
713		5.71429
714		3.83333
715		3.33333
716		2
717		4
718		4.2
719		15
720		8.83333
721		3.33333
722		8.8
723		2.33333
724		4
725		4.375
726		6.5
727		12.5
728		0
729		6.71429
730		8.83333
731		7
732		4.83333
733		4.33333
734		5.2
735		2.5
736		3.33333
737		7.1
738		4.66667
739		10.5
740		4
741		4.4
742		5
743		2.25
744		5.8
745		3.33333
746		3.83333
747		3
748		3
749		5.125
750		9
751		3.5
752		2.5
753		8.33333
754		6.28571
755		2.5
756		8
757		4.33333
758		4.2
759		3.5
760		4
761		6.28571
762		10.75
763		8.33333
764		0
765		9.2
766		5
767		4.5
768		5.16667
769		4.33333
770		4.8
771		4
772		3.75
773		5.33333
774		3.2
775		4.5
776		2
777		4
778		4.2
779		14.5
780		7.33333
781		3.33333
782		7.66667
783		3
784		4
785		4.28571
786		4.4
787		8.66667
788		2
789		7.16667
790		8.83333
791		11
792		7
793		4.33333
794		4.71429
795		2
796		3.33333
797		7.55556
798		4
799		11
800		3
801		4.14286
802		5.2
803		2.33333
804		4.75
805		3.25
806		7.8
807		3.5
808		15
809		5.14286
810		3.8
811		12
812		3
813		6.66667
814		5.875
815		11.5
816		5
817		4.25
818		6
819		0
820		4.5
821		5.88889
822		4.33333
823		12
824		4
825		4.71429
826		5.6
827		4.33333
828		5.4
829		4
830		6.5
831		3.5
832		3.66667
833		5.71429
834		3.5
835		3.5
836		4
837		4
838		4
839		18
840		7.57143
841		3.4
842		11.4
843		2.5
844		4
845		4.125
846		4.33333
847		9.66667
848		6
849		8.66667
850		8.5
851		5.66667
852		6
853		4.33333
854		4
855		2
856		3.33333
857		7.55556
858		4
859		9
860		4
861		4.33333
862		5
863		2.33333
864		8.4
865		3.16667
866		13.6
867		3.5
868		4
869		5.14286
870		4.33333
871		8.66667
872		4.5
873		6.66667
874		5.85714
875		14.5
876		5.33333
877		4.25
878		6.4
879		0
880		3.33333
881		6
882		4
883		4
884		6
885		4.375
886		6
887		4.33333
888		4.6
889		4
890		7.8
891		3.5
892		3.66667
893		5.71429
894		3.5
895		15.5
896		3.66667
897		4
898		4
899		20
900		4.33333
901		3.8
902		11.4
903		3
904		4
905		7
906		4.33333
907		17.5
908		4.5
909		7.71429
910		3.33333
911		10
912		4.71429
913		4
914		4
915		0
916		3.66667
917		7.75
918		4.25
919		2.5
920		6
921		3.875
922		4
923		2
924		9
925		3.8
926		13.6
927		4
928		4
929		6.71429
930		3.75
931		22
932		3.5
933		6.66667
934		3.25
935		32
936		4.75
937		4.25
938		7.33333
939		2
940		3
941		108
942		3.33333
943		7
944		4.33333
945		4.5
946		3.6
947		2
948		5
949		3.33333
950		7.16667
951		3
952		4
953		7.75
954		3
955		8.33333
956		4.5
957		4
958		4
959		8.66667
960		6.28571
961		4
962		9.5
963		0
964		4
965		6.11111
966		4
967		7.5
968		4.5
969		7.71429
970		4.4
971		4.5
972		5
973		3.66667
974		6.71429
975		4
976		3.33333
977		5
978		4.33333
979		2.66667
980		4
981		4.8
982		6.71429
983		20
984		11.6
985		3.83333
986		8.5
987		3
988		3
989		6.625
990		4.33333
991		13.3333
992		6
993		6.14286
994		4.57143
995		6
996		5.4
997		4.33333
998		6.5
999		2.5
1000		3.33333
1001		5.11111
1002		3.25
1003		7
1004		5
1005		4.85714
1006		4
1007		2.5
1008		8.4
1009		3.2
1010		11.5
1011		3.66667
1012		4
1013		8.14286
1014		4.33333
1015		9
1016		6
1017		9
1018		4.2
1019		32
1020		7.2
1021		4.25
1022		4
1023		5
1024		15
1025		7.33333
1026		8.5
1027		17
1028		4
1029		4
1030		4.25
1031		12
1032		7.2
1033		4
1034		4
1035		4.5
1036		4
1037		158.333
1038		4.5
1039		4
1040		0
1041		4
1042		4.25
1043		0
1044		359.667
1045		4
1046		4
1047		5
1048		4
1049		4
1050		4
1051		491.5
1052		4
1053		4
1054		0
1055		4
1056		4
1057		0
1058		12
1059		4
1060		4
1061		0
1062		4
1063		0
1064		0
1065		0
1066		4
1067		0
1068		0
1069		0
1070		0
1071		0
1072		0
1073		0
1074		0
1075		0
1076		0
1077		0
1078		0
1079		0
1080		0
1081		0
1082		0
1083		0
1084		0
1085		0
1086		0
1087		0
1088		0
1089		0
1090		0
1091		0
1092		0
1093		0
1094		0
1095		0
1096		0
1097		0
1098		0
1099		0
1100		0
1101		0
1102		0
1103		0
1104		0
1105		0
1106		0
1107		0
1108		0
1109		0
1110		0
1111		0
1112		0
1113		0
1114		0
1115		0
1116		0
1117		0
1118		0
1119		0
1120		0
1121		0
1122		0
1123		0
1124		0
1125		0
1126		0
1127		0
1128		0
1129		0
1130		0
1131		0
1132		0
1133		0
1134		0
1135		0
1136		0
1137		0
1138		0
1139		0
1140		0
1141		0
1142		0
1143		0
1144		0
1145		0
1146		0
1147		0
1148		0
1149		0
1150		0
1151		0
1152		0
1153		0
1154		0
1155		0
1156		0
1157		0
1158		0
1159		0
1160		0
1161		0
1162		0
1163		0
1164		0
1165		0
1166		0
1167		0
1168		0
1169		0
1170		0
1171		0
1172		0
1173		0
1174		0
1175		0
1176		0
1177		0
1178		0
1179		0
1180		0
1181		0
1182		0
1183		0
1184		0
1185		0
1186		0
1187		0
1188		0
1189		0
1190		0
1191		0
1192		0
1193		0
1194		0
1195		0
1196		0
1197		0
1198		0
1199		0
1200		0
1201		0
1202		0
1203		0
1204		0
1205		0
1206		0
1207		0
1208		0
1209		0
1210		0
1211		0
1212		0
1213		0
1214		0
1215		0
1216		0
1217		0
1218		0
1219		0
1220		0
1221		0
1222		0
1223		0
1224		0
1225		0
1226		0
1227		0
1228		0
1229		0
1230		0
1231		0
1232		0
1233		0
1234		0
1235		0
1236		0
1237		0
1238		0
1239		0
1240		0
1241		0
1242		0
1243		0
1244		0
1245		0
1246		0
1247		0
1248		0
1249		0
1250		0
1251		0
1252		0
1253		0
1254		0
1255		0
1256		0
1257		0
1258		0
1259		0
1260		0
1261		0
1262		0
1263		0
1264		0
1265		0
1266		0
1267		0
1268		0
1269		0
1270		0
1271		0
1272		0
1273		0
1274		0
1275		0
1276		0
1277		0
1278		0
1279		0
1280		0
1281		0
1282		0
1283		0
1284		0
1285		0
1286		0
1287		0
1288		0
1289		0
1290		0
1291		0
1292		0
1293		0
1294		0
1295		0
1296		0
1297		0
1298		0
1299		0
1300		0
1301		0
1302		0
1303		0
1304		0
1305		0
1306		0
1307		0
1308		0
1309		0
1310		0
1311		0
1312		0
1313		0
1314		0
1315		0
1316		0
1317		0
1318		0
1319		0
1320		0
1321		0
1322		0
1323		0
1324		0
1325		0
1326		0
1327		0
1328		0
1329		0
1330		0
1331		0
1332		0
1333		0
1334		0
1335		0
1336		0
1337		0
1338		0
1339		0
1340		0
1341		0
1342		0
1343		0
1344		0
1345		0
1346		0
1347		0
1348		0
1349		0
1350		0
1351		0
1352		0
1353		0
1354		0
1355		0
1356		0
1357		0
1358		0
1359		0
1360		0
1361		0
1362		0
1363		0
1364		0
1365		0
1366		0
1367		0
1368		0
1369		0
1370		0
1371		0
1372		0
1373		0
1374		0
1375		0
1376		0
1377		0
1378		0
1379		0
1380		0
1381		0
1382		0
1383		0
1384		0
1385		0
1386		0
1387		0
1388		0
1389		0
1390		0
1391		0
1392		0
1393		0
1394		0
1395		0
1396		0
1397		0
1398		0
1399		0
1400		0
1401		0
1402		0
1403		0
1404		0
1405		0
1406		0
1407		0
1408		0
1409		0
1410		0
1411		0
1412		0
1413		0
1414		0
1415		0
1416		0
1417		0
1418		0
1419		0
1420		0
1421		0
1422		0
1423		0
1424		0
1425		0
1426		0
1427		0
1428		0
1429		0
1430		0
1431		0
1432		0
1433		0
1434		0
1435		0
1436		0
1437		0
1438		0
1439		0
1440		0
1441		0
1442		0
1443		0
1444		0
1445		0
1446		0
1447		0
1448		0
1449		0
1450		0
1451		0
1452		0
1453		0
1454		0
1455		0
1456		0
1457		0
1458		0
1459		0
1460		0
1461		0
1462		0
1463		0
1464		0
1465		0
1466		0
1467		0
1468		0
1469		0
1470		0
1471		0
1472		0
1473		0
1474		0
1475		0
1476		0
1477		0
1478		0
1479		0
1480		0
1481		0
1482		0
1483		0
1484		0
1485		0
1486		0
1487		0
1488		0
1489		0
1490		0
1491		0
1492		0
1493		0
1494		0
1495		0
1496		0
1497		0
1498		0
1499		0
1500		0
1501		0
1502		0
1503		0
1504		0
1505		0
1506		0
1507		0
1508		0
1509		0
1510		0
1511		0
1512		0
1513		0
1514		0
1515		0
1516		0
1517		0
1518		0
1519		0
1520		0
1521		0
1522		0
1523		0
1524		0
1525		0
1526		0
1527		0
1528		0
1529		0
1530		0
1531		0
1532		0
1533		0
1534		0
1535		0
1536		0
1537		0
1538		0
1539		0
1540		0
1541		0
1542		0
1543		0
1544		0
1545		0
1546		0
1547		0
1548		0
1549		0
1550		0
1551		0
1552		0
1553		0
1554		0
1555		0
1556		0
1557		0
1558		0
1559		0
1560		0
1561		0
1562		0
1563		0
1564		0
1565		0
1566		0
1567		0
1568		0
1569		0
1570		0
1571		0
1572		0
1573		0
1574		0
1575		0
1576		0
1577		0
1578		0
1579		0
1580		0
1581		0
1582		0
1583		0
1584		0
1585		0
1586		0
1587		0
1588		0
1589		0
1590		0
1591		0
1592		0
1593		0
1594		0
1595		0
1596		0
1597		0
1598		0
1599		0
1600		0
1601		0
1602		0
1603		0
1604		0
1605		0
1606		0
1607		0
1608		0
1609		0
1610		0
1611		0
1612		0
1613		0
1614		0
1615		0
1616		0
1617		0
1618		0
1619		0
1620		0
1621		0
1622		0
1623		0
1624		0
1625		0
1626		0
1627		0
1628		0
1629		0
1630		0
1631		0
1632		0
1633		0
1634		0
1635		0
1636		0
1637		0
1638		0
1639		0
1640		0
1641		0
1642		0
1643		0
1644		0
1645		0
1646		0
1647		0
1648		0
1649		0
1650		0
1651		0
1652		0
1653		0
1654		0
1655		0
1656		0
1657		0
1658		0
1659		0
1660		0
1661		0
1662		0
1663		0
1664		0
1665		0
1666		0
1667		0
1668		0
1669		0
1670		0
1671		0
1672		0
1673		0
1674		0
1675		0
1676		0
1677		0
1678		0
1679		0
1680		0
1681		0
1682		0
1683		0
1684		0
1685		0
1686		0
1687		0
1688		0
1689		0
1690		0
1691		0
1692		0
1693		0
1694		0
1695		0
1696		0
1697		0
1698		0
1699		0
1700		0
1701		0
1702		0
1703		0
1704		0
1705		0
1706		0
1707		0
1708		0
1709		0
1710		0
1711		0
1712		0
1713		0
1714		0
1715		0
1716		0
1717		0
1718		0
1719		0
1720		0
1721		0
1722		0
1723		0
1724		0
1725		0
1726		0
1727		0
1728		0
1729		0
1730		0
1731		0
1732		0
1733		0
1734		0
1735		0
1736		0
1737		0
1738		0
1739		0
1740		0
1741		0
1742		0
1743		0
1744		0
1745		0
1746		0
1747		0
1748		0
1749		0
1750		0
1751		0
1752		0
1753		0
1754		0
1755		0
1756		0
1757		0
1758		0
1759		0
1760		0
1761		0
1762		0
1763		0
1764		0
1765		0
1766		0
1767		0
1768		0
1769		0
1770		0
1771		0
1772		0
1773		0
1774		0
1775		0
1776		0
1777		0
1778		0
1779		0
1780		0
1781		0
1782		0
1783		0
1784		0
1785		0
1786		0
1787		0
1788		0
1789		0
1790		0
1791		0
1792		0
1793		0
1794		0
1795		0
1796		0
1797		0
1798		0
1799		0
1800		0
1801		0
1802		0
1803		0
1804		0
1805		0
1806		0
1807		0
1808		0
1809		0
1810		0
1811		0
1812		0
1813		0
1814		0
1815		0
1816		0
1817		0
1818		0
1819		0
1820		0
1821		0
1822		0
1823		0
1824		0
1825		0
1826		0
1827		0
1828		0
1829		0
1830		0
1831		0
1832		0
1833		0
1834		0
1835		0
1836		0
1837		0
1838		0
1839		0
1840		0
1841		0
1842		0
1843		0
1844		0
1845		0
1846		0
1847		0
1848		0
1849		0
1850		0
1851		0
1852		0
1853		0
1854		0
1855		0
1856		0
1857		0
1858		0
1859		0
1860		0
1861		0
1862		0
1863		0
1864		0
1865		0
1866		0
1867		0
1868		0
1869		0
1870		0
1871		0
1872		0
1873		0
1874		0
1875		0
1876		0
1877		0
1878		0
1879		0
1880		0
1881		0
1882		0
1883		0
1884		0
1885		0
1886		0
1887		0
1888		0
1889		0
1890		0
1891		0
1892		0
1893		0
1894		0
1895		0
1896		0
1897		0
1898		0
1899		0
1900		0
1901		0
1902		0
1903		0
1904		0
1905		0
1906		0
1907		0
1908		0
1909		0
1910		0
1911		0
1912		0
1913		0
1914		0
1915		0
1916		0
1917		0
1918		0
1919		0
1920		0
1921		0
1922		0
1923		0
1924		0
1925		0
1926		0
1927		0
1928		0
1929		0
1930		0
1931		0
1932		0
1933		0
1934		0
1935		0
1936		0
1937		0
1938		0
1939		0
1940		0
1941		0
1942		0
1943		0
1944		0
1945		0
1946		0
1947		0
1948		0
1949		0
1950		0
1951		0
1952		0
1953		0
1954		0
1955		0
1956		0
1957		0
1958		0
1959		0
1960		0
1961		0
1962		0
1963		0
1964		0
1965		0
1966		0
1967		0
1968		0
1969		0
1970		0
1971		0
1972		0
1973		0
1974		0
1975		0
1976		0
1977		0
1978		0
1979		0
1980		0
1981		0
1982		0
1983		0
1984		0
1985		0
1986		0
1987		0
1988		0
1989		0
1990		0
1991		0
1992		0
1993		0
1994		0
1995		0
1996		0
1997		0
1998		0
1999		0
2000		0
2001		0
2002		0
2003		0
2004		0
2005		0
2006		0
2007		0
2008		0
2009		0
2010		0
2011		0
2012		0
2013		0
2014		0
2015		0
2016		0
2017		0
2018		0
2019		0
2020		0
2021		0
2022		0
2023		0
2024		0
2025		0
2026		0
2027		0
2028		0
2029		0
2030		0
2031		0
2032		0
2033		0
2034		0
2035		0
2036		0
2037		0
2038		0
2039		0
2040		0
2041		0
2042		0
2043		0
2044		0
2045		0
2046		0
2047		0
2048		0
2049		0
2050		0
2051		0
2052		0
2053		0
2054		0
2055		0
2056		0
2057		0
2058		0
2059		0
2060		0
2061		0
2062		0
2063		0
2064		0
2065		0
2066		0
2067		0
2068		0
2069		0
2070		0
2071		0
2072		0
2073		0
2074		0
2075		0
2076		0
2077		0
2078		0
2079		0
2080		0
2081		0
2082		0
2083		0
2084		0
2085		0
2086		0
2087		0
2088		0
2089		0
2090		0
2091		0
2092		0
2093		0
2094		0
2095		0
2096		0
2097		0
2098		0
2099		0
2100		0
2101		0
2102		0
2103		0
2104		0
2105		0
2106		0
2107		0
2108		0
2109		0
2110		0
2111		0
2112		0
2113		0
2114		0
2115		0
2116		0
2117		0
2118		0
2119		0
2120		0
2121		0
2122		0
2123		0
2124		0
2125		0
2126		0
2127		0
2128		0
2129		0
2130		0
2131		0
2132		0
2133		0
2134		0
2135		0
2136		0
2137		0
2138		0
2139		0
2140		0
2141		0
2142		0
2143		0
2144		0
2145		0
2146		0
2147		0
2148		0
2149		0
2150		0
2151		0
2152		0
2153		0
2154		0
2155		0
2156		0
2157		0
2158		0
2159		0
2160		0
2161		0
2162		0
2163		0
2164		0
2165		0
2166		0
2167		0
2168		0
2169		0
2170		0
2171		0
2172		0
2173		0
2174		0
2175		0
2176		0
2177		0
2178		0
2179		0
2180		0
2181		0
2182		0
2183		0
2184		0
2185		0
2186		0
2187		0
2188		0
2189		0
2190		0
2191		0
2192		0
2193		0
2194		0
2195		0
2196		0
2197		0
2198		0
2199		0
2200		0
2201		0
2202		0
2203		0
2204		0
2205		0
2206		0
2207		0
2208		0
2209		0
2210		0
2211		0
2212		0
2213		0
2214		0
2215		0
2216		0
2217		0
2218		0
2219		0
2220		0
2221		0
2222		0
2223		0
2224		0
2225		0
2226		0
2227		0
2228		0
2229		0
2230		0
2231		0
2232		0
2233		0
2234		0
2235		0
2236		0
2237		0
2238		0
2239		0
2240		0
2241		0
2242		0
2243		0
2244		0
2245		0
2246		0
2247		0
2248		0
2249		0
2250		0
2251		0
2252		0
2253		0
2254		0
2255		0
2256		0
2257		0
2258		0
2259		0
2260		0
2261		0
2262		0
2263		0
2264		0
2265		0
2266		0
2267		0
2268		0
2269		0
2270		0
2271		0
2272		0
2273		0
2274		0
2275		0
2276		0
2277		0
2278		0
2279		0
2280		0
2281		0
2282		0
2283		0
2284		0
2285		0
2286		0
2287		0
2288		0
2289		0
2290		0
2291		0
2292		0
2293		0
2294		0
2295		0
2296		0
2297		0
2298		0
2299		0
2300		0
2301		0
2302		0
2303		0
2304		0
2305		0
2306		0
2307		0
2308		0
2309		0
2310		0
2311		0
2312		0
2313		0
2314		0
2315		0
2316		0
2317		0
2318		0
2319		0
2320		0
2321		0
2322		0
2323		0
2324		0
2325		0
2326		0
2327		0
2328		0
2329		0
2330		0
2331		0
2332		0
2333		0
2334		0
2335		0
2336		0
2337		0
2338		0
2339		0
2340		0
2341		0
2342		0
2343		0
2344		0
2345		0
2346		0
2347		0
2348		0
2349		0
2350		0
2351		0
2352		0
2353		0
2354		0
2355		0
2356		0
2357		0
2358		0
2359		0
2360		0
2361		0
2362		0
2363		0
2364		0
2365		0
2366		0
2367		0
2368		0
2369		0
2370		0
2371		0
2372		0
2373		0
2374		0
2375		0
2376		0
2377		0
2378		0
2379		0
2380		0
2381		0
2382		0
2383		0
2384		0
2385		0
2386		0
2387		0
2388		0
2389		0
2390		0
2391		0
2392		0
2393		0
2394		0
2395		0
2396		0
2397		0
2398		0
2399		0
2400		0
2401		0
2402		0
2403		0
2404		0
2405		0
2406		0
2407		0
2408		0
2409		0
2410		0
2411		0
2412		0
2413		0
2414		0
2415		0
2416		0
2417		0
2418		0
2419		0
2420		0
2421		0
2422		0
2423		0
2424		0
2425		0
2426		0
2427		0
2428		0
2429		0
2430		0
2431		0
2432		0
2433		0
2434		0
2435		0
2436		0
2437		0
2438		0
2439		0
2440		0
2441		0
2442		0
2443		0
2444		0
2445		0
2446		0
2447		0
2448		0
2449		0
2450		0
2451		0
2452		0
2453		0
2454		0
2455		0
2456		0
2457		0
2458		0
2459		0
2460		0
2461		0
2462		0
2463		0
2464		0
2465		0
2466		0
2467		0
2468		0
2469		0
2470		0
2471		0
2472		0
2473		0
2474		0
2475		0
2476		0
2477		0
2478		0
2479		0
2480		0
2481		0
2482		0
2483		0
2484		0
2485		0
2486		0
2487		0
2488		0
2489		0
2490		0
2491		0
2492		0
2493		0
2494		0
2495		0
2496		0
2497		0
2498		0
2499		0
2500		0
2501		0
2502		0
2503		0
2504		0
2505		0
2506		0
2507		0
2508		0
2509		0
2510		0
2511		0
2512		0
2513		0
2514		0
2515		0
2516		0
2517		0
2518		0
2519		0
2520		0
2521		0
2522		0
2523		0
2524		0
2525		0
2526		0
2527		0
2528		0
2529		0
2530		0
2531		0
2532		0
2533		0
2534		0
2535		0
2536		0
2537		0
2538		0
2539		0
2540		0
2541		0
2542		0
2543		0
2544		0
2545		0
2546		0
2547		0
2548		0
2549		0
2550		0
2551		0
2552		0
2553		0
2554		0
2555		0
2556		0
2557		0
2558		0
2559		0
2560		0
2561		0
2562		0
2563		0
2564		0
2565		0
2566		0
2567		0
2568		0
2569		0
2570		0
2571		0
2572		0
2573		0
2574		0
2575		0
2576		0
2577		0
2578		0
2579		0
2580		0
2581		0
2582		0
2583		0
2584		0
2585		0
2586		0
2587		0
2588		0
2589		0
2590		0
2591		0
2592		0
2593		0
2594		0
2595		0
2596		0
2597		0
2598		0
2599		0
2600		0
2601		0
2602		0
2603		0
2604		0
2605		0
2606		0
2607		0
2608		0
2609		0
2610		0
2611		0
2612		0
2613		0
2614		0
2615		0
2616		0
2617		0
2618		0
2619		0
2620		0
2621		0
2622		0
2623		0
2624		0
2625		0
2626		0
2627		0
2628		0
2629		0
2630		0
2631		0
2632		0
2633		0
2634		0
2635		0
2636		0
2637		0
2638		0
2639		0
2640		0
2641		0
2642		0
2643		0
2644		0
2645		0
2646		0
2647		0
2648		0
2649		0
2650		0
2651		0
2652		0
2653		0
2654		0
2655		0
2656		0
2657		0
2658		0
2659		0
2660		0
2661		0
2662		0
2663		0
2664		0
2665		0
2666		0
2667		0
2668		0
2669		0
2670		0
2671		0
2672		0
2673		0
2674		0
2675		0
2676		0
2677		0
2678		0
2679		0
2680		0
2681		0
2682		0
2683		0
2684		0
2685		0
2686		0
2687		0
2688		0
2689		0
2690		0
2691		0
2692		0
2693		0
2694		0
2695		0
2696		0
2697		0
2698		0
2699		0
2700		0
2701		0
2702		0
2703		0
2704		0
2705		0
2706		0
2707		0
2708		0
2709		0
2710		0
2711		0
2712		0
2713		0
2714		0
2715		0
2716		0
2717		0
2718		0
2719		0
2720		0
2721		0
2722		0
2723		0
2724		0
2725		0
2726		0
2727		0
2728		0
2729		0
2730		0
2731		0
2732		0
2733		0
2734		0
2735		0
2736		0
2737		0
2738		0
2739		0
2740		0
2741		0
2742		0
2743		0
2744		0
2745		0
2746		0
2747		0
2748		0
2749		0
2750		0
2751		0
2752		0
2753		0
2754		0
2755		0
2756		0
2757		0
2758		0
2759		0
2760		0
2761		0
2762		0
2763		0
2764		0
2765		0
2766		0
2767		0
2768		0
2769		0
2770		0
2771		0
2772		0
2773		0
2774		0
2775		0
2776		0
2777		0
2778		0
2779		0
2780		0
2781		0
2782		0
2783		0
2784		0
2785		0
2786		0
2787		0
2788		0
2789		0
2790		0
2791		0
2792		0
2793		0
2794		0
2795		0
2796		0
2797		0
2798		0
2799		0
2800		0
2801		0
2802		0
2803		0
2804		0
2805		0
2806		0
2807		0
2808		0
2809		0
2810		0
2811		0
2812		0
2813		0
2814		0
2815		0
2816		0
2817		0
2818		0
2819		0
2820		0
2821		0
2822		0
2823		0
2824		0
2825		0
2826		0
2827		0
2828		0
2829		0
2830		0
2831		0
2832		0
2833		0
2834		0
2835		0
2836		0
2837		0
2838		0
2839		0
2840		0
2841		0
2842		0
2843		0
2844		0
2845		0
2846		0
2847		0
2848		0
2849		0
2850		0
2851		0
2852		0
2853		0
2854		0
2855		0
2856		0
2857		0
2858		0
2859		0
2860		0
2861		0
2862		0
2863		0
2864		0
2865		0
2866		0
2867		0
2868		0
2869		0
2870		0
2871		0
2872		0
2873		0
2874		0
2875		0
2876		0
2877		0
2878		0
2879		0
2880		0
2881		0
2882		0
2883		0
2884		0
2885		0
2886		0
2887		0
2888		0
2889		0
2890		0
2891		0
2892		0
2893		0
2894		0
2895		0
2896		0
2897		0
2898		0
2899		0
2900		0
2901		0
2902		0
2903		0
2904		0
2905		0
2906		0
2907		0
2908		0
2909		0
2910		0
2911		0
2912		0
2913		0
2914		0
2915		0
2916		0
2917		0
2918		0
2919		0
2920		0
2921		0
2922		0
2923		0
2924		0
2925		0
2926		0
2927		0
2928		0
2929		0
2930		0
2931		0
2932		0
2933		0
2934		0
2935		0
2936		0
2937		0
2938		0
2939		0
2940		0
2941		0
2942		0
2943		0
2944		0
2945		0
2946		0
2947		0
2948		0
2949		0
2950		0
2951		0
2952		0
2953		0
2954		0
2955		0
2956		0
2957		0
2958		0
2959		0
2960		0
2961		0
2962		0
2963		0
2964		0
2965		0
2966		0
2967		0
2968		0
2969		0
2970		0
2971		0
2972		0
2973		0
2974		0
2975		0
2976		0
2977		0
2978		0
2979		0
2980		0
2981		0
2982		0
2983		0
2984		0
2985		0
2986		0
2987		0
2988		0
2989		0
2990		0
2991		0
2992		0
2993		0
2994		0
2995		0
2996		0
2997		0
2998		0
2999		0
3000		0
