Tile	Output		Total no.	Total no.	avg. latency	avg. latency	average
ID	channel		of packets	of flits	per packet	per flit	throughput
							(clock cycles)	(clock cycles)	(Gbps)
0	South		222		888		3.3964		0.849099		0
0	East		0		0		0		0		0
0	50		200		4		1		22.2222
1	South		0		0		0		0		0
1	East		0		0		0		0		0
1	West		222		888		3.22072		0.80518		0
1	105		420		4		1		50.9091
2	South		0		0		0		0		0
2	East		0		0		0		0		0
2	West		148		592		2.4527		0.613176		0
2	46		184		4		1		24.5333
3	South		0		0		0		0		0
3	West		74		296		2.39189		0.597973		0
3	35		140		3.71429		0.928571		16.9697
4	North		50		200		3.9		0.975		0
4	South		162		648		4.31482		1.0787		0
4	East		74		296		2.47297		0.618243		0
4	110		440		4.50909		1.12727		67.6923
5	North		105		420		2.6381		0.659524		0
5	South		86		344		2.45349		0.613372		0
5	East		0		0		0		0		0
5	West		23		92		4.17391		1.04348		0
5	44		176		3.72727		0.931818		32
6	North		46		184		3.80435		0.951087		0
6	South		10		40		2		0.5		0
6	East		0		0		0		0		0
6	West		115		460		2.37391		0.593478		0
6	57		228		3.7193		0.929825		43.4286
7	North		35		140		3.82857		0.957143		0
7	South		12		48		2.58333		0.645833		0
7	West		57		228		2.50877		0.627193		0
7	41		164		3.85366		0.963415		27.3333
8	North		77		308		3.7013		0.925325		0
8	South		105		420		4.24762		1.0619		0
8	East		60		240		2.5		0.625		0
8	110		440		4.56364		1.14091		73.3333
9	North		69		276		3.15942		0.789855		0
9	South		24		96		2.91667		0.729167		0
9	East		74		296		2.31081		0.577703		0
9	West		68		272		3.19118		0.797794		0
9	120		480		5.33333		1.33333		112.941
10	North		97		388		3.30928		0.82732		0
10	South		34		136		3.08824		0.772059		0
10	East		46		184		2.82609		0.706522		0
10	West		84		336		2.32143		0.580357		0
10	41		164		4.09756		1.02439		46.8571
11	North		71		284		3.46479		0.866197		0
11	South		22		88		3.13636		0.784091		0
11	West		64		256		2.54688		0.636719		0
11	32		128		3.25		0.8125		30.1176
12	North		48		192		3.29167		0.822917		0
12	East		62		248		2.69355		0.673387		0
12	124		496		4.22581		1.05645		73.4815
13	North		51		204		2.54902		0.637255		0
13	East		92		368		2.29348		0.57337		0
13	West		56		224		3.03571		0.758929		0
13	36		144		3.72222		0.930556		36
14	North		80		320		3.0375		0.759375		0
14	East		51		204		3.01961		0.754902		0
14	West		75		300		2.32		0.58		0
14	51		204		3.72549		0.931373		54.4
15	North		57		228		3.10526		0.776316		0
15	West		57		228		2.42105		0.605263		0
15	32		128		3.5625		0.890625		28.4444

Overall average latency per channel (in clock cycles per flit) = 0.831083

Overall average latency per channel(in clock cycles per packet) = 3.32433

Overall total throughput is 46.2915

Overall average latency (in clock cycles per flit) = 14.1905

Total Flits Generated = 4136
Total Flits Received = 4136
