#Simcount		average latency
1		0
2		0
3		0
4		0
5		0
6		0
7		0
8		0
9		0
10		0
11		0
12		0
13		0
14		0
15		0
16		0
17		0
18		0
19		3
20		0
21		2
22		3
23		4
24		0
25		6.5
26		4.25
27		6
28		2
29		3
30		3.25
31		3.33333
32		4.75
33		4.5
34		4
35		6
36		4
37		7.5
38		5
39		3
40		5
41		5.625
42		6
43		6
44		5
45		7
46		6
47		6
48		3.42857
49		3
50		3.5
51		5.33333
52		7
53		12.3333
54		7.33333
55		6
56		7
57		12.5
58		4
59		3
60		4.66667
61		4.4
62		2
63		3
64		9.5
65		10.5
66		0
67		6
68		6
69		9.66667
70		7.25
71		2.5
72		2
73		2
74		4.66667
75		6
76		0
77		12.5
78		14.5
79		3
80		2
81		11
82		7
83		9.66667
84		4
85		2.5
86		0
87		6
88		4.66667
89		8.75
90		11.5
91		11.5
92		5.5
93		4
94		2.5
95		11
96		9
97		6
98		6
99		3.33333
100		0
101		5
102		4.5
103		13.5
104		8.66667
105		13.5
106		5
107		4.33333
108		10
109		10.5
110		6
111		6
112		4.5
113		0
114		2
115		5.5
116		9
117		9.66667
118		2
119		3
120		8
121		14.25
122		10.5
123		4
124		5
125		5
126		4
127		4
128		3
129		16
130		8.75
131		3.33333
132		0
133		3.33333
134		10
135		10.5
136		3
137		2
138		5
139		4.25
140		6
141		6.5
142		3
143		35.25
144		3.33333
145		12.6667
146		5.33333
147		2
148		9.66667
149		60.5
150		2
151		2
152		8
153		4
154		13.5
155		3
156		12
157		5
158		4
159		10.5
160		0
161		17
162		5.5
163		4
164		2
165		0
166		5
167		13
168		4.5
169		12.75
170		2
171		4
172		14
173		3.33333
174		11
175		3
176		8
177		4
178		3
179		3
180		13
181		5
182		10
183		3
184		2
185		18.75
186		4
187		8.66667
188		3
189		2.5
190		5
191		3.33333
192		0
193		11.5
194		6
195		10.6667
196		6
197		2
198		13
199		4.25
200		8.66667
201		13
202		3
203		3
204		4
205		6
206		14.6667
207		2
208		10.6667
209		9.5
210		6
211		9.4
212		0
213		10
214		6
215		4
216		2
217		4
218		4.33333
219		12.25
220		2
221		9
222		5
223		5
224		14
225		15.3333
226		10.5
227		96.5
228		2.5
229		3.66667
230		5.33333
231		2
232		21
233		2.5
234		12.5
235		2
236		6
237		11.5
238		5.5
239		8.33333
240		2
241		12.3333
242		2
243		4
244		5.33333
245		15.3333
246		3
247		11.5
248		2
249		9.66667
250		10
251		8
252		18
253		3
254		4
255		2.33333
256		6
257		4
258		15
259		4
260		11.5
261		0
262		4
263		12.6667
264		4
265		15
266		2.5
267		2
268		2
269		2
270		7
271		13
272		2
273		11.5
274		2
275		2.5
276		12
277		2
278		10.5
279		5.66667
280		2
281		31
282		6
283		3
284		21
285		4.5
286		12
287		0
288		3.66667
289		11.1667
290		5
291		7.33333
292		0
293		3.66667
294		0
295		2
296		8.5
297		21
298		63.75
299		12.5
300		2
301		5
302		14
303		2
304		18
305		22
306		248
307		3
308		4.5
309		4.66667
310		14.6667
311		2.33333
312		21
313		0
314		0
315		11.5
316		8
317		7.33333
318		2
319		2
320		2
321		28
322		4
323		16.6667
324		0
325		21
326		0
327		2.33333
328		14
329		3.25
330		10.5
331		2.33333
332		0
333		0
334		5
335		4
336		21
337		11.25
338		11.5
339		2
340		2
341		10.5
342		5
343		8.66667
344		3
345		25
346		0
347		2
348		5
349		11.75
350		2
351		10.3333
352		2
353		0
354		11.5
355		3
356		18
357		3.33333
358		3
359		3
360		4
361		12.3333
362		21
363		2
364		21
365		6
366		0
367		12.6667
368		5.5
369		8.33333
370		2
371		3.33333
372		0
373		0
374		6
375		12
376		6
377		11.6
378		2
379		5
380		9.6
381		3
382		10.5
383		0
384		2
385		10.25
386		6
387		2
388		21
389		3.5
390		8.66667
391		2
392		4
393		13
394		8
395		8
396		0
397		3.66667
398		4
399		6
400		3.66667
401		14.75
402		2.5
403		21
404		4
405		2
406		12
407		4.5
408		18
409		3
410		3
411		2.66667
412		17.6667
413		6
414		12
415		3
416		21
417		19.25
418		3
419		10
420		5
421		9.33333
422		3.5
423		2
424		2
425		16
426		6
427		7
428		0
429		12
430		10.5
431		2.66667
432		8.66667
433		0
434		10.5
435		4.66667
436		0
437		2
438		8.25
439		2
440		11.5
441		13
442		9.33333
443		10
444		2
445		10
446		8
447		6.5
448		0
449		5
450		3
451		7.25
452		4
453		21
454		3
455		8.25
456		18
457		11.6667
458		12
459		5
460		18
461		2
462		0
463		3.8
464		13.5
465		2
466		12
467		2.66667
468		21
469		9
470		4
471		18
472		8
473		11
474		3
475		2.5
476		2
477		7
478		6
479		7.5
480		4
481		31
482		18
483		4
484		8.66667
485		2
486		10
487		2
488		2.5
489		22.5
490		7.75
491		8
492		21
493		4
494		12
495		7.66667
496		2
497		6
498		8
499		6.75
500		4
501		0
502		0
503		8.25
504		4
505		14.3333
506		2
507		8.33333
508		7.66667
509		6
510		2
511		6
512		13
513		4
514		3
515		2.5
516		11.5
517		9.75
518		6
519		4.25
520		12.5
521		24.5
522		30
523		4
524		2
525		7.25
526		5
527		2
528		2.5
529		16.6667
530		8.33333
531		0
532		6
533		11
534		10
535		7.66667
536		2
537		2
538		18
539		3.5
540		6
541		0
542		21
543		12.5
544		2
545		16.5
546		9.66667
547		6.4
548		10.5
549		2
550		2.5
551		18
552		2
553		5
554		8
555		8.66667
556		21
557		2
558		3
559		9
560		9
561		15
562		2
563		0
564		10
565		3
566		2
567		3
568		10.6667
569		23
570		2.5
571		4
572		11.5
573		18
574		12
575		4
576		0
577		7.33333
578		3
579		3
580		3
581		9.66667
582		10.3333
583		5
584		0
585		26
586		18
587		6.5
588		6
589		4.33333
590		8
591		0
592		2
593		4
594		21
595		9.66667
596		8
597		3
598		11.5
599		6.5
600		10
601		16.5
602		6
603		7.75
604		4
605		0
606		3
607		9
608		11.5
609		11
610		5.5
611		21
612		7.33333
613		18
614		2
615		2.5
616		12
617		3.5
618		0
619		2.66667
620		21
621		9
622		2
623		6
624		10.3333
625		24.5
626		18
627		2
628		0
629		6.25
630		4.5
631		8
632		2
633		9.66667
634		11.5
635		0
636		0
637		7.75
638		7.75
639		7.33333
640		2
641		12
642		18
643		0
644		4.5
645		6
646		11.5
647		2
648		0
649		2.5
650		12
651		8.5
652		5
653		4
654		3
655		8.33333
656		2
657		17.5
658		4.5
659		13.2
660		0
661		2
662		4
663		11.5
664		18
665		3.75
666		4
667		2
668		18
669		2
670		4.5
671		4
672		11.75
673		20
674		2.5
675		3.5
676		11.5
677		12.6667
678		5.5
679		3.33333
680		0
681		7.33333
682		4
683		2
684		6
685		10.2
686		4
687		4
688		0
689		19
690		11.25
691		4
692		2.5
693		6
694		7.66667
695		3.5
696		4
697		13
698		21
699		2
700		0
701		4
702		21
703		12.6667
704		8
705		2.75
706		0
707		8.66667
708		3
709		2
710		4.5
711		21
712		3
713		2
714		0
715		10.6667
716		11.25
717		2.66667
718		2
719		2
720		18
721		14
722		5
723		0
724		15
725		2.5
726		2
727		2
728		21
729		13.1667
730		5.33333
731		0
732		2
733		10
734		4
735		5.25
736		4.5
737		2.66667
738		0
739		2
740		4
741		8.75
742		0
743		8
744		5
745		10.3333
746		10
747		2
748		0
749		18.5
750		4.5
751		3
752		4.5
753		2
754		27
755		3
756		3
757		4.66667
758		8
759		7.33333
760		2
761		16.5
762		12.5
763		6
764		4.5
765		3
766		3
767		12.4
768		0
769		13
770		3
771		5.5
772		9.33333
773		2
774		7
775		21
776		2
777		3.75
778		5
779		2
780		14.75
781		2
782		2
783		0
784		5.5
785		17.3333
786		5
787		2.5
788		15.3333
789		2.5
790		3
791		4.5
792		4
793		12.2
794		0
795		6
796		0
797		3.5
798		7.66667
799		6
800		4
801		18
802		2
803		2
804		3
805		6
806		11
807		2.5
808		0
809		9.66667
810		4
811		10.5
812		3
813		11.25
814		10.3333
815		6
816		0
817		3.5
818		11.6667
819		12.25
820		3.33333
821		2
822		2
823		2
824		10.5
825		16
826		11.5
827		6.66667
828		8
829		0
830		2
831		7.75
832		8.66667
833		4
834		4
835		2
836		0
837		7.2
838		0
839		11.5
840		2
841		11.25
842		5
843		4.66667
844		10.5
845		2
846		2
847		4
848		6
849		9.75
850		2
851		24
852		8.66667
853		4
854		2
855		5
856		25
857		13.75
858		0
859		5
860		2
861		4
862		12.6667
863		4
864		21
865		14
866		0
867		2
868		5.5
869		8.5
870		10.3333
871		3
872		3.5
873		12.5
874		2
875		8.66667
876		6
877		14.5
878		0
879		5
880		2
881		3
882		14
883		8.75
884		0
885		2
886		0
887		2
888		8.2
889		11.3333
890		11.5
891		3
892		3.5
893		3
894		4.66667
895		7.33333
896		8
897		5
898		0
899		2.5
900		5.66667
901		2
902		19.5
903		7
904		4
905		11.6667
906		0
907		16
908		14.75
909		2
910		6
911		5.5
912		0
913		14.75
914		5
915		6.75
916		21
917		4
918		0
919		2.5
920		10
921		16.3333
922		5
923		4
924		2.5
925		6
926		10
927		2
928		9.66667
929		13.75
930		2
931		4.5
932		12
933		7.66667
934		15
935		2
936		4
937		2
938		0
939		6.6
940		4
941		15.5
942		11.5
943		4
944		2.5
945		13.6667
946		10
947		13.6667
948		5
949		2
950		2
951		3
952		12
953		12.25
954		4
955		11.5
956		2
957		3
958		6
959		3.25
960		8.66667
961		0
962		2
963		8
964		3.33333
965		0
966		13.6667
967		4.66667
968		11.5
969		11.6667
970		2
971		16.5
972		22.5
973		9
974		8
975		2.5
976		4
977		11.3333
978		0
979		7
980		4
981		14.5
982		2
983		8
984		7.33333
985		26
986		8.66667
987		4
988		2
989		2
990		10
991		3
992		13
993		14
994		21
995		4.33333
996		4
997		7.33333
998		21
999		6.5
1000		5
