#Simcount		average latency
1		0
2		0
3		0
4		0
5		0
6		0
7		0
8		0
9		0
10		0
11		0
12		0
13		0
14		0
15		0
16		0
17		0
18		3
19		3
20		2
21		2.66667
22		0
23		0
24		4
25		4.5
26		5
27		2
28		3.2
29		2.28571
30		3.5
31		4
32		4
33		4.66667
34		4
35		5
36		4
37		3.33333
38		2.90909
39		3.66667
40		3.22222
41		3.33333
42		3.5
43		4.5
44		4
45		5.5
46		5
47		2
48		3.83333
49		3
50		3
51		2
52		5
53		4
54		5
55		6
56		6.5
57		4
58		3
59		3.66667
60		2.5
61		4
62		2.66667
63		4
64		5.8
65		4.75
66		5
67		2.875
68		3.66667
69		2.125
70		3.66667
71		2.5
72		4
73		5.25
74		4
75		5.33333
76		6.66667
77		4
78		3.625
79		5.66667
80		2.75
81		3.5
82		3
83		4
84		2.8
85		4.33333
86		6
87		3.125
88		5.25
89		2.66667
90		5.33333
91		4.75
92		4
93		3
94		3.75
95		4
96		4
97		7
98		4.14286
99		5
100		3.71429
101		3.4
102		4
103		3.5
104		2.8
105		4
106		4
107		2.66667
108		5.5
109		4
110		3.33333
111		2.5
112		6.75
113		3.33333
114		4.5
115		10.5
116		3.33333
117		4
118		3.125
119		6
120		4
121		5.25
122		4.57143
123		3.33333
124		7.66667
125		3.33333
126		12.25
127		3.16667
128		3.66667
129		2
130		4
131		2.66667
132		4.5
133		6.83333
134		3.75
135		4
136		11
137		3.2
138		4.16667
139		7
140		5.14286
141		2.75
142		2.8
143		3.6
144		4
145		7.33333
146		10
147		2.5
148		6.375
149		5.6
150		2.33333
151		3
152		4
153		3.33333
154		3.75
155		4.33333
156		4.33333
157		6.33333
158		6.6
159		2
160		5.375
161		2.8
162		2.66667
163		3
164		3.71429
165		3.33333
166		3
167		2.66667
168		3.66667
169		4.5
170		2.5
171		2.5
172		7.42857
173		3
174		3.33333
175		7.66667
176		3.75
177		3.5
178		3.75
179		3.25
180		4.6
181		8.4
182		8
183		3
184		17.25
185		3.33333
186		3.33333
187		3.66667
188		3.5
189		9
190		3.4
191		2.5
192		3.5
193		5
194		4
195		3.5
196		8.75
197		3.6
198		2.8
199		7.33333
200		5.33333
201		3
202		3
203		3.25
204		3.33333
205		7.25
206		10
207		2.25
208		6.75
209		4.8
210		2
211		3.16667
212		3.2
213		9
214		3.33333
215		4.5
216		3.5
217		5.16667
218		2.25
219		2.5
220		5.5
221		2.83333
222		3
223		7.66667
224		3.66667
225		3.75
226		0
227		2.8
228		3.33333
229		7.5
230		5.83333
231		3
232		19.3333
233		2.83333
234		3.4
235		7
236		3.375
237		3.5
238		2.25
239		9
240		3.4
241		12.5
242		4
243		2.66667
244		4.83333
245		3.8
246		4
247		6
248		2.75
249		4.5
250		2.8
251		5
252		3
253		3.75
254		6.71429
255		3
256		10
257		2.8
258		2.6
259		5
260		3.2
261		2.66667
262		3.33333
263		8.8
264		4
265		8
266		3
267		2.33333
268		4.9
269		4
270		2.5
271		3
272		3.5
273		5
274		3.5
275		3
276		4.83333
277		5
278		2.75
279		2
280		4.125
281		3.5
282		2.66667
283		9.25
284		3.16667
285		4.16667
286		10
287		2.75
288		3.14286
289		3.75
290		7.5
291		3
292		13
293		2.5
294		3.6
295		9.5
296		3.8
297		2.8
298		4
299		3.33333
300		3.2
301		3.66667
302		8.33333
303		4.33333
304		11.25
305		3.66667
306		3.8
307		6.2
308		4.8
309		3
310		3
311		3.4
312		3.5
313		3.25
314		7.33333
315		2
316		6.16667
317		7
318		3.25
319		3.5
320		5.2
321		3
322		3.5
323		2.66667
324		3.83333
325		6.5
326		9.33333
327		2
328		4.83333
329		6.25
330		8.5
331		3.5
332		4
333		2.8
334		4
335		3.33333
336		14.5714
337		6.5
338		6
339		7.75
340		3.66667
341		3
342		3
343		3.33333
344		3.33333
345		5.4
346		4.25
347		4.16667
348		5.6
349		12.3333
350		6
351		4.85714
352		0
353		5.14286
354		3.66667
355		4
356		3.4
357		3
358		4.77778
359		7.5
360		5.625
361		18
362		3.2
363		3.5
364		3.33333
365		4
366		4
367		3
368		4
369		4
370		5.25
371		3
372		15.5
373		7.6
374		3.8
375		4
376		4.33333
377		5.66667
378		3.85714
379		14.3333
380		2.5
381		3.5
382		3.33333
383		3.75
384		6.33333
385		3
386		10.6667
387		2.8
388		4
389		5.66667
390		10.75
391		3
392		3.33333
393		4.66667
394		3.25
395		4
396		4.5
397		4.5
398		3.66667
399		6
400		3.5
401		7.33333
402		7.66667
403		3.6
404		2.75
405		3
406		3.2
407		3.2
408		11
409		10.5
410		6
411		3
412		3.66667
413		5.83333
414		6
415		10
416		4.8
417		3
418		4.16667
419		4.5
420		4.66667
421		6.5
422		3.25
423		4
424		2
425		3.6
426		5.25
427		3.2
428		4.75
429		0
430		4.83333
431		3
432		6.5
433		5
434		4
435		3.2
436		4.8
437		9.75
438		8
439		11
440		2.5
441		3.4
442		3.5
443		4.33333
444		4.75
445		8.33333
446		9.25
447		3
448		4.14286
449		6.5
450		6
451		3.6
452		6.33333
453		5.25
454		6
455		2.83333
456		4
457		3.8
458		4
459		3.33333
460		3
461		4.33333
462		6.44444
463		4
464		3.5
465		3
466		7.28571
467		2.8
468		4.75
469		9.33333
470		3.33333
471		3.66667
472		4
473		7.71429
474		3
475		3.2
476		5.625
477		2.66667
478		4
479		0
480		3.6
481		4
482		3.83333
483		3.33333
484		3
485		7.5
486		4
487		3.5
488		5.2
489		4
490		10.5
491		3.6
492		7.42857
493		9.5
494		3.25
495		2.66667
496		3.33333
497		5.16667
498		3.4
499		13.5
500		6.33333
501		3
502		4.8
503		2.8
504		4
505		7.5
506		3.25
507		3.4
508		6.4
509		4.25
510		3.33333
511		3.33333
512		5.875
513		6
514		4
515		0
516		3.33333
517		7.6
518		3.83333
519		5
520		2.75
521		3.5
522		3
523		3.33333
524		10.4
525		2
526		3.5
527		3.4
528		4.375
529		6.25
530		0
531		8
532		2.83333
533		9.25
534		3.5
535		0
536		5.375
537		4
538		3.83333
539		5
540		8
541		4
542		2.66667
543		3.42857
544		2.5
545		4.2
546		3.25
547		3.25
548		11.5
549		4
550		4
551		4
552		3
553		3.75
554		3.5
555		26
556		2.85714
557		7
558		3
559		4
560		8.6
561		3.5
562		11.75
563		3.57143
564		2.66667
565		2.25
566		2.5
567		4
568		5.66667
569		9.8
570		4
571		3.5
572		3.625
573		3.75
574		5.33333
575		0
576		3
577		4
578		3.14286
579		6
580		3.5
581		3.8
582		4
583		3.33333
584		5.4
585		3.25
586		4.83333
587		3.25
588		5
589		3
590		4.2
591		9.6
592		2.6
593		9.75
594		3.4
595		5
596		4.28571
597		3.66667
598		3.83333
599		4
600		7.16667
601		3.33333
602		4
603		6.125
604		2.5
605		4.25
606		3
607		3.66667
608		5
609		3
610		6.8
611		3
612		2.75
613		2.5
614		5.33333
615		15
616		3
617		7.6
618		4.71429
619		2
620		3.66667
621		3.5
622		4.57143
623		3.16667
624		3
625		6.8
626		2
627		4.14286
628		3.25
629		8
630		4
631		3.75
632		3.5
633		3
634		6.44444
635		4
636		3
637		2.66667
638		2.83333
639		4.16667
640		3
641		15.5
642		6.5
643		3.33333
644		3.5
645		3.5
646		8.2
647		2.8
648		7.83333
649		3
650		3.75
651		5.2
652		5
653		4.5
654		3.75
655		28
656		3.2
657		3
658		3.625
659		3
660		3.33333
661		4
662		5.5
663		7
664		2.75
665		5
666		4.6
667		3
668		2.33333
669		4
670		6.83333
671		3.66667
672		0
673		4.8
674		3.88889
675		7.33333
676		4.2
677		5.75
678		2.83333
679		3.25
680		3.66667
681		4.33333
682		5.25
683		3.5
684		4.85714
685		3.33333
686		2.4
687		3.66667
688		2.66667
689		3.33333
690		4
691		3.75
692		3.66667
693		3.25
694		6.88889
695		3.5
696		4.42857
697		4
698		3
699		4.66667
700		3.33333
701		3.66667
702		3.5
703		3
704		3.14286
705		3
706		8.8
707		2
708		6.4
709		2
710		3.66667
711		4.625
712		3.33333
713		3.2
714		4.2
715		3.33333
716		3.75
717		3.75
718		13.1667
719		3
720		3.25
721		3
722		2.8
723		6.57143
724		3
725		2.5
726		3.33333
727		3.5
728		4
729		3
730		21.5
731		2.5
732		3.6
733		3
734		4
735		6
736		2.5
737		11
738		3.4
739		3
740		3.66667
741		3.2
742		6
743		2.5
744		6.83333
745		2.25
746		3
747		4.25
748		4
749		5
750		5.33333
751		6
752		3.25
753		3.33333
754		7
755		2
756		2.66667
757		3.5
758		3.8
759		3.8
760		6
761		3.2
762		2
763		2
764		3.16667
765		2
766		7.88889
767		2.5
768		4
769		4.66667
770		3.75
771		5
772		2.33333
773		15.25
774		2.66667
775		3
776		3.28571
777		3.4
778		12
779		2.66667
780		8.2
781		2.6
782		3.75
783		3.5
784		2.5
785		3.83333
786		3.33333
787		3
788		4.33333
789		5.33333
790		6.5
791		4.5
792		3
793		4
794		3.1
795		5.25
796		3
797		5.66667
798		3
799		3.33333
800		4.25
801		3
802		18.6667
803		2.33333
804		9.75
805		2.8
806		3.5
807		3.5
808		3
809		6.33333
810		3.5
811		11.6667
812		3.6
813		4
814		3.75
815		3.33333
816		3
817		3.33333
818		3
819		8
820		3.6
821		3.33333
822		5
823		3.25
824		3.5
825		2
826		6.75
827		2.75
828		4.5
829		3
830		4
831		6.66667
832		3.16667
833		14
834		2.33333
835		2.66667
836		2.6
837		3.6
838		5.66667
839		3.5
840		7
841		4.33333
842		4.25
843		5.85714
844		3
845		3.75
846		2.83333
847		3.5
848		5
849		3
850		10.5
851		4.25
852		3
853		4
854		3.28571
855		5.8
856		2.75
857		8
858		3.5
859		4
860		3.42857
861		4
862		5.33333
863		4.2
864		3.33333
865		3.75
866		3
867		7.33333
868		5
869		2.6
870		6
871		3.4
872		3.5
873		4
874		3.375
875		4
876		2.75
877		3.4
878		2.5
879		17.4
880		3.83333
881		4
882		3.25
883		3.5
884		3.2
885		2.75
886		10.3333
887		3
888		0
889		3
890		6.25
891		5.5
892		2.33333
893		13.5
894		3.16667
895		4.4
896		3.33333
897		3
898		6.4
899		4
900		4.16667
901		4
902		3.4
903		5.5
904		3
905		2
906		2.66667
907		5
908		9.66667
909		2.5
910		18
911		3.66667
912		3.42857
913		4
914		3.16667
915		7.25
916		3.2
917		6.14286
918		2
919		7
920		3.83333
921		4
922		6.33333
923		3.2
924		2.8
925		3
926		3.125
927		7
928		0
929		4
930		3
931		4.5
932		3.4
933		4
934		4
935		4
936		3.5
937		3.25
938		3
939		10
940		3.5
941		2
942		3.5
943		3.42857
944		10
945		2.75
946		5
947		3
948		3.66667
949		3.2
950		3
951		6.83333
952		6.4
953		4.5
954		2.8
955		3.66667
956		5.25
957		3
958		5.2
959		2.5
960		3.8
961		4
962		4.33333
963		6.625
964		2.8
965		2.75
966		2.4
967		3.33333
968		3.75
969		3.5
970		12
971		4.5
972		4
973		4.5
974		2.83333
975		3.66667
976		2.75
977		3.25
978		3
979		3.66667
980		5.6
981		9.75
982		9.25
983		2
984		3.25
985		9.4
986		2.66667
987		4.66667
988		2.75
989		3.8
990		8
991		3.5
992		8.66667
993		3
994		4
995		3
996		3
997		3.33333
998		3
999		8.4
1000		4.6
