	0.4	0.2	0
	0.4	0.2	141
	0.41	0.2	0
	0.41	0.2	141
	0.42	0.2	0
	0.42	0.2	141
	0.43	0.2	0
	0.43	0.2	141
	0.44	0.2	0
	0.44	0.2	141
	0.45	0.2	0
	0.45	0.2	141
	0.46	0.2	0
	0.46	0.2	141
	0.47	0.2	0
	0.47	0.2	141
	0.48	0.2	0
	0.48	0.2	141
	0.49	0.2	0
	0.49	0.2	141
	0.5	0.2	0
	0.5	0.2	141
	0.51	0.2	0
	0.51	0.2	141
	0.52	0.2	0
	0.52	0.2	141
	0.53	0.2	0
	0.53	0.2	141
	0.54	0.2	0
	0.54	0.2	141
	0.55	0.2	0
	0.55	0.2	141
	0.56	0.2	0
	0.56	0.2	141
	0.57	0.2	0
	0.57	0.2	141
	0.58	0.2	0
	0.58	0.2	141
	0.59	0.2	0
	0.59	0.2	141
	0.6	0.2	0
	0.6	0.2	141

	0.4	0.8	0
	0.4	0.8	141
	0.41	0.8	0
	0.41	0.8	141
	0.42	0.8	0
	0.42	0.8	141
	0.43	0.8	0
	0.43	0.8	141
	0.44	0.8	0
	0.44	0.8	141
	0.45	0.8	0
	0.45	0.8	141
	0.46	0.8	0
	0.46	0.8	141
	0.47	0.8	0
	0.47	0.8	141
	0.48	0.8	0
	0.48	0.8	141
	0.49	0.8	0
	0.49	0.8	141
	0.5	0.8	0
	0.5	0.8	141
	0.51	0.8	0
	0.51	0.8	141
	0.52	0.8	0
	0.52	0.8	141
	0.53	0.8	0
	0.53	0.8	141
	0.54	0.8	0
	0.54	0.8	141
	0.55	0.8	0
	0.55	0.8	141
	0.56	0.8	0
	0.56	0.8	141
	0.57	0.8	0
	0.57	0.8	141
	0.58	0.8	0
	0.58	0.8	141
	0.59	0.8	0
	0.59	0.8	141
	0.6	0.8	0
	0.6	0.8	141


	0.4	2.2	0
	0.4	2.2	195
	0.41	2.2	0
	0.41	2.2	195
	0.42	2.2	0
	0.42	2.2	195
	0.43	2.2	0
	0.43	2.2	195
	0.44	2.2	0
	0.44	2.2	195
	0.45	2.2	0
	0.45	2.2	195
	0.46	2.2	0
	0.46	2.2	195
	0.47	2.2	0
	0.47	2.2	195
	0.48	2.2	0
	0.48	2.2	195
	0.49	2.2	0
	0.49	2.2	195
	0.5	2.2	0
	0.5	2.2	195
	0.51	2.2	0
	0.51	2.2	195
	0.52	2.2	0
	0.52	2.2	195
	0.53	2.2	0
	0.53	2.2	195
	0.54	2.2	0
	0.54	2.2	195
	0.55	2.2	0
	0.55	2.2	195
	0.56	2.2	0
	0.56	2.2	195
	0.57	2.2	0
	0.57	2.2	195
	0.58	2.2	0
	0.58	2.2	195
	0.59	2.2	0
	0.59	2.2	195
	0.6	2.2	0
	0.6	2.2	195

	0.4	2.8	0
	0.4	2.8	195
	0.41	2.8	0
	0.41	2.8	195
	0.42	2.8	0
	0.42	2.8	195
	0.43	2.8	0
	0.43	2.8	195
	0.44	2.8	0
	0.44	2.8	195
	0.45	2.8	0
	0.45	2.8	195
	0.46	2.8	0
	0.46	2.8	195
	0.47	2.8	0
	0.47	2.8	195
	0.48	2.8	0
	0.48	2.8	195
	0.49	2.8	0
	0.49	2.8	195
	0.5	2.8	0
	0.5	2.8	195
	0.51	2.8	0
	0.51	2.8	195
	0.52	2.8	0
	0.52	2.8	195
	0.53	2.8	0
	0.53	2.8	195
	0.54	2.8	0
	0.54	2.8	195
	0.55	2.8	0
	0.55	2.8	195
	0.56	2.8	0
	0.56	2.8	195
	0.57	2.8	0
	0.57	2.8	195
	0.58	2.8	0
	0.58	2.8	195
	0.59	2.8	0
	0.59	2.8	195
	0.6	2.8	0
	0.6	2.8	195


	0.4	4.2	0
	0.4	4.2	209
	0.41	4.2	0
	0.41	4.2	209
	0.42	4.2	0
	0.42	4.2	209
	0.43	4.2	0
	0.43	4.2	209
	0.44	4.2	0
	0.44	4.2	209
	0.45	4.2	0
	0.45	4.2	209
	0.46	4.2	0
	0.46	4.2	209
	0.47	4.2	0
	0.47	4.2	209
	0.48	4.2	0
	0.48	4.2	209
	0.49	4.2	0
	0.49	4.2	209
	0.5	4.2	0
	0.5	4.2	209
	0.51	4.2	0
	0.51	4.2	209
	0.52	4.2	0
	0.52	4.2	209
	0.53	4.2	0
	0.53	4.2	209
	0.54	4.2	0
	0.54	4.2	209
	0.55	4.2	0
	0.55	4.2	209
	0.56	4.2	0
	0.56	4.2	209
	0.57	4.2	0
	0.57	4.2	209
	0.58	4.2	0
	0.58	4.2	209
	0.59	4.2	0
	0.59	4.2	209
	0.6	4.2	0
	0.6	4.2	209

	0.4	4.8	0
	0.4	4.8	209
	0.41	4.8	0
	0.41	4.8	209
	0.42	4.8	0
	0.42	4.8	209
	0.43	4.8	0
	0.43	4.8	209
	0.44	4.8	0
	0.44	4.8	209
	0.45	4.8	0
	0.45	4.8	209
	0.46	4.8	0
	0.46	4.8	209
	0.47	4.8	0
	0.47	4.8	209
	0.48	4.8	0
	0.48	4.8	209
	0.49	4.8	0
	0.49	4.8	209
	0.5	4.8	0
	0.5	4.8	209
	0.51	4.8	0
	0.51	4.8	209
	0.52	4.8	0
	0.52	4.8	209
	0.53	4.8	0
	0.53	4.8	209
	0.54	4.8	0
	0.54	4.8	209
	0.55	4.8	0
	0.55	4.8	209
	0.56	4.8	0
	0.56	4.8	209
	0.57	4.8	0
	0.57	4.8	209
	0.58	4.8	0
	0.58	4.8	209
	0.59	4.8	0
	0.59	4.8	209
	0.6	4.8	0
	0.6	4.8	209


	0.4	6.2	0
	0.4	6.2	156
	0.41	6.2	0
	0.41	6.2	156
	0.42	6.2	0
	0.42	6.2	156
	0.43	6.2	0
	0.43	6.2	156
	0.44	6.2	0
	0.44	6.2	156
	0.45	6.2	0
	0.45	6.2	156
	0.46	6.2	0
	0.46	6.2	156
	0.47	6.2	0
	0.47	6.2	156
	0.48	6.2	0
	0.48	6.2	156
	0.49	6.2	0
	0.49	6.2	156
	0.5	6.2	0
	0.5	6.2	156
	0.51	6.2	0
	0.51	6.2	156
	0.52	6.2	0
	0.52	6.2	156
	0.53	6.2	0
	0.53	6.2	156
	0.54	6.2	0
	0.54	6.2	156
	0.55	6.2	0
	0.55	6.2	156
	0.56	6.2	0
	0.56	6.2	156
	0.57	6.2	0
	0.57	6.2	156
	0.58	6.2	0
	0.58	6.2	156
	0.59	6.2	0
	0.59	6.2	156
	0.6	6.2	0
	0.6	6.2	156

	0.4	6.8	0
	0.4	6.8	156
	0.41	6.8	0
	0.41	6.8	156
	0.42	6.8	0
	0.42	6.8	156
	0.43	6.8	0
	0.43	6.8	156
	0.44	6.8	0
	0.44	6.8	156
	0.45	6.8	0
	0.45	6.8	156
	0.46	6.8	0
	0.46	6.8	156
	0.47	6.8	0
	0.47	6.8	156
	0.48	6.8	0
	0.48	6.8	156
	0.49	6.8	0
	0.49	6.8	156
	0.5	6.8	0
	0.5	6.8	156
	0.51	6.8	0
	0.51	6.8	156
	0.52	6.8	0
	0.52	6.8	156
	0.53	6.8	0
	0.53	6.8	156
	0.54	6.8	0
	0.54	6.8	156
	0.55	6.8	0
	0.55	6.8	156
	0.56	6.8	0
	0.56	6.8	156
	0.57	6.8	0
	0.57	6.8	156
	0.58	6.8	0
	0.58	6.8	156
	0.59	6.8	0
	0.59	6.8	156
	0.6	6.8	0
	0.6	6.8	156


	1.4	0.2	0
	1.4	0.2	172
	1.41	0.2	0
	1.41	0.2	172
	1.42	0.2	0
	1.42	0.2	172
	1.43	0.2	0
	1.43	0.2	172
	1.44	0.2	0
	1.44	0.2	172
	1.45	0.2	0
	1.45	0.2	172
	1.46	0.2	0
	1.46	0.2	172
	1.47	0.2	0
	1.47	0.2	172
	1.48	0.2	0
	1.48	0.2	172
	1.49	0.2	0
	1.49	0.2	172
	1.5	0.2	0
	1.5	0.2	172
	1.51	0.2	0
	1.51	0.2	172
	1.52	0.2	0
	1.52	0.2	172
	1.53	0.2	0
	1.53	0.2	172
	1.54	0.2	0
	1.54	0.2	172
	1.55	0.2	0
	1.55	0.2	172
	1.56	0.2	0
	1.56	0.2	172
	1.57	0.2	0
	1.57	0.2	172
	1.58	0.2	0
	1.58	0.2	172
	1.59	0.2	0
	1.59	0.2	172
	1.6	0.2	0
	1.6	0.2	172

	1.4	0.8	0
	1.4	0.8	172
	1.41	0.8	0
	1.41	0.8	172
	1.42	0.8	0
	1.42	0.8	172
	1.43	0.8	0
	1.43	0.8	172
	1.44	0.8	0
	1.44	0.8	172
	1.45	0.8	0
	1.45	0.8	172
	1.46	0.8	0
	1.46	0.8	172
	1.47	0.8	0
	1.47	0.8	172
	1.48	0.8	0
	1.48	0.8	172
	1.49	0.8	0
	1.49	0.8	172
	1.5	0.8	0
	1.5	0.8	172
	1.51	0.8	0
	1.51	0.8	172
	1.52	0.8	0
	1.52	0.8	172
	1.53	0.8	0
	1.53	0.8	172
	1.54	0.8	0
	1.54	0.8	172
	1.55	0.8	0
	1.55	0.8	172
	1.56	0.8	0
	1.56	0.8	172
	1.57	0.8	0
	1.57	0.8	172
	1.58	0.8	0
	1.58	0.8	172
	1.59	0.8	0
	1.59	0.8	172
	1.6	0.8	0
	1.6	0.8	172


	1.4	2.2	0
	1.4	2.2	240
	1.41	2.2	0
	1.41	2.2	240
	1.42	2.2	0
	1.42	2.2	240
	1.43	2.2	0
	1.43	2.2	240
	1.44	2.2	0
	1.44	2.2	240
	1.45	2.2	0
	1.45	2.2	240
	1.46	2.2	0
	1.46	2.2	240
	1.47	2.2	0
	1.47	2.2	240
	1.48	2.2	0
	1.48	2.2	240
	1.49	2.2	0
	1.49	2.2	240
	1.5	2.2	0
	1.5	2.2	240
	1.51	2.2	0
	1.51	2.2	240
	1.52	2.2	0
	1.52	2.2	240
	1.53	2.2	0
	1.53	2.2	240
	1.54	2.2	0
	1.54	2.2	240
	1.55	2.2	0
	1.55	2.2	240
	1.56	2.2	0
	1.56	2.2	240
	1.57	2.2	0
	1.57	2.2	240
	1.58	2.2	0
	1.58	2.2	240
	1.59	2.2	0
	1.59	2.2	240
	1.6	2.2	0
	1.6	2.2	240

	1.4	2.8	0
	1.4	2.8	240
	1.41	2.8	0
	1.41	2.8	240
	1.42	2.8	0
	1.42	2.8	240
	1.43	2.8	0
	1.43	2.8	240
	1.44	2.8	0
	1.44	2.8	240
	1.45	2.8	0
	1.45	2.8	240
	1.46	2.8	0
	1.46	2.8	240
	1.47	2.8	0
	1.47	2.8	240
	1.48	2.8	0
	1.48	2.8	240
	1.49	2.8	0
	1.49	2.8	240
	1.5	2.8	0
	1.5	2.8	240
	1.51	2.8	0
	1.51	2.8	240
	1.52	2.8	0
	1.52	2.8	240
	1.53	2.8	0
	1.53	2.8	240
	1.54	2.8	0
	1.54	2.8	240
	1.55	2.8	0
	1.55	2.8	240
	1.56	2.8	0
	1.56	2.8	240
	1.57	2.8	0
	1.57	2.8	240
	1.58	2.8	0
	1.58	2.8	240
	1.59	2.8	0
	1.59	2.8	240
	1.6	2.8	0
	1.6	2.8	240


	1.4	4.2	0
	1.4	4.2	225
	1.41	4.2	0
	1.41	4.2	225
	1.42	4.2	0
	1.42	4.2	225
	1.43	4.2	0
	1.43	4.2	225
	1.44	4.2	0
	1.44	4.2	225
	1.45	4.2	0
	1.45	4.2	225
	1.46	4.2	0
	1.46	4.2	225
	1.47	4.2	0
	1.47	4.2	225
	1.48	4.2	0
	1.48	4.2	225
	1.49	4.2	0
	1.49	4.2	225
	1.5	4.2	0
	1.5	4.2	225
	1.51	4.2	0
	1.51	4.2	225
	1.52	4.2	0
	1.52	4.2	225
	1.53	4.2	0
	1.53	4.2	225
	1.54	4.2	0
	1.54	4.2	225
	1.55	4.2	0
	1.55	4.2	225
	1.56	4.2	0
	1.56	4.2	225
	1.57	4.2	0
	1.57	4.2	225
	1.58	4.2	0
	1.58	4.2	225
	1.59	4.2	0
	1.59	4.2	225
	1.6	4.2	0
	1.6	4.2	225

	1.4	4.8	0
	1.4	4.8	225
	1.41	4.8	0
	1.41	4.8	225
	1.42	4.8	0
	1.42	4.8	225
	1.43	4.8	0
	1.43	4.8	225
	1.44	4.8	0
	1.44	4.8	225
	1.45	4.8	0
	1.45	4.8	225
	1.46	4.8	0
	1.46	4.8	225
	1.47	4.8	0
	1.47	4.8	225
	1.48	4.8	0
	1.48	4.8	225
	1.49	4.8	0
	1.49	4.8	225
	1.5	4.8	0
	1.5	4.8	225
	1.51	4.8	0
	1.51	4.8	225
	1.52	4.8	0
	1.52	4.8	225
	1.53	4.8	0
	1.53	4.8	225
	1.54	4.8	0
	1.54	4.8	225
	1.55	4.8	0
	1.55	4.8	225
	1.56	4.8	0
	1.56	4.8	225
	1.57	4.8	0
	1.57	4.8	225
	1.58	4.8	0
	1.58	4.8	225
	1.59	4.8	0
	1.59	4.8	225
	1.6	4.8	0
	1.6	4.8	225


	1.4	6.2	0
	1.4	6.2	186
	1.41	6.2	0
	1.41	6.2	186
	1.42	6.2	0
	1.42	6.2	186
	1.43	6.2	0
	1.43	6.2	186
	1.44	6.2	0
	1.44	6.2	186
	1.45	6.2	0
	1.45	6.2	186
	1.46	6.2	0
	1.46	6.2	186
	1.47	6.2	0
	1.47	6.2	186
	1.48	6.2	0
	1.48	6.2	186
	1.49	6.2	0
	1.49	6.2	186
	1.5	6.2	0
	1.5	6.2	186
	1.51	6.2	0
	1.51	6.2	186
	1.52	6.2	0
	1.52	6.2	186
	1.53	6.2	0
	1.53	6.2	186
	1.54	6.2	0
	1.54	6.2	186
	1.55	6.2	0
	1.55	6.2	186
	1.56	6.2	0
	1.56	6.2	186
	1.57	6.2	0
	1.57	6.2	186
	1.58	6.2	0
	1.58	6.2	186
	1.59	6.2	0
	1.59	6.2	186
	1.6	6.2	0
	1.6	6.2	186

	1.4	6.8	0
	1.4	6.8	186
	1.41	6.8	0
	1.41	6.8	186
	1.42	6.8	0
	1.42	6.8	186
	1.43	6.8	0
	1.43	6.8	186
	1.44	6.8	0
	1.44	6.8	186
	1.45	6.8	0
	1.45	6.8	186
	1.46	6.8	0
	1.46	6.8	186
	1.47	6.8	0
	1.47	6.8	186
	1.48	6.8	0
	1.48	6.8	186
	1.49	6.8	0
	1.49	6.8	186
	1.5	6.8	0
	1.5	6.8	186
	1.51	6.8	0
	1.51	6.8	186
	1.52	6.8	0
	1.52	6.8	186
	1.53	6.8	0
	1.53	6.8	186
	1.54	6.8	0
	1.54	6.8	186
	1.55	6.8	0
	1.55	6.8	186
	1.56	6.8	0
	1.56	6.8	186
	1.57	6.8	0
	1.57	6.8	186
	1.58	6.8	0
	1.58	6.8	186
	1.59	6.8	0
	1.59	6.8	186
	1.6	6.8	0
	1.6	6.8	186


	2.4	0.2	0
	2.4	0.2	147
	2.41	0.2	0
	2.41	0.2	147
	2.42	0.2	0
	2.42	0.2	147
	2.43	0.2	0
	2.43	0.2	147
	2.44	0.2	0
	2.44	0.2	147
	2.45	0.2	0
	2.45	0.2	147
	2.46	0.2	0
	2.46	0.2	147
	2.47	0.2	0
	2.47	0.2	147
	2.48	0.2	0
	2.48	0.2	147
	2.49	0.2	0
	2.49	0.2	147
	2.5	0.2	0
	2.5	0.2	147
	2.51	0.2	0
	2.51	0.2	147
	2.52	0.2	0
	2.52	0.2	147
	2.53	0.2	0
	2.53	0.2	147
	2.54	0.2	0
	2.54	0.2	147
	2.55	0.2	0
	2.55	0.2	147
	2.56	0.2	0
	2.56	0.2	147
	2.57	0.2	0
	2.57	0.2	147
	2.58	0.2	0
	2.58	0.2	147
	2.59	0.2	0
	2.59	0.2	147
	2.6	0.2	0
	2.6	0.2	147

	2.4	0.8	0
	2.4	0.8	147
	2.41	0.8	0
	2.41	0.8	147
	2.42	0.8	0
	2.42	0.8	147
	2.43	0.8	0
	2.43	0.8	147
	2.44	0.8	0
	2.44	0.8	147
	2.45	0.8	0
	2.45	0.8	147
	2.46	0.8	0
	2.46	0.8	147
	2.47	0.8	0
	2.47	0.8	147
	2.48	0.8	0
	2.48	0.8	147
	2.49	0.8	0
	2.49	0.8	147
	2.5	0.8	0
	2.5	0.8	147
	2.51	0.8	0
	2.51	0.8	147
	2.52	0.8	0
	2.52	0.8	147
	2.53	0.8	0
	2.53	0.8	147
	2.54	0.8	0
	2.54	0.8	147
	2.55	0.8	0
	2.55	0.8	147
	2.56	0.8	0
	2.56	0.8	147
	2.57	0.8	0
	2.57	0.8	147
	2.58	0.8	0
	2.58	0.8	147
	2.59	0.8	0
	2.59	0.8	147
	2.6	0.8	0
	2.6	0.8	147


	2.4	2.2	0
	2.4	2.2	198
	2.41	2.2	0
	2.41	2.2	198
	2.42	2.2	0
	2.42	2.2	198
	2.43	2.2	0
	2.43	2.2	198
	2.44	2.2	0
	2.44	2.2	198
	2.45	2.2	0
	2.45	2.2	198
	2.46	2.2	0
	2.46	2.2	198
	2.47	2.2	0
	2.47	2.2	198
	2.48	2.2	0
	2.48	2.2	198
	2.49	2.2	0
	2.49	2.2	198
	2.5	2.2	0
	2.5	2.2	198
	2.51	2.2	0
	2.51	2.2	198
	2.52	2.2	0
	2.52	2.2	198
	2.53	2.2	0
	2.53	2.2	198
	2.54	2.2	0
	2.54	2.2	198
	2.55	2.2	0
	2.55	2.2	198
	2.56	2.2	0
	2.56	2.2	198
	2.57	2.2	0
	2.57	2.2	198
	2.58	2.2	0
	2.58	2.2	198
	2.59	2.2	0
	2.59	2.2	198
	2.6	2.2	0
	2.6	2.2	198

	2.4	2.8	0
	2.4	2.8	198
	2.41	2.8	0
	2.41	2.8	198
	2.42	2.8	0
	2.42	2.8	198
	2.43	2.8	0
	2.43	2.8	198
	2.44	2.8	0
	2.44	2.8	198
	2.45	2.8	0
	2.45	2.8	198
	2.46	2.8	0
	2.46	2.8	198
	2.47	2.8	0
	2.47	2.8	198
	2.48	2.8	0
	2.48	2.8	198
	2.49	2.8	0
	2.49	2.8	198
	2.5	2.8	0
	2.5	2.8	198
	2.51	2.8	0
	2.51	2.8	198
	2.52	2.8	0
	2.52	2.8	198
	2.53	2.8	0
	2.53	2.8	198
	2.54	2.8	0
	2.54	2.8	198
	2.55	2.8	0
	2.55	2.8	198
	2.56	2.8	0
	2.56	2.8	198
	2.57	2.8	0
	2.57	2.8	198
	2.58	2.8	0
	2.58	2.8	198
	2.59	2.8	0
	2.59	2.8	198
	2.6	2.8	0
	2.6	2.8	198


	2.4	4.2	0
	2.4	4.2	207
	2.41	4.2	0
	2.41	4.2	207
	2.42	4.2	0
	2.42	4.2	207
	2.43	4.2	0
	2.43	4.2	207
	2.44	4.2	0
	2.44	4.2	207
	2.45	4.2	0
	2.45	4.2	207
	2.46	4.2	0
	2.46	4.2	207
	2.47	4.2	0
	2.47	4.2	207
	2.48	4.2	0
	2.48	4.2	207
	2.49	4.2	0
	2.49	4.2	207
	2.5	4.2	0
	2.5	4.2	207
	2.51	4.2	0
	2.51	4.2	207
	2.52	4.2	0
	2.52	4.2	207
	2.53	4.2	0
	2.53	4.2	207
	2.54	4.2	0
	2.54	4.2	207
	2.55	4.2	0
	2.55	4.2	207
	2.56	4.2	0
	2.56	4.2	207
	2.57	4.2	0
	2.57	4.2	207
	2.58	4.2	0
	2.58	4.2	207
	2.59	4.2	0
	2.59	4.2	207
	2.6	4.2	0
	2.6	4.2	207

	2.4	4.8	0
	2.4	4.8	207
	2.41	4.8	0
	2.41	4.8	207
	2.42	4.8	0
	2.42	4.8	207
	2.43	4.8	0
	2.43	4.8	207
	2.44	4.8	0
	2.44	4.8	207
	2.45	4.8	0
	2.45	4.8	207
	2.46	4.8	0
	2.46	4.8	207
	2.47	4.8	0
	2.47	4.8	207
	2.48	4.8	0
	2.48	4.8	207
	2.49	4.8	0
	2.49	4.8	207
	2.5	4.8	0
	2.5	4.8	207
	2.51	4.8	0
	2.51	4.8	207
	2.52	4.8	0
	2.52	4.8	207
	2.53	4.8	0
	2.53	4.8	207
	2.54	4.8	0
	2.54	4.8	207
	2.55	4.8	0
	2.55	4.8	207
	2.56	4.8	0
	2.56	4.8	207
	2.57	4.8	0
	2.57	4.8	207
	2.58	4.8	0
	2.58	4.8	207
	2.59	4.8	0
	2.59	4.8	207
	2.6	4.8	0
	2.6	4.8	207


	2.4	6.2	0
	2.4	6.2	147
	2.41	6.2	0
	2.41	6.2	147
	2.42	6.2	0
	2.42	6.2	147
	2.43	6.2	0
	2.43	6.2	147
	2.44	6.2	0
	2.44	6.2	147
	2.45	6.2	0
	2.45	6.2	147
	2.46	6.2	0
	2.46	6.2	147
	2.47	6.2	0
	2.47	6.2	147
	2.48	6.2	0
	2.48	6.2	147
	2.49	6.2	0
	2.49	6.2	147
	2.5	6.2	0
	2.5	6.2	147
	2.51	6.2	0
	2.51	6.2	147
	2.52	6.2	0
	2.52	6.2	147
	2.53	6.2	0
	2.53	6.2	147
	2.54	6.2	0
	2.54	6.2	147
	2.55	6.2	0
	2.55	6.2	147
	2.56	6.2	0
	2.56	6.2	147
	2.57	6.2	0
	2.57	6.2	147
	2.58	6.2	0
	2.58	6.2	147
	2.59	6.2	0
	2.59	6.2	147
	2.6	6.2	0
	2.6	6.2	147

	2.4	6.8	0
	2.4	6.8	147
	2.41	6.8	0
	2.41	6.8	147
	2.42	6.8	0
	2.42	6.8	147
	2.43	6.8	0
	2.43	6.8	147
	2.44	6.8	0
	2.44	6.8	147
	2.45	6.8	0
	2.45	6.8	147
	2.46	6.8	0
	2.46	6.8	147
	2.47	6.8	0
	2.47	6.8	147
	2.48	6.8	0
	2.48	6.8	147
	2.49	6.8	0
	2.49	6.8	147
	2.5	6.8	0
	2.5	6.8	147
	2.51	6.8	0
	2.51	6.8	147
	2.52	6.8	0
	2.52	6.8	147
	2.53	6.8	0
	2.53	6.8	147
	2.54	6.8	0
	2.54	6.8	147
	2.55	6.8	0
	2.55	6.8	147
	2.56	6.8	0
	2.56	6.8	147
	2.57	6.8	0
	2.57	6.8	147
	2.58	6.8	0
	2.58	6.8	147
	2.59	6.8	0
	2.59	6.8	147
	2.6	6.8	0
	2.6	6.8	147


