	0.4	0.4	0
	0.4	0.4	0
	0.41	0.4	0
	0.41	0.4	0
	0.42	0.4	0
	0.42	0.4	0
	0.43	0.4	0
	0.43	0.4	0
	0.44	0.4	0
	0.44	0.4	0
	0.45	0.4	0
	0.45	0.4	0
	0.46	0.4	0
	0.46	0.4	0
	0.47	0.4	0
	0.47	0.4	0
	0.48	0.4	0
	0.48	0.4	0
	0.49	0.4	0
	0.49	0.4	0
	0.5	0.4	0
	0.5	0.4	0
	0.51	0.4	0
	0.51	0.4	0
	0.52	0.4	0
	0.52	0.4	0
	0.53	0.4	0
	0.53	0.4	0
	0.54	0.4	0
	0.54	0.4	0
	0.55	0.4	0
	0.55	0.4	0
	0.56	0.4	0
	0.56	0.4	0
	0.57	0.4	0
	0.57	0.4	0
	0.58	0.4	0
	0.58	0.4	0
	0.59	0.4	0
	0.59	0.4	0
	0.6	0.4	0
	0.6	0.4	0

	0.4	0.8	0
	0.4	0.8	0
	0.41	0.8	0
	0.41	0.8	0
	0.42	0.8	0
	0.42	0.8	0
	0.43	0.8	0
	0.43	0.8	0
	0.44	0.8	0
	0.44	0.8	0
	0.45	0.8	0
	0.45	0.8	0
	0.46	0.8	0
	0.46	0.8	0
	0.47	0.8	0
	0.47	0.8	0
	0.48	0.8	0
	0.48	0.8	0
	0.49	0.8	0
	0.49	0.8	0
	0.5	0.8	0
	0.5	0.8	0
	0.51	0.8	0
	0.51	0.8	0
	0.52	0.8	0
	0.52	0.8	0
	0.53	0.8	0
	0.53	0.8	0
	0.54	0.8	0
	0.54	0.8	0
	0.55	0.8	0
	0.55	0.8	0
	0.56	0.8	0
	0.56	0.8	0
	0.57	0.8	0
	0.57	0.8	0
	0.58	0.8	0
	0.58	0.8	0
	0.59	0.8	0
	0.59	0.8	0
	0.6	0.8	0
	0.6	0.8	0


	0.4	2.4	0
	0.4	2.4	64
	0.41	2.4	0
	0.41	2.4	64
	0.42	2.4	0
	0.42	2.4	64
	0.43	2.4	0
	0.43	2.4	64
	0.44	2.4	0
	0.44	2.4	64
	0.45	2.4	0
	0.45	2.4	64
	0.46	2.4	0
	0.46	2.4	64
	0.47	2.4	0
	0.47	2.4	64
	0.48	2.4	0
	0.48	2.4	64
	0.49	2.4	0
	0.49	2.4	64
	0.5	2.4	0
	0.5	2.4	64
	0.51	2.4	0
	0.51	2.4	64
	0.52	2.4	0
	0.52	2.4	64
	0.53	2.4	0
	0.53	2.4	64
	0.54	2.4	0
	0.54	2.4	64
	0.55	2.4	0
	0.55	2.4	64
	0.56	2.4	0
	0.56	2.4	64
	0.57	2.4	0
	0.57	2.4	64
	0.58	2.4	0
	0.58	2.4	64
	0.59	2.4	0
	0.59	2.4	64
	0.6	2.4	0
	0.6	2.4	64

	0.4	2.8	0
	0.4	2.8	64
	0.41	2.8	0
	0.41	2.8	64
	0.42	2.8	0
	0.42	2.8	64
	0.43	2.8	0
	0.43	2.8	64
	0.44	2.8	0
	0.44	2.8	64
	0.45	2.8	0
	0.45	2.8	64
	0.46	2.8	0
	0.46	2.8	64
	0.47	2.8	0
	0.47	2.8	64
	0.48	2.8	0
	0.48	2.8	64
	0.49	2.8	0
	0.49	2.8	64
	0.5	2.8	0
	0.5	2.8	64
	0.51	2.8	0
	0.51	2.8	64
	0.52	2.8	0
	0.52	2.8	64
	0.53	2.8	0
	0.53	2.8	64
	0.54	2.8	0
	0.54	2.8	64
	0.55	2.8	0
	0.55	2.8	64
	0.56	2.8	0
	0.56	2.8	64
	0.57	2.8	0
	0.57	2.8	64
	0.58	2.8	0
	0.58	2.8	64
	0.59	2.8	0
	0.59	2.8	64
	0.6	2.8	0
	0.6	2.8	64


	0.4	4.4	0
	0.4	4.4	96
	0.41	4.4	0
	0.41	4.4	96
	0.42	4.4	0
	0.42	4.4	96
	0.43	4.4	0
	0.43	4.4	96
	0.44	4.4	0
	0.44	4.4	96
	0.45	4.4	0
	0.45	4.4	96
	0.46	4.4	0
	0.46	4.4	96
	0.47	4.4	0
	0.47	4.4	96
	0.48	4.4	0
	0.48	4.4	96
	0.49	4.4	0
	0.49	4.4	96
	0.5	4.4	0
	0.5	4.4	96
	0.51	4.4	0
	0.51	4.4	96
	0.52	4.4	0
	0.52	4.4	96
	0.53	4.4	0
	0.53	4.4	96
	0.54	4.4	0
	0.54	4.4	96
	0.55	4.4	0
	0.55	4.4	96
	0.56	4.4	0
	0.56	4.4	96
	0.57	4.4	0
	0.57	4.4	96
	0.58	4.4	0
	0.58	4.4	96
	0.59	4.4	0
	0.59	4.4	96
	0.6	4.4	0
	0.6	4.4	96

	0.4	4.8	0
	0.4	4.8	96
	0.41	4.8	0
	0.41	4.8	96
	0.42	4.8	0
	0.42	4.8	96
	0.43	4.8	0
	0.43	4.8	96
	0.44	4.8	0
	0.44	4.8	96
	0.45	4.8	0
	0.45	4.8	96
	0.46	4.8	0
	0.46	4.8	96
	0.47	4.8	0
	0.47	4.8	96
	0.48	4.8	0
	0.48	4.8	96
	0.49	4.8	0
	0.49	4.8	96
	0.5	4.8	0
	0.5	4.8	96
	0.51	4.8	0
	0.51	4.8	96
	0.52	4.8	0
	0.52	4.8	96
	0.53	4.8	0
	0.53	4.8	96
	0.54	4.8	0
	0.54	4.8	96
	0.55	4.8	0
	0.55	4.8	96
	0.56	4.8	0
	0.56	4.8	96
	0.57	4.8	0
	0.57	4.8	96
	0.58	4.8	0
	0.58	4.8	96
	0.59	4.8	0
	0.59	4.8	96
	0.6	4.8	0
	0.6	4.8	96


	0.4	6.4	0
	0.4	6.4	120
	0.41	6.4	0
	0.41	6.4	120
	0.42	6.4	0
	0.42	6.4	120
	0.43	6.4	0
	0.43	6.4	120
	0.44	6.4	0
	0.44	6.4	120
	0.45	6.4	0
	0.45	6.4	120
	0.46	6.4	0
	0.46	6.4	120
	0.47	6.4	0
	0.47	6.4	120
	0.48	6.4	0
	0.48	6.4	120
	0.49	6.4	0
	0.49	6.4	120
	0.5	6.4	0
	0.5	6.4	120
	0.51	6.4	0
	0.51	6.4	120
	0.52	6.4	0
	0.52	6.4	120
	0.53	6.4	0
	0.53	6.4	120
	0.54	6.4	0
	0.54	6.4	120
	0.55	6.4	0
	0.55	6.4	120
	0.56	6.4	0
	0.56	6.4	120
	0.57	6.4	0
	0.57	6.4	120
	0.58	6.4	0
	0.58	6.4	120
	0.59	6.4	0
	0.59	6.4	120
	0.6	6.4	0
	0.6	6.4	120

	0.4	6.8	0
	0.4	6.8	120
	0.41	6.8	0
	0.41	6.8	120
	0.42	6.8	0
	0.42	6.8	120
	0.43	6.8	0
	0.43	6.8	120
	0.44	6.8	0
	0.44	6.8	120
	0.45	6.8	0
	0.45	6.8	120
	0.46	6.8	0
	0.46	6.8	120
	0.47	6.8	0
	0.47	6.8	120
	0.48	6.8	0
	0.48	6.8	120
	0.49	6.8	0
	0.49	6.8	120
	0.5	6.8	0
	0.5	6.8	120
	0.51	6.8	0
	0.51	6.8	120
	0.52	6.8	0
	0.52	6.8	120
	0.53	6.8	0
	0.53	6.8	120
	0.54	6.8	0
	0.54	6.8	120
	0.55	6.8	0
	0.55	6.8	120
	0.56	6.8	0
	0.56	6.8	120
	0.57	6.8	0
	0.57	6.8	120
	0.58	6.8	0
	0.58	6.8	120
	0.59	6.8	0
	0.59	6.8	120
	0.6	6.8	0
	0.6	6.8	120


	1.4	0.4	0
	1.4	0.4	2
	1.41	0.4	0
	1.41	0.4	2
	1.42	0.4	0
	1.42	0.4	2
	1.43	0.4	0
	1.43	0.4	2
	1.44	0.4	0
	1.44	0.4	2
	1.45	0.4	0
	1.45	0.4	2
	1.46	0.4	0
	1.46	0.4	2
	1.47	0.4	0
	1.47	0.4	2
	1.48	0.4	0
	1.48	0.4	2
	1.49	0.4	0
	1.49	0.4	2
	1.5	0.4	0
	1.5	0.4	2
	1.51	0.4	0
	1.51	0.4	2
	1.52	0.4	0
	1.52	0.4	2
	1.53	0.4	0
	1.53	0.4	2
	1.54	0.4	0
	1.54	0.4	2
	1.55	0.4	0
	1.55	0.4	2
	1.56	0.4	0
	1.56	0.4	2
	1.57	0.4	0
	1.57	0.4	2
	1.58	0.4	0
	1.58	0.4	2
	1.59	0.4	0
	1.59	0.4	2
	1.6	0.4	0
	1.6	0.4	2

	1.4	0.8	0
	1.4	0.8	2
	1.41	0.8	0
	1.41	0.8	2
	1.42	0.8	0
	1.42	0.8	2
	1.43	0.8	0
	1.43	0.8	2
	1.44	0.8	0
	1.44	0.8	2
	1.45	0.8	0
	1.45	0.8	2
	1.46	0.8	0
	1.46	0.8	2
	1.47	0.8	0
	1.47	0.8	2
	1.48	0.8	0
	1.48	0.8	2
	1.49	0.8	0
	1.49	0.8	2
	1.5	0.8	0
	1.5	0.8	2
	1.51	0.8	0
	1.51	0.8	2
	1.52	0.8	0
	1.52	0.8	2
	1.53	0.8	0
	1.53	0.8	2
	1.54	0.8	0
	1.54	0.8	2
	1.55	0.8	0
	1.55	0.8	2
	1.56	0.8	0
	1.56	0.8	2
	1.57	0.8	0
	1.57	0.8	2
	1.58	0.8	0
	1.58	0.8	2
	1.59	0.8	0
	1.59	0.8	2
	1.6	0.8	0
	1.6	0.8	2


	1.4	2.4	0
	1.4	2.4	8
	1.41	2.4	0
	1.41	2.4	8
	1.42	2.4	0
	1.42	2.4	8
	1.43	2.4	0
	1.43	2.4	8
	1.44	2.4	0
	1.44	2.4	8
	1.45	2.4	0
	1.45	2.4	8
	1.46	2.4	0
	1.46	2.4	8
	1.47	2.4	0
	1.47	2.4	8
	1.48	2.4	0
	1.48	2.4	8
	1.49	2.4	0
	1.49	2.4	8
	1.5	2.4	0
	1.5	2.4	8
	1.51	2.4	0
	1.51	2.4	8
	1.52	2.4	0
	1.52	2.4	8
	1.53	2.4	0
	1.53	2.4	8
	1.54	2.4	0
	1.54	2.4	8
	1.55	2.4	0
	1.55	2.4	8
	1.56	2.4	0
	1.56	2.4	8
	1.57	2.4	0
	1.57	2.4	8
	1.58	2.4	0
	1.58	2.4	8
	1.59	2.4	0
	1.59	2.4	8
	1.6	2.4	0
	1.6	2.4	8

	1.4	2.8	0
	1.4	2.8	8
	1.41	2.8	0
	1.41	2.8	8
	1.42	2.8	0
	1.42	2.8	8
	1.43	2.8	0
	1.43	2.8	8
	1.44	2.8	0
	1.44	2.8	8
	1.45	2.8	0
	1.45	2.8	8
	1.46	2.8	0
	1.46	2.8	8
	1.47	2.8	0
	1.47	2.8	8
	1.48	2.8	0
	1.48	2.8	8
	1.49	2.8	0
	1.49	2.8	8
	1.5	2.8	0
	1.5	2.8	8
	1.51	2.8	0
	1.51	2.8	8
	1.52	2.8	0
	1.52	2.8	8
	1.53	2.8	0
	1.53	2.8	8
	1.54	2.8	0
	1.54	2.8	8
	1.55	2.8	0
	1.55	2.8	8
	1.56	2.8	0
	1.56	2.8	8
	1.57	2.8	0
	1.57	2.8	8
	1.58	2.8	0
	1.58	2.8	8
	1.59	2.8	0
	1.59	2.8	8
	1.6	2.8	0
	1.6	2.8	8


	1.4	4.4	0
	1.4	4.4	98
	1.41	4.4	0
	1.41	4.4	98
	1.42	4.4	0
	1.42	4.4	98
	1.43	4.4	0
	1.43	4.4	98
	1.44	4.4	0
	1.44	4.4	98
	1.45	4.4	0
	1.45	4.4	98
	1.46	4.4	0
	1.46	4.4	98
	1.47	4.4	0
	1.47	4.4	98
	1.48	4.4	0
	1.48	4.4	98
	1.49	4.4	0
	1.49	4.4	98
	1.5	4.4	0
	1.5	4.4	98
	1.51	4.4	0
	1.51	4.4	98
	1.52	4.4	0
	1.52	4.4	98
	1.53	4.4	0
	1.53	4.4	98
	1.54	4.4	0
	1.54	4.4	98
	1.55	4.4	0
	1.55	4.4	98
	1.56	4.4	0
	1.56	4.4	98
	1.57	4.4	0
	1.57	4.4	98
	1.58	4.4	0
	1.58	4.4	98
	1.59	4.4	0
	1.59	4.4	98
	1.6	4.4	0
	1.6	4.4	98

	1.4	4.8	0
	1.4	4.8	98
	1.41	4.8	0
	1.41	4.8	98
	1.42	4.8	0
	1.42	4.8	98
	1.43	4.8	0
	1.43	4.8	98
	1.44	4.8	0
	1.44	4.8	98
	1.45	4.8	0
	1.45	4.8	98
	1.46	4.8	0
	1.46	4.8	98
	1.47	4.8	0
	1.47	4.8	98
	1.48	4.8	0
	1.48	4.8	98
	1.49	4.8	0
	1.49	4.8	98
	1.5	4.8	0
	1.5	4.8	98
	1.51	4.8	0
	1.51	4.8	98
	1.52	4.8	0
	1.52	4.8	98
	1.53	4.8	0
	1.53	4.8	98
	1.54	4.8	0
	1.54	4.8	98
	1.55	4.8	0
	1.55	4.8	98
	1.56	4.8	0
	1.56	4.8	98
	1.57	4.8	0
	1.57	4.8	98
	1.58	4.8	0
	1.58	4.8	98
	1.59	4.8	0
	1.59	4.8	98
	1.6	4.8	0
	1.6	4.8	98


	1.4	6.4	0
	1.4	6.4	62
	1.41	6.4	0
	1.41	6.4	62
	1.42	6.4	0
	1.42	6.4	62
	1.43	6.4	0
	1.43	6.4	62
	1.44	6.4	0
	1.44	6.4	62
	1.45	6.4	0
	1.45	6.4	62
	1.46	6.4	0
	1.46	6.4	62
	1.47	6.4	0
	1.47	6.4	62
	1.48	6.4	0
	1.48	6.4	62
	1.49	6.4	0
	1.49	6.4	62
	1.5	6.4	0
	1.5	6.4	62
	1.51	6.4	0
	1.51	6.4	62
	1.52	6.4	0
	1.52	6.4	62
	1.53	6.4	0
	1.53	6.4	62
	1.54	6.4	0
	1.54	6.4	62
	1.55	6.4	0
	1.55	6.4	62
	1.56	6.4	0
	1.56	6.4	62
	1.57	6.4	0
	1.57	6.4	62
	1.58	6.4	0
	1.58	6.4	62
	1.59	6.4	0
	1.59	6.4	62
	1.6	6.4	0
	1.6	6.4	62

	1.4	6.8	0
	1.4	6.8	62
	1.41	6.8	0
	1.41	6.8	62
	1.42	6.8	0
	1.42	6.8	62
	1.43	6.8	0
	1.43	6.8	62
	1.44	6.8	0
	1.44	6.8	62
	1.45	6.8	0
	1.45	6.8	62
	1.46	6.8	0
	1.46	6.8	62
	1.47	6.8	0
	1.47	6.8	62
	1.48	6.8	0
	1.48	6.8	62
	1.49	6.8	0
	1.49	6.8	62
	1.5	6.8	0
	1.5	6.8	62
	1.51	6.8	0
	1.51	6.8	62
	1.52	6.8	0
	1.52	6.8	62
	1.53	6.8	0
	1.53	6.8	62
	1.54	6.8	0
	1.54	6.8	62
	1.55	6.8	0
	1.55	6.8	62
	1.56	6.8	0
	1.56	6.8	62
	1.57	6.8	0
	1.57	6.8	62
	1.58	6.8	0
	1.58	6.8	62
	1.59	6.8	0
	1.59	6.8	62
	1.6	6.8	0
	1.6	6.8	62


	2.4	0.4	0
	2.4	0.4	63
	2.41	0.4	0
	2.41	0.4	63
	2.42	0.4	0
	2.42	0.4	63
	2.43	0.4	0
	2.43	0.4	63
	2.44	0.4	0
	2.44	0.4	63
	2.45	0.4	0
	2.45	0.4	63
	2.46	0.4	0
	2.46	0.4	63
	2.47	0.4	0
	2.47	0.4	63
	2.48	0.4	0
	2.48	0.4	63
	2.49	0.4	0
	2.49	0.4	63
	2.5	0.4	0
	2.5	0.4	63
	2.51	0.4	0
	2.51	0.4	63
	2.52	0.4	0
	2.52	0.4	63
	2.53	0.4	0
	2.53	0.4	63
	2.54	0.4	0
	2.54	0.4	63
	2.55	0.4	0
	2.55	0.4	63
	2.56	0.4	0
	2.56	0.4	63
	2.57	0.4	0
	2.57	0.4	63
	2.58	0.4	0
	2.58	0.4	63
	2.59	0.4	0
	2.59	0.4	63
	2.6	0.4	0
	2.6	0.4	63

	2.4	0.8	0
	2.4	0.8	63
	2.41	0.8	0
	2.41	0.8	63
	2.42	0.8	0
	2.42	0.8	63
	2.43	0.8	0
	2.43	0.8	63
	2.44	0.8	0
	2.44	0.8	63
	2.45	0.8	0
	2.45	0.8	63
	2.46	0.8	0
	2.46	0.8	63
	2.47	0.8	0
	2.47	0.8	63
	2.48	0.8	0
	2.48	0.8	63
	2.49	0.8	0
	2.49	0.8	63
	2.5	0.8	0
	2.5	0.8	63
	2.51	0.8	0
	2.51	0.8	63
	2.52	0.8	0
	2.52	0.8	63
	2.53	0.8	0
	2.53	0.8	63
	2.54	0.8	0
	2.54	0.8	63
	2.55	0.8	0
	2.55	0.8	63
	2.56	0.8	0
	2.56	0.8	63
	2.57	0.8	0
	2.57	0.8	63
	2.58	0.8	0
	2.58	0.8	63
	2.59	0.8	0
	2.59	0.8	63
	2.6	0.8	0
	2.6	0.8	63


	2.4	2.4	0
	2.4	2.4	67
	2.41	2.4	0
	2.41	2.4	67
	2.42	2.4	0
	2.42	2.4	67
	2.43	2.4	0
	2.43	2.4	67
	2.44	2.4	0
	2.44	2.4	67
	2.45	2.4	0
	2.45	2.4	67
	2.46	2.4	0
	2.46	2.4	67
	2.47	2.4	0
	2.47	2.4	67
	2.48	2.4	0
	2.48	2.4	67
	2.49	2.4	0
	2.49	2.4	67
	2.5	2.4	0
	2.5	2.4	67
	2.51	2.4	0
	2.51	2.4	67
	2.52	2.4	0
	2.52	2.4	67
	2.53	2.4	0
	2.53	2.4	67
	2.54	2.4	0
	2.54	2.4	67
	2.55	2.4	0
	2.55	2.4	67
	2.56	2.4	0
	2.56	2.4	67
	2.57	2.4	0
	2.57	2.4	67
	2.58	2.4	0
	2.58	2.4	67
	2.59	2.4	0
	2.59	2.4	67
	2.6	2.4	0
	2.6	2.4	67

	2.4	2.8	0
	2.4	2.8	67
	2.41	2.8	0
	2.41	2.8	67
	2.42	2.8	0
	2.42	2.8	67
	2.43	2.8	0
	2.43	2.8	67
	2.44	2.8	0
	2.44	2.8	67
	2.45	2.8	0
	2.45	2.8	67
	2.46	2.8	0
	2.46	2.8	67
	2.47	2.8	0
	2.47	2.8	67
	2.48	2.8	0
	2.48	2.8	67
	2.49	2.8	0
	2.49	2.8	67
	2.5	2.8	0
	2.5	2.8	67
	2.51	2.8	0
	2.51	2.8	67
	2.52	2.8	0
	2.52	2.8	67
	2.53	2.8	0
	2.53	2.8	67
	2.54	2.8	0
	2.54	2.8	67
	2.55	2.8	0
	2.55	2.8	67
	2.56	2.8	0
	2.56	2.8	67
	2.57	2.8	0
	2.57	2.8	67
	2.58	2.8	0
	2.58	2.8	67
	2.59	2.8	0
	2.59	2.8	67
	2.6	2.8	0
	2.6	2.8	67


	2.4	4.4	0
	2.4	4.4	89
	2.41	4.4	0
	2.41	4.4	89
	2.42	4.4	0
	2.42	4.4	89
	2.43	4.4	0
	2.43	4.4	89
	2.44	4.4	0
	2.44	4.4	89
	2.45	4.4	0
	2.45	4.4	89
	2.46	4.4	0
	2.46	4.4	89
	2.47	4.4	0
	2.47	4.4	89
	2.48	4.4	0
	2.48	4.4	89
	2.49	4.4	0
	2.49	4.4	89
	2.5	4.4	0
	2.5	4.4	89
	2.51	4.4	0
	2.51	4.4	89
	2.52	4.4	0
	2.52	4.4	89
	2.53	4.4	0
	2.53	4.4	89
	2.54	4.4	0
	2.54	4.4	89
	2.55	4.4	0
	2.55	4.4	89
	2.56	4.4	0
	2.56	4.4	89
	2.57	4.4	0
	2.57	4.4	89
	2.58	4.4	0
	2.58	4.4	89
	2.59	4.4	0
	2.59	4.4	89
	2.6	4.4	0
	2.6	4.4	89

	2.4	4.8	0
	2.4	4.8	89
	2.41	4.8	0
	2.41	4.8	89
	2.42	4.8	0
	2.42	4.8	89
	2.43	4.8	0
	2.43	4.8	89
	2.44	4.8	0
	2.44	4.8	89
	2.45	4.8	0
	2.45	4.8	89
	2.46	4.8	0
	2.46	4.8	89
	2.47	4.8	0
	2.47	4.8	89
	2.48	4.8	0
	2.48	4.8	89
	2.49	4.8	0
	2.49	4.8	89
	2.5	4.8	0
	2.5	4.8	89
	2.51	4.8	0
	2.51	4.8	89
	2.52	4.8	0
	2.52	4.8	89
	2.53	4.8	0
	2.53	4.8	89
	2.54	4.8	0
	2.54	4.8	89
	2.55	4.8	0
	2.55	4.8	89
	2.56	4.8	0
	2.56	4.8	89
	2.57	4.8	0
	2.57	4.8	89
	2.58	4.8	0
	2.58	4.8	89
	2.59	4.8	0
	2.59	4.8	89
	2.6	4.8	0
	2.6	4.8	89


	2.4	6.4	0
	2.4	6.4	166
	2.41	6.4	0
	2.41	6.4	166
	2.42	6.4	0
	2.42	6.4	166
	2.43	6.4	0
	2.43	6.4	166
	2.44	6.4	0
	2.44	6.4	166
	2.45	6.4	0
	2.45	6.4	166
	2.46	6.4	0
	2.46	6.4	166
	2.47	6.4	0
	2.47	6.4	166
	2.48	6.4	0
	2.48	6.4	166
	2.49	6.4	0
	2.49	6.4	166
	2.5	6.4	0
	2.5	6.4	166
	2.51	6.4	0
	2.51	6.4	166
	2.52	6.4	0
	2.52	6.4	166
	2.53	6.4	0
	2.53	6.4	166
	2.54	6.4	0
	2.54	6.4	166
	2.55	6.4	0
	2.55	6.4	166
	2.56	6.4	0
	2.56	6.4	166
	2.57	6.4	0
	2.57	6.4	166
	2.58	6.4	0
	2.58	6.4	166
	2.59	6.4	0
	2.59	6.4	166
	2.6	6.4	0
	2.6	6.4	166

	2.4	6.8	0
	2.4	6.8	166
	2.41	6.8	0
	2.41	6.8	166
	2.42	6.8	0
	2.42	6.8	166
	2.43	6.8	0
	2.43	6.8	166
	2.44	6.8	0
	2.44	6.8	166
	2.45	6.8	0
	2.45	6.8	166
	2.46	6.8	0
	2.46	6.8	166
	2.47	6.8	0
	2.47	6.8	166
	2.48	6.8	0
	2.48	6.8	166
	2.49	6.8	0
	2.49	6.8	166
	2.5	6.8	0
	2.5	6.8	166
	2.51	6.8	0
	2.51	6.8	166
	2.52	6.8	0
	2.52	6.8	166
	2.53	6.8	0
	2.53	6.8	166
	2.54	6.8	0
	2.54	6.8	166
	2.55	6.8	0
	2.55	6.8	166
	2.56	6.8	0
	2.56	6.8	166
	2.57	6.8	0
	2.57	6.8	166
	2.58	6.8	0
	2.58	6.8	166
	2.59	6.8	0
	2.59	6.8	166
	2.6	6.8	0
	2.6	6.8	166


	3.4	0.4	0
	3.4	0.4	64
	3.41	0.4	0
	3.41	0.4	64
	3.42	0.4	0
	3.42	0.4	64
	3.43	0.4	0
	3.43	0.4	64
	3.44	0.4	0
	3.44	0.4	64
	3.45	0.4	0
	3.45	0.4	64
	3.46	0.4	0
	3.46	0.4	64
	3.47	0.4	0
	3.47	0.4	64
	3.48	0.4	0
	3.48	0.4	64
	3.49	0.4	0
	3.49	0.4	64
	3.5	0.4	0
	3.5	0.4	64
	3.51	0.4	0
	3.51	0.4	64
	3.52	0.4	0
	3.52	0.4	64
	3.53	0.4	0
	3.53	0.4	64
	3.54	0.4	0
	3.54	0.4	64
	3.55	0.4	0
	3.55	0.4	64
	3.56	0.4	0
	3.56	0.4	64
	3.57	0.4	0
	3.57	0.4	64
	3.58	0.4	0
	3.58	0.4	64
	3.59	0.4	0
	3.59	0.4	64
	3.6	0.4	0
	3.6	0.4	64

	3.4	0.8	0
	3.4	0.8	64
	3.41	0.8	0
	3.41	0.8	64
	3.42	0.8	0
	3.42	0.8	64
	3.43	0.8	0
	3.43	0.8	64
	3.44	0.8	0
	3.44	0.8	64
	3.45	0.8	0
	3.45	0.8	64
	3.46	0.8	0
	3.46	0.8	64
	3.47	0.8	0
	3.47	0.8	64
	3.48	0.8	0
	3.48	0.8	64
	3.49	0.8	0
	3.49	0.8	64
	3.5	0.8	0
	3.5	0.8	64
	3.51	0.8	0
	3.51	0.8	64
	3.52	0.8	0
	3.52	0.8	64
	3.53	0.8	0
	3.53	0.8	64
	3.54	0.8	0
	3.54	0.8	64
	3.55	0.8	0
	3.55	0.8	64
	3.56	0.8	0
	3.56	0.8	64
	3.57	0.8	0
	3.57	0.8	64
	3.58	0.8	0
	3.58	0.8	64
	3.59	0.8	0
	3.59	0.8	64
	3.6	0.8	0
	3.6	0.8	64


	3.4	2.4	0
	3.4	2.4	63
	3.41	2.4	0
	3.41	2.4	63
	3.42	2.4	0
	3.42	2.4	63
	3.43	2.4	0
	3.43	2.4	63
	3.44	2.4	0
	3.44	2.4	63
	3.45	2.4	0
	3.45	2.4	63
	3.46	2.4	0
	3.46	2.4	63
	3.47	2.4	0
	3.47	2.4	63
	3.48	2.4	0
	3.48	2.4	63
	3.49	2.4	0
	3.49	2.4	63
	3.5	2.4	0
	3.5	2.4	63
	3.51	2.4	0
	3.51	2.4	63
	3.52	2.4	0
	3.52	2.4	63
	3.53	2.4	0
	3.53	2.4	63
	3.54	2.4	0
	3.54	2.4	63
	3.55	2.4	0
	3.55	2.4	63
	3.56	2.4	0
	3.56	2.4	63
	3.57	2.4	0
	3.57	2.4	63
	3.58	2.4	0
	3.58	2.4	63
	3.59	2.4	0
	3.59	2.4	63
	3.6	2.4	0
	3.6	2.4	63

	3.4	2.8	0
	3.4	2.8	63
	3.41	2.8	0
	3.41	2.8	63
	3.42	2.8	0
	3.42	2.8	63
	3.43	2.8	0
	3.43	2.8	63
	3.44	2.8	0
	3.44	2.8	63
	3.45	2.8	0
	3.45	2.8	63
	3.46	2.8	0
	3.46	2.8	63
	3.47	2.8	0
	3.47	2.8	63
	3.48	2.8	0
	3.48	2.8	63
	3.49	2.8	0
	3.49	2.8	63
	3.5	2.8	0
	3.5	2.8	63
	3.51	2.8	0
	3.51	2.8	63
	3.52	2.8	0
	3.52	2.8	63
	3.53	2.8	0
	3.53	2.8	63
	3.54	2.8	0
	3.54	2.8	63
	3.55	2.8	0
	3.55	2.8	63
	3.56	2.8	0
	3.56	2.8	63
	3.57	2.8	0
	3.57	2.8	63
	3.58	2.8	0
	3.58	2.8	63
	3.59	2.8	0
	3.59	2.8	63
	3.6	2.8	0
	3.6	2.8	63


	3.4	4.4	0
	3.4	4.4	102
	3.41	4.4	0
	3.41	4.4	102
	3.42	4.4	0
	3.42	4.4	102
	3.43	4.4	0
	3.43	4.4	102
	3.44	4.4	0
	3.44	4.4	102
	3.45	4.4	0
	3.45	4.4	102
	3.46	4.4	0
	3.46	4.4	102
	3.47	4.4	0
	3.47	4.4	102
	3.48	4.4	0
	3.48	4.4	102
	3.49	4.4	0
	3.49	4.4	102
	3.5	4.4	0
	3.5	4.4	102
	3.51	4.4	0
	3.51	4.4	102
	3.52	4.4	0
	3.52	4.4	102
	3.53	4.4	0
	3.53	4.4	102
	3.54	4.4	0
	3.54	4.4	102
	3.55	4.4	0
	3.55	4.4	102
	3.56	4.4	0
	3.56	4.4	102
	3.57	4.4	0
	3.57	4.4	102
	3.58	4.4	0
	3.58	4.4	102
	3.59	4.4	0
	3.59	4.4	102
	3.6	4.4	0
	3.6	4.4	102

	3.4	4.8	0
	3.4	4.8	102
	3.41	4.8	0
	3.41	4.8	102
	3.42	4.8	0
	3.42	4.8	102
	3.43	4.8	0
	3.43	4.8	102
	3.44	4.8	0
	3.44	4.8	102
	3.45	4.8	0
	3.45	4.8	102
	3.46	4.8	0
	3.46	4.8	102
	3.47	4.8	0
	3.47	4.8	102
	3.48	4.8	0
	3.48	4.8	102
	3.49	4.8	0
	3.49	4.8	102
	3.5	4.8	0
	3.5	4.8	102
	3.51	4.8	0
	3.51	4.8	102
	3.52	4.8	0
	3.52	4.8	102
	3.53	4.8	0
	3.53	4.8	102
	3.54	4.8	0
	3.54	4.8	102
	3.55	4.8	0
	3.55	4.8	102
	3.56	4.8	0
	3.56	4.8	102
	3.57	4.8	0
	3.57	4.8	102
	3.58	4.8	0
	3.58	4.8	102
	3.59	4.8	0
	3.59	4.8	102
	3.6	4.8	0
	3.6	4.8	102


	3.4	6.4	0
	3.4	6.4	126
	3.41	6.4	0
	3.41	6.4	126
	3.42	6.4	0
	3.42	6.4	126
	3.43	6.4	0
	3.43	6.4	126
	3.44	6.4	0
	3.44	6.4	126
	3.45	6.4	0
	3.45	6.4	126
	3.46	6.4	0
	3.46	6.4	126
	3.47	6.4	0
	3.47	6.4	126
	3.48	6.4	0
	3.48	6.4	126
	3.49	6.4	0
	3.49	6.4	126
	3.5	6.4	0
	3.5	6.4	126
	3.51	6.4	0
	3.51	6.4	126
	3.52	6.4	0
	3.52	6.4	126
	3.53	6.4	0
	3.53	6.4	126
	3.54	6.4	0
	3.54	6.4	126
	3.55	6.4	0
	3.55	6.4	126
	3.56	6.4	0
	3.56	6.4	126
	3.57	6.4	0
	3.57	6.4	126
	3.58	6.4	0
	3.58	6.4	126
	3.59	6.4	0
	3.59	6.4	126
	3.6	6.4	0
	3.6	6.4	126

	3.4	6.8	0
	3.4	6.8	126
	3.41	6.8	0
	3.41	6.8	126
	3.42	6.8	0
	3.42	6.8	126
	3.43	6.8	0
	3.43	6.8	126
	3.44	6.8	0
	3.44	6.8	126
	3.45	6.8	0
	3.45	6.8	126
	3.46	6.8	0
	3.46	6.8	126
	3.47	6.8	0
	3.47	6.8	126
	3.48	6.8	0
	3.48	6.8	126
	3.49	6.8	0
	3.49	6.8	126
	3.5	6.8	0
	3.5	6.8	126
	3.51	6.8	0
	3.51	6.8	126
	3.52	6.8	0
	3.52	6.8	126
	3.53	6.8	0
	3.53	6.8	126
	3.54	6.8	0
	3.54	6.8	126
	3.55	6.8	0
	3.55	6.8	126
	3.56	6.8	0
	3.56	6.8	126
	3.57	6.8	0
	3.57	6.8	126
	3.58	6.8	0
	3.58	6.8	126
	3.59	6.8	0
	3.59	6.8	126
	3.6	6.8	0
	3.6	6.8	126


