	0.4	0.2	0
	0.4	0.2	0
	0.41	0.2	0
	0.41	0.2	0
	0.42	0.2	0
	0.42	0.2	0
	0.43	0.2	0
	0.43	0.2	0
	0.44	0.2	0
	0.44	0.2	0
	0.45	0.2	0
	0.45	0.2	0
	0.46	0.2	0
	0.46	0.2	0
	0.47	0.2	0
	0.47	0.2	0
	0.48	0.2	0
	0.48	0.2	0
	0.49	0.2	0
	0.49	0.2	0
	0.5	0.2	0
	0.5	0.2	0
	0.51	0.2	0
	0.51	0.2	0
	0.52	0.2	0
	0.52	0.2	0
	0.53	0.2	0
	0.53	0.2	0
	0.54	0.2	0
	0.54	0.2	0
	0.55	0.2	0
	0.55	0.2	0
	0.56	0.2	0
	0.56	0.2	0
	0.57	0.2	0
	0.57	0.2	0
	0.58	0.2	0
	0.58	0.2	0
	0.59	0.2	0
	0.59	0.2	0
	0.6	0.2	0
	0.6	0.2	0

	0.4	0.8	0
	0.4	0.8	0
	0.41	0.8	0
	0.41	0.8	0
	0.42	0.8	0
	0.42	0.8	0
	0.43	0.8	0
	0.43	0.8	0
	0.44	0.8	0
	0.44	0.8	0
	0.45	0.8	0
	0.45	0.8	0
	0.46	0.8	0
	0.46	0.8	0
	0.47	0.8	0
	0.47	0.8	0
	0.48	0.8	0
	0.48	0.8	0
	0.49	0.8	0
	0.49	0.8	0
	0.5	0.8	0
	0.5	0.8	0
	0.51	0.8	0
	0.51	0.8	0
	0.52	0.8	0
	0.52	0.8	0
	0.53	0.8	0
	0.53	0.8	0
	0.54	0.8	0
	0.54	0.8	0
	0.55	0.8	0
	0.55	0.8	0
	0.56	0.8	0
	0.56	0.8	0
	0.57	0.8	0
	0.57	0.8	0
	0.58	0.8	0
	0.58	0.8	0
	0.59	0.8	0
	0.59	0.8	0
	0.6	0.8	0
	0.6	0.8	0


	0.4	2.2	0
	0.4	2.2	0.0093659
	0.41	2.2	0
	0.41	2.2	0.0093659
	0.42	2.2	0
	0.42	2.2	0.0093659
	0.43	2.2	0
	0.43	2.2	0.0093659
	0.44	2.2	0
	0.44	2.2	0.0093659
	0.45	2.2	0
	0.45	2.2	0.0093659
	0.46	2.2	0
	0.46	2.2	0.0093659
	0.47	2.2	0
	0.47	2.2	0.0093659
	0.48	2.2	0
	0.48	2.2	0.0093659
	0.49	2.2	0
	0.49	2.2	0.0093659
	0.5	2.2	0
	0.5	2.2	0.0093659
	0.51	2.2	0
	0.51	2.2	0.0093659
	0.52	2.2	0
	0.52	2.2	0.0093659
	0.53	2.2	0
	0.53	2.2	0.0093659
	0.54	2.2	0
	0.54	2.2	0.0093659
	0.55	2.2	0
	0.55	2.2	0.0093659
	0.56	2.2	0
	0.56	2.2	0.0093659
	0.57	2.2	0
	0.57	2.2	0.0093659
	0.58	2.2	0
	0.58	2.2	0.0093659
	0.59	2.2	0
	0.59	2.2	0.0093659
	0.6	2.2	0
	0.6	2.2	0.0093659

	0.4	2.8	0
	0.4	2.8	0.0093659
	0.41	2.8	0
	0.41	2.8	0.0093659
	0.42	2.8	0
	0.42	2.8	0.0093659
	0.43	2.8	0
	0.43	2.8	0.0093659
	0.44	2.8	0
	0.44	2.8	0.0093659
	0.45	2.8	0
	0.45	2.8	0.0093659
	0.46	2.8	0
	0.46	2.8	0.0093659
	0.47	2.8	0
	0.47	2.8	0.0093659
	0.48	2.8	0
	0.48	2.8	0.0093659
	0.49	2.8	0
	0.49	2.8	0.0093659
	0.5	2.8	0
	0.5	2.8	0.0093659
	0.51	2.8	0
	0.51	2.8	0.0093659
	0.52	2.8	0
	0.52	2.8	0.0093659
	0.53	2.8	0
	0.53	2.8	0.0093659
	0.54	2.8	0
	0.54	2.8	0.0093659
	0.55	2.8	0
	0.55	2.8	0.0093659
	0.56	2.8	0
	0.56	2.8	0.0093659
	0.57	2.8	0
	0.57	2.8	0.0093659
	0.58	2.8	0
	0.58	2.8	0.0093659
	0.59	2.8	0
	0.59	2.8	0.0093659
	0.6	2.8	0
	0.6	2.8	0.0093659


	0.4	4.2	0
	0.4	4.2	0.0152201
	0.41	4.2	0
	0.41	4.2	0.0152201
	0.42	4.2	0
	0.42	4.2	0.0152201
	0.43	4.2	0
	0.43	4.2	0.0152201
	0.44	4.2	0
	0.44	4.2	0.0152201
	0.45	4.2	0
	0.45	4.2	0.0152201
	0.46	4.2	0
	0.46	4.2	0.0152201
	0.47	4.2	0
	0.47	4.2	0.0152201
	0.48	4.2	0
	0.48	4.2	0.0152201
	0.49	4.2	0
	0.49	4.2	0.0152201
	0.5	4.2	0
	0.5	4.2	0.0152201
	0.51	4.2	0
	0.51	4.2	0.0152201
	0.52	4.2	0
	0.52	4.2	0.0152201
	0.53	4.2	0
	0.53	4.2	0.0152201
	0.54	4.2	0
	0.54	4.2	0.0152201
	0.55	4.2	0
	0.55	4.2	0.0152201
	0.56	4.2	0
	0.56	4.2	0.0152201
	0.57	4.2	0
	0.57	4.2	0.0152201
	0.58	4.2	0
	0.58	4.2	0.0152201
	0.59	4.2	0
	0.59	4.2	0.0152201
	0.6	4.2	0
	0.6	4.2	0.0152201

	0.4	4.8	0
	0.4	4.8	0.0152201
	0.41	4.8	0
	0.41	4.8	0.0152201
	0.42	4.8	0
	0.42	4.8	0.0152201
	0.43	4.8	0
	0.43	4.8	0.0152201
	0.44	4.8	0
	0.44	4.8	0.0152201
	0.45	4.8	0
	0.45	4.8	0.0152201
	0.46	4.8	0
	0.46	4.8	0.0152201
	0.47	4.8	0
	0.47	4.8	0.0152201
	0.48	4.8	0
	0.48	4.8	0.0152201
	0.49	4.8	0
	0.49	4.8	0.0152201
	0.5	4.8	0
	0.5	4.8	0.0152201
	0.51	4.8	0
	0.51	4.8	0.0152201
	0.52	4.8	0
	0.52	4.8	0.0152201
	0.53	4.8	0
	0.53	4.8	0.0152201
	0.54	4.8	0
	0.54	4.8	0.0152201
	0.55	4.8	0
	0.55	4.8	0.0152201
	0.56	4.8	0
	0.56	4.8	0.0152201
	0.57	4.8	0
	0.57	4.8	0.0152201
	0.58	4.8	0
	0.58	4.8	0.0152201
	0.59	4.8	0
	0.59	4.8	0.0152201
	0.6	4.8	0
	0.6	4.8	0.0152201


	0.4	6.2	0
	0.4	6.2	0.0192483
	0.41	6.2	0
	0.41	6.2	0.0192483
	0.42	6.2	0
	0.42	6.2	0.0192483
	0.43	6.2	0
	0.43	6.2	0.0192483
	0.44	6.2	0
	0.44	6.2	0.0192483
	0.45	6.2	0
	0.45	6.2	0.0192483
	0.46	6.2	0
	0.46	6.2	0.0192483
	0.47	6.2	0
	0.47	6.2	0.0192483
	0.48	6.2	0
	0.48	6.2	0.0192483
	0.49	6.2	0
	0.49	6.2	0.0192483
	0.5	6.2	0
	0.5	6.2	0.0192483
	0.51	6.2	0
	0.51	6.2	0.0192483
	0.52	6.2	0
	0.52	6.2	0.0192483
	0.53	6.2	0
	0.53	6.2	0.0192483
	0.54	6.2	0
	0.54	6.2	0.0192483
	0.55	6.2	0
	0.55	6.2	0.0192483
	0.56	6.2	0
	0.56	6.2	0.0192483
	0.57	6.2	0
	0.57	6.2	0.0192483
	0.58	6.2	0
	0.58	6.2	0.0192483
	0.59	6.2	0
	0.59	6.2	0.0192483
	0.6	6.2	0
	0.6	6.2	0.0192483

	0.4	6.8	0
	0.4	6.8	0.0192483
	0.41	6.8	0
	0.41	6.8	0.0192483
	0.42	6.8	0
	0.42	6.8	0.0192483
	0.43	6.8	0
	0.43	6.8	0.0192483
	0.44	6.8	0
	0.44	6.8	0.0192483
	0.45	6.8	0
	0.45	6.8	0.0192483
	0.46	6.8	0
	0.46	6.8	0.0192483
	0.47	6.8	0
	0.47	6.8	0.0192483
	0.48	6.8	0
	0.48	6.8	0.0192483
	0.49	6.8	0
	0.49	6.8	0.0192483
	0.5	6.8	0
	0.5	6.8	0.0192483
	0.51	6.8	0
	0.51	6.8	0.0192483
	0.52	6.8	0
	0.52	6.8	0.0192483
	0.53	6.8	0
	0.53	6.8	0.0192483
	0.54	6.8	0
	0.54	6.8	0.0192483
	0.55	6.8	0
	0.55	6.8	0.0192483
	0.56	6.8	0
	0.56	6.8	0.0192483
	0.57	6.8	0
	0.57	6.8	0.0192483
	0.58	6.8	0
	0.58	6.8	0.0192483
	0.59	6.8	0
	0.59	6.8	0.0192483
	0.6	6.8	0
	0.6	6.8	0.0192483


	1.4	0.2	0
	1.4	0.2	0.00140343
	1.41	0.2	0
	1.41	0.2	0.00140343
	1.42	0.2	0
	1.42	0.2	0.00140343
	1.43	0.2	0
	1.43	0.2	0.00140343
	1.44	0.2	0
	1.44	0.2	0.00140343
	1.45	0.2	0
	1.45	0.2	0.00140343
	1.46	0.2	0
	1.46	0.2	0.00140343
	1.47	0.2	0
	1.47	0.2	0.00140343
	1.48	0.2	0
	1.48	0.2	0.00140343
	1.49	0.2	0
	1.49	0.2	0.00140343
	1.5	0.2	0
	1.5	0.2	0.00140343
	1.51	0.2	0
	1.51	0.2	0.00140343
	1.52	0.2	0
	1.52	0.2	0.00140343
	1.53	0.2	0
	1.53	0.2	0.00140343
	1.54	0.2	0
	1.54	0.2	0.00140343
	1.55	0.2	0
	1.55	0.2	0.00140343
	1.56	0.2	0
	1.56	0.2	0.00140343
	1.57	0.2	0
	1.57	0.2	0.00140343
	1.58	0.2	0
	1.58	0.2	0.00140343
	1.59	0.2	0
	1.59	0.2	0.00140343
	1.6	0.2	0
	1.6	0.2	0.00140343

	1.4	0.8	0
	1.4	0.8	0.00140343
	1.41	0.8	0
	1.41	0.8	0.00140343
	1.42	0.8	0
	1.42	0.8	0.00140343
	1.43	0.8	0
	1.43	0.8	0.00140343
	1.44	0.8	0
	1.44	0.8	0.00140343
	1.45	0.8	0
	1.45	0.8	0.00140343
	1.46	0.8	0
	1.46	0.8	0.00140343
	1.47	0.8	0
	1.47	0.8	0.00140343
	1.48	0.8	0
	1.48	0.8	0.00140343
	1.49	0.8	0
	1.49	0.8	0.00140343
	1.5	0.8	0
	1.5	0.8	0.00140343
	1.51	0.8	0
	1.51	0.8	0.00140343
	1.52	0.8	0
	1.52	0.8	0.00140343
	1.53	0.8	0
	1.53	0.8	0.00140343
	1.54	0.8	0
	1.54	0.8	0.00140343
	1.55	0.8	0
	1.55	0.8	0.00140343
	1.56	0.8	0
	1.56	0.8	0.00140343
	1.57	0.8	0
	1.57	0.8	0.00140343
	1.58	0.8	0
	1.58	0.8	0.00140343
	1.59	0.8	0
	1.59	0.8	0.00140343
	1.6	0.8	0
	1.6	0.8	0.00140343


	1.4	2.2	0
	1.4	2.2	0.00207884
	1.41	2.2	0
	1.41	2.2	0.00207884
	1.42	2.2	0
	1.42	2.2	0.00207884
	1.43	2.2	0
	1.43	2.2	0.00207884
	1.44	2.2	0
	1.44	2.2	0.00207884
	1.45	2.2	0
	1.45	2.2	0.00207884
	1.46	2.2	0
	1.46	2.2	0.00207884
	1.47	2.2	0
	1.47	2.2	0.00207884
	1.48	2.2	0
	1.48	2.2	0.00207884
	1.49	2.2	0
	1.49	2.2	0.00207884
	1.5	2.2	0
	1.5	2.2	0.00207884
	1.51	2.2	0
	1.51	2.2	0.00207884
	1.52	2.2	0
	1.52	2.2	0.00207884
	1.53	2.2	0
	1.53	2.2	0.00207884
	1.54	2.2	0
	1.54	2.2	0.00207884
	1.55	2.2	0
	1.55	2.2	0.00207884
	1.56	2.2	0
	1.56	2.2	0.00207884
	1.57	2.2	0
	1.57	2.2	0.00207884
	1.58	2.2	0
	1.58	2.2	0.00207884
	1.59	2.2	0
	1.59	2.2	0.00207884
	1.6	2.2	0
	1.6	2.2	0.00207884

	1.4	2.8	0
	1.4	2.8	0.00207884
	1.41	2.8	0
	1.41	2.8	0.00207884
	1.42	2.8	0
	1.42	2.8	0.00207884
	1.43	2.8	0
	1.43	2.8	0.00207884
	1.44	2.8	0
	1.44	2.8	0.00207884
	1.45	2.8	0
	1.45	2.8	0.00207884
	1.46	2.8	0
	1.46	2.8	0.00207884
	1.47	2.8	0
	1.47	2.8	0.00207884
	1.48	2.8	0
	1.48	2.8	0.00207884
	1.49	2.8	0
	1.49	2.8	0.00207884
	1.5	2.8	0
	1.5	2.8	0.00207884
	1.51	2.8	0
	1.51	2.8	0.00207884
	1.52	2.8	0
	1.52	2.8	0.00207884
	1.53	2.8	0
	1.53	2.8	0.00207884
	1.54	2.8	0
	1.54	2.8	0.00207884
	1.55	2.8	0
	1.55	2.8	0.00207884
	1.56	2.8	0
	1.56	2.8	0.00207884
	1.57	2.8	0
	1.57	2.8	0.00207884
	1.58	2.8	0
	1.58	2.8	0.00207884
	1.59	2.8	0
	1.59	2.8	0.00207884
	1.6	2.8	0
	1.6	2.8	0.00207884


	1.4	4.2	0
	1.4	4.2	0.0155012
	1.41	4.2	0
	1.41	4.2	0.0155012
	1.42	4.2	0
	1.42	4.2	0.0155012
	1.43	4.2	0
	1.43	4.2	0.0155012
	1.44	4.2	0
	1.44	4.2	0.0155012
	1.45	4.2	0
	1.45	4.2	0.0155012
	1.46	4.2	0
	1.46	4.2	0.0155012
	1.47	4.2	0
	1.47	4.2	0.0155012
	1.48	4.2	0
	1.48	4.2	0.0155012
	1.49	4.2	0
	1.49	4.2	0.0155012
	1.5	4.2	0
	1.5	4.2	0.0155012
	1.51	4.2	0
	1.51	4.2	0.0155012
	1.52	4.2	0
	1.52	4.2	0.0155012
	1.53	4.2	0
	1.53	4.2	0.0155012
	1.54	4.2	0
	1.54	4.2	0.0155012
	1.55	4.2	0
	1.55	4.2	0.0155012
	1.56	4.2	0
	1.56	4.2	0.0155012
	1.57	4.2	0
	1.57	4.2	0.0155012
	1.58	4.2	0
	1.58	4.2	0.0155012
	1.59	4.2	0
	1.59	4.2	0.0155012
	1.6	4.2	0
	1.6	4.2	0.0155012

	1.4	4.8	0
	1.4	4.8	0.0155012
	1.41	4.8	0
	1.41	4.8	0.0155012
	1.42	4.8	0
	1.42	4.8	0.0155012
	1.43	4.8	0
	1.43	4.8	0.0155012
	1.44	4.8	0
	1.44	4.8	0.0155012
	1.45	4.8	0
	1.45	4.8	0.0155012
	1.46	4.8	0
	1.46	4.8	0.0155012
	1.47	4.8	0
	1.47	4.8	0.0155012
	1.48	4.8	0
	1.48	4.8	0.0155012
	1.49	4.8	0
	1.49	4.8	0.0155012
	1.5	4.8	0
	1.5	4.8	0.0155012
	1.51	4.8	0
	1.51	4.8	0.0155012
	1.52	4.8	0
	1.52	4.8	0.0155012
	1.53	4.8	0
	1.53	4.8	0.0155012
	1.54	4.8	0
	1.54	4.8	0.0155012
	1.55	4.8	0
	1.55	4.8	0.0155012
	1.56	4.8	0
	1.56	4.8	0.0155012
	1.57	4.8	0
	1.57	4.8	0.0155012
	1.58	4.8	0
	1.58	4.8	0.0155012
	1.59	4.8	0
	1.59	4.8	0.0155012
	1.6	4.8	0
	1.6	4.8	0.0155012


	1.4	6.2	0
	1.4	6.2	0.01256
	1.41	6.2	0
	1.41	6.2	0.01256
	1.42	6.2	0
	1.42	6.2	0.01256
	1.43	6.2	0
	1.43	6.2	0.01256
	1.44	6.2	0
	1.44	6.2	0.01256
	1.45	6.2	0
	1.45	6.2	0.01256
	1.46	6.2	0
	1.46	6.2	0.01256
	1.47	6.2	0
	1.47	6.2	0.01256
	1.48	6.2	0
	1.48	6.2	0.01256
	1.49	6.2	0
	1.49	6.2	0.01256
	1.5	6.2	0
	1.5	6.2	0.01256
	1.51	6.2	0
	1.51	6.2	0.01256
	1.52	6.2	0
	1.52	6.2	0.01256
	1.53	6.2	0
	1.53	6.2	0.01256
	1.54	6.2	0
	1.54	6.2	0.01256
	1.55	6.2	0
	1.55	6.2	0.01256
	1.56	6.2	0
	1.56	6.2	0.01256
	1.57	6.2	0
	1.57	6.2	0.01256
	1.58	6.2	0
	1.58	6.2	0.01256
	1.59	6.2	0
	1.59	6.2	0.01256
	1.6	6.2	0
	1.6	6.2	0.01256

	1.4	6.8	0
	1.4	6.8	0.01256
	1.41	6.8	0
	1.41	6.8	0.01256
	1.42	6.8	0
	1.42	6.8	0.01256
	1.43	6.8	0
	1.43	6.8	0.01256
	1.44	6.8	0
	1.44	6.8	0.01256
	1.45	6.8	0
	1.45	6.8	0.01256
	1.46	6.8	0
	1.46	6.8	0.01256
	1.47	6.8	0
	1.47	6.8	0.01256
	1.48	6.8	0
	1.48	6.8	0.01256
	1.49	6.8	0
	1.49	6.8	0.01256
	1.5	6.8	0
	1.5	6.8	0.01256
	1.51	6.8	0
	1.51	6.8	0.01256
	1.52	6.8	0
	1.52	6.8	0.01256
	1.53	6.8	0
	1.53	6.8	0.01256
	1.54	6.8	0
	1.54	6.8	0.01256
	1.55	6.8	0
	1.55	6.8	0.01256
	1.56	6.8	0
	1.56	6.8	0.01256
	1.57	6.8	0
	1.57	6.8	0.01256
	1.58	6.8	0
	1.58	6.8	0.01256
	1.59	6.8	0
	1.59	6.8	0.01256
	1.6	6.8	0
	1.6	6.8	0.01256


	2.4	0.2	0
	2.4	0.2	0.00909706
	2.41	0.2	0
	2.41	0.2	0.00909706
	2.42	0.2	0
	2.42	0.2	0.00909706
	2.43	0.2	0
	2.43	0.2	0.00909706
	2.44	0.2	0
	2.44	0.2	0.00909706
	2.45	0.2	0
	2.45	0.2	0.00909706
	2.46	0.2	0
	2.46	0.2	0.00909706
	2.47	0.2	0
	2.47	0.2	0.00909706
	2.48	0.2	0
	2.48	0.2	0.00909706
	2.49	0.2	0
	2.49	0.2	0.00909706
	2.5	0.2	0
	2.5	0.2	0.00909706
	2.51	0.2	0
	2.51	0.2	0.00909706
	2.52	0.2	0
	2.52	0.2	0.00909706
	2.53	0.2	0
	2.53	0.2	0.00909706
	2.54	0.2	0
	2.54	0.2	0.00909706
	2.55	0.2	0
	2.55	0.2	0.00909706
	2.56	0.2	0
	2.56	0.2	0.00909706
	2.57	0.2	0
	2.57	0.2	0.00909706
	2.58	0.2	0
	2.58	0.2	0.00909706
	2.59	0.2	0
	2.59	0.2	0.00909706
	2.6	0.2	0
	2.6	0.2	0.00909706

	2.4	0.8	0
	2.4	0.8	0.00909706
	2.41	0.8	0
	2.41	0.8	0.00909706
	2.42	0.8	0
	2.42	0.8	0.00909706
	2.43	0.8	0
	2.43	0.8	0.00909706
	2.44	0.8	0
	2.44	0.8	0.00909706
	2.45	0.8	0
	2.45	0.8	0.00909706
	2.46	0.8	0
	2.46	0.8	0.00909706
	2.47	0.8	0
	2.47	0.8	0.00909706
	2.48	0.8	0
	2.48	0.8	0.00909706
	2.49	0.8	0
	2.49	0.8	0.00909706
	2.5	0.8	0
	2.5	0.8	0.00909706
	2.51	0.8	0
	2.51	0.8	0.00909706
	2.52	0.8	0
	2.52	0.8	0.00909706
	2.53	0.8	0
	2.53	0.8	0.00909706
	2.54	0.8	0
	2.54	0.8	0.00909706
	2.55	0.8	0
	2.55	0.8	0.00909706
	2.56	0.8	0
	2.56	0.8	0.00909706
	2.57	0.8	0
	2.57	0.8	0.00909706
	2.58	0.8	0
	2.58	0.8	0.00909706
	2.59	0.8	0
	2.59	0.8	0.00909706
	2.6	0.8	0
	2.6	0.8	0.00909706


	2.4	2.2	0
	2.4	2.2	0.0107904
	2.41	2.2	0
	2.41	2.2	0.0107904
	2.42	2.2	0
	2.42	2.2	0.0107904
	2.43	2.2	0
	2.43	2.2	0.0107904
	2.44	2.2	0
	2.44	2.2	0.0107904
	2.45	2.2	0
	2.45	2.2	0.0107904
	2.46	2.2	0
	2.46	2.2	0.0107904
	2.47	2.2	0
	2.47	2.2	0.0107904
	2.48	2.2	0
	2.48	2.2	0.0107904
	2.49	2.2	0
	2.49	2.2	0.0107904
	2.5	2.2	0
	2.5	2.2	0.0107904
	2.51	2.2	0
	2.51	2.2	0.0107904
	2.52	2.2	0
	2.52	2.2	0.0107904
	2.53	2.2	0
	2.53	2.2	0.0107904
	2.54	2.2	0
	2.54	2.2	0.0107904
	2.55	2.2	0
	2.55	2.2	0.0107904
	2.56	2.2	0
	2.56	2.2	0.0107904
	2.57	2.2	0
	2.57	2.2	0.0107904
	2.58	2.2	0
	2.58	2.2	0.0107904
	2.59	2.2	0
	2.59	2.2	0.0107904
	2.6	2.2	0
	2.6	2.2	0.0107904

	2.4	2.8	0
	2.4	2.8	0.0107904
	2.41	2.8	0
	2.41	2.8	0.0107904
	2.42	2.8	0
	2.42	2.8	0.0107904
	2.43	2.8	0
	2.43	2.8	0.0107904
	2.44	2.8	0
	2.44	2.8	0.0107904
	2.45	2.8	0
	2.45	2.8	0.0107904
	2.46	2.8	0
	2.46	2.8	0.0107904
	2.47	2.8	0
	2.47	2.8	0.0107904
	2.48	2.8	0
	2.48	2.8	0.0107904
	2.49	2.8	0
	2.49	2.8	0.0107904
	2.5	2.8	0
	2.5	2.8	0.0107904
	2.51	2.8	0
	2.51	2.8	0.0107904
	2.52	2.8	0
	2.52	2.8	0.0107904
	2.53	2.8	0
	2.53	2.8	0.0107904
	2.54	2.8	0
	2.54	2.8	0.0107904
	2.55	2.8	0
	2.55	2.8	0.0107904
	2.56	2.8	0
	2.56	2.8	0.0107904
	2.57	2.8	0
	2.57	2.8	0.0107904
	2.58	2.8	0
	2.58	2.8	0.0107904
	2.59	2.8	0
	2.59	2.8	0.0107904
	2.6	2.8	0
	2.6	2.8	0.0107904


	2.4	4.2	0
	2.4	4.2	0.0148346
	2.41	4.2	0
	2.41	4.2	0.0148346
	2.42	4.2	0
	2.42	4.2	0.0148346
	2.43	4.2	0
	2.43	4.2	0.0148346
	2.44	4.2	0
	2.44	4.2	0.0148346
	2.45	4.2	0
	2.45	4.2	0.0148346
	2.46	4.2	0
	2.46	4.2	0.0148346
	2.47	4.2	0
	2.47	4.2	0.0148346
	2.48	4.2	0
	2.48	4.2	0.0148346
	2.49	4.2	0
	2.49	4.2	0.0148346
	2.5	4.2	0
	2.5	4.2	0.0148346
	2.51	4.2	0
	2.51	4.2	0.0148346
	2.52	4.2	0
	2.52	4.2	0.0148346
	2.53	4.2	0
	2.53	4.2	0.0148346
	2.54	4.2	0
	2.54	4.2	0.0148346
	2.55	4.2	0
	2.55	4.2	0.0148346
	2.56	4.2	0
	2.56	4.2	0.0148346
	2.57	4.2	0
	2.57	4.2	0.0148346
	2.58	4.2	0
	2.58	4.2	0.0148346
	2.59	4.2	0
	2.59	4.2	0.0148346
	2.6	4.2	0
	2.6	4.2	0.0148346

	2.4	4.8	0
	2.4	4.8	0.0148346
	2.41	4.8	0
	2.41	4.8	0.0148346
	2.42	4.8	0
	2.42	4.8	0.0148346
	2.43	4.8	0
	2.43	4.8	0.0148346
	2.44	4.8	0
	2.44	4.8	0.0148346
	2.45	4.8	0
	2.45	4.8	0.0148346
	2.46	4.8	0
	2.46	4.8	0.0148346
	2.47	4.8	0
	2.47	4.8	0.0148346
	2.48	4.8	0
	2.48	4.8	0.0148346
	2.49	4.8	0
	2.49	4.8	0.0148346
	2.5	4.8	0
	2.5	4.8	0.0148346
	2.51	4.8	0
	2.51	4.8	0.0148346
	2.52	4.8	0
	2.52	4.8	0.0148346
	2.53	4.8	0
	2.53	4.8	0.0148346
	2.54	4.8	0
	2.54	4.8	0.0148346
	2.55	4.8	0
	2.55	4.8	0.0148346
	2.56	4.8	0
	2.56	4.8	0.0148346
	2.57	4.8	0
	2.57	4.8	0.0148346
	2.58	4.8	0
	2.58	4.8	0.0148346
	2.59	4.8	0
	2.59	4.8	0.0148346
	2.6	4.8	0
	2.6	4.8	0.0148346


	2.4	6.2	0
	2.4	6.2	0.0262896
	2.41	6.2	0
	2.41	6.2	0.0262896
	2.42	6.2	0
	2.42	6.2	0.0262896
	2.43	6.2	0
	2.43	6.2	0.0262896
	2.44	6.2	0
	2.44	6.2	0.0262896
	2.45	6.2	0
	2.45	6.2	0.0262896
	2.46	6.2	0
	2.46	6.2	0.0262896
	2.47	6.2	0
	2.47	6.2	0.0262896
	2.48	6.2	0
	2.48	6.2	0.0262896
	2.49	6.2	0
	2.49	6.2	0.0262896
	2.5	6.2	0
	2.5	6.2	0.0262896
	2.51	6.2	0
	2.51	6.2	0.0262896
	2.52	6.2	0
	2.52	6.2	0.0262896
	2.53	6.2	0
	2.53	6.2	0.0262896
	2.54	6.2	0
	2.54	6.2	0.0262896
	2.55	6.2	0
	2.55	6.2	0.0262896
	2.56	6.2	0
	2.56	6.2	0.0262896
	2.57	6.2	0
	2.57	6.2	0.0262896
	2.58	6.2	0
	2.58	6.2	0.0262896
	2.59	6.2	0
	2.59	6.2	0.0262896
	2.6	6.2	0
	2.6	6.2	0.0262896

	2.4	6.8	0
	2.4	6.8	0.0262896
	2.41	6.8	0
	2.41	6.8	0.0262896
	2.42	6.8	0
	2.42	6.8	0.0262896
	2.43	6.8	0
	2.43	6.8	0.0262896
	2.44	6.8	0
	2.44	6.8	0.0262896
	2.45	6.8	0
	2.45	6.8	0.0262896
	2.46	6.8	0
	2.46	6.8	0.0262896
	2.47	6.8	0
	2.47	6.8	0.0262896
	2.48	6.8	0
	2.48	6.8	0.0262896
	2.49	6.8	0
	2.49	6.8	0.0262896
	2.5	6.8	0
	2.5	6.8	0.0262896
	2.51	6.8	0
	2.51	6.8	0.0262896
	2.52	6.8	0
	2.52	6.8	0.0262896
	2.53	6.8	0
	2.53	6.8	0.0262896
	2.54	6.8	0
	2.54	6.8	0.0262896
	2.55	6.8	0
	2.55	6.8	0.0262896
	2.56	6.8	0
	2.56	6.8	0.0262896
	2.57	6.8	0
	2.57	6.8	0.0262896
	2.58	6.8	0
	2.58	6.8	0.0262896
	2.59	6.8	0
	2.59	6.8	0.0262896
	2.6	6.8	0
	2.6	6.8	0.0262896


	3.4	0.2	0
	3.4	0.2	0.00936339
	3.41	0.2	0
	3.41	0.2	0.00936339
	3.42	0.2	0
	3.42	0.2	0.00936339
	3.43	0.2	0
	3.43	0.2	0.00936339
	3.44	0.2	0
	3.44	0.2	0.00936339
	3.45	0.2	0
	3.45	0.2	0.00936339
	3.46	0.2	0
	3.46	0.2	0.00936339
	3.47	0.2	0
	3.47	0.2	0.00936339
	3.48	0.2	0
	3.48	0.2	0.00936339
	3.49	0.2	0
	3.49	0.2	0.00936339
	3.5	0.2	0
	3.5	0.2	0.00936339
	3.51	0.2	0
	3.51	0.2	0.00936339
	3.52	0.2	0
	3.52	0.2	0.00936339
	3.53	0.2	0
	3.53	0.2	0.00936339
	3.54	0.2	0
	3.54	0.2	0.00936339
	3.55	0.2	0
	3.55	0.2	0.00936339
	3.56	0.2	0
	3.56	0.2	0.00936339
	3.57	0.2	0
	3.57	0.2	0.00936339
	3.58	0.2	0
	3.58	0.2	0.00936339
	3.59	0.2	0
	3.59	0.2	0.00936339
	3.6	0.2	0
	3.6	0.2	0.00936339

	3.4	0.8	0
	3.4	0.8	0.00936339
	3.41	0.8	0
	3.41	0.8	0.00936339
	3.42	0.8	0
	3.42	0.8	0.00936339
	3.43	0.8	0
	3.43	0.8	0.00936339
	3.44	0.8	0
	3.44	0.8	0.00936339
	3.45	0.8	0
	3.45	0.8	0.00936339
	3.46	0.8	0
	3.46	0.8	0.00936339
	3.47	0.8	0
	3.47	0.8	0.00936339
	3.48	0.8	0
	3.48	0.8	0.00936339
	3.49	0.8	0
	3.49	0.8	0.00936339
	3.5	0.8	0
	3.5	0.8	0.00936339
	3.51	0.8	0
	3.51	0.8	0.00936339
	3.52	0.8	0
	3.52	0.8	0.00936339
	3.53	0.8	0
	3.53	0.8	0.00936339
	3.54	0.8	0
	3.54	0.8	0.00936339
	3.55	0.8	0
	3.55	0.8	0.00936339
	3.56	0.8	0
	3.56	0.8	0.00936339
	3.57	0.8	0
	3.57	0.8	0.00936339
	3.58	0.8	0
	3.58	0.8	0.00936339
	3.59	0.8	0
	3.59	0.8	0.00936339
	3.6	0.8	0
	3.6	0.8	0.00936339


	3.4	2.2	0
	3.4	2.2	0.00919266
	3.41	2.2	0
	3.41	2.2	0.00919266
	3.42	2.2	0
	3.42	2.2	0.00919266
	3.43	2.2	0
	3.43	2.2	0.00919266
	3.44	2.2	0
	3.44	2.2	0.00919266
	3.45	2.2	0
	3.45	2.2	0.00919266
	3.46	2.2	0
	3.46	2.2	0.00919266
	3.47	2.2	0
	3.47	2.2	0.00919266
	3.48	2.2	0
	3.48	2.2	0.00919266
	3.49	2.2	0
	3.49	2.2	0.00919266
	3.5	2.2	0
	3.5	2.2	0.00919266
	3.51	2.2	0
	3.51	2.2	0.00919266
	3.52	2.2	0
	3.52	2.2	0.00919266
	3.53	2.2	0
	3.53	2.2	0.00919266
	3.54	2.2	0
	3.54	2.2	0.00919266
	3.55	2.2	0
	3.55	2.2	0.00919266
	3.56	2.2	0
	3.56	2.2	0.00919266
	3.57	2.2	0
	3.57	2.2	0.00919266
	3.58	2.2	0
	3.58	2.2	0.00919266
	3.59	2.2	0
	3.59	2.2	0.00919266
	3.6	2.2	0
	3.6	2.2	0.00919266

	3.4	2.8	0
	3.4	2.8	0.00919266
	3.41	2.8	0
	3.41	2.8	0.00919266
	3.42	2.8	0
	3.42	2.8	0.00919266
	3.43	2.8	0
	3.43	2.8	0.00919266
	3.44	2.8	0
	3.44	2.8	0.00919266
	3.45	2.8	0
	3.45	2.8	0.00919266
	3.46	2.8	0
	3.46	2.8	0.00919266
	3.47	2.8	0
	3.47	2.8	0.00919266
	3.48	2.8	0
	3.48	2.8	0.00919266
	3.49	2.8	0
	3.49	2.8	0.00919266
	3.5	2.8	0
	3.5	2.8	0.00919266
	3.51	2.8	0
	3.51	2.8	0.00919266
	3.52	2.8	0
	3.52	2.8	0.00919266
	3.53	2.8	0
	3.53	2.8	0.00919266
	3.54	2.8	0
	3.54	2.8	0.00919266
	3.55	2.8	0
	3.55	2.8	0.00919266
	3.56	2.8	0
	3.56	2.8	0.00919266
	3.57	2.8	0
	3.57	2.8	0.00919266
	3.58	2.8	0
	3.58	2.8	0.00919266
	3.59	2.8	0
	3.59	2.8	0.00919266
	3.6	2.8	0
	3.6	2.8	0.00919266


	3.4	4.2	0
	3.4	4.2	0.0168808
	3.41	4.2	0
	3.41	4.2	0.0168808
	3.42	4.2	0
	3.42	4.2	0.0168808
	3.43	4.2	0
	3.43	4.2	0.0168808
	3.44	4.2	0
	3.44	4.2	0.0168808
	3.45	4.2	0
	3.45	4.2	0.0168808
	3.46	4.2	0
	3.46	4.2	0.0168808
	3.47	4.2	0
	3.47	4.2	0.0168808
	3.48	4.2	0
	3.48	4.2	0.0168808
	3.49	4.2	0
	3.49	4.2	0.0168808
	3.5	4.2	0
	3.5	4.2	0.0168808
	3.51	4.2	0
	3.51	4.2	0.0168808
	3.52	4.2	0
	3.52	4.2	0.0168808
	3.53	4.2	0
	3.53	4.2	0.0168808
	3.54	4.2	0
	3.54	4.2	0.0168808
	3.55	4.2	0
	3.55	4.2	0.0168808
	3.56	4.2	0
	3.56	4.2	0.0168808
	3.57	4.2	0
	3.57	4.2	0.0168808
	3.58	4.2	0
	3.58	4.2	0.0168808
	3.59	4.2	0
	3.59	4.2	0.0168808
	3.6	4.2	0
	3.6	4.2	0.0168808

	3.4	4.8	0
	3.4	4.8	0.0168808
	3.41	4.8	0
	3.41	4.8	0.0168808
	3.42	4.8	0
	3.42	4.8	0.0168808
	3.43	4.8	0
	3.43	4.8	0.0168808
	3.44	4.8	0
	3.44	4.8	0.0168808
	3.45	4.8	0
	3.45	4.8	0.0168808
	3.46	4.8	0
	3.46	4.8	0.0168808
	3.47	4.8	0
	3.47	4.8	0.0168808
	3.48	4.8	0
	3.48	4.8	0.0168808
	3.49	4.8	0
	3.49	4.8	0.0168808
	3.5	4.8	0
	3.5	4.8	0.0168808
	3.51	4.8	0
	3.51	4.8	0.0168808
	3.52	4.8	0
	3.52	4.8	0.0168808
	3.53	4.8	0
	3.53	4.8	0.0168808
	3.54	4.8	0
	3.54	4.8	0.0168808
	3.55	4.8	0
	3.55	4.8	0.0168808
	3.56	4.8	0
	3.56	4.8	0.0168808
	3.57	4.8	0
	3.57	4.8	0.0168808
	3.58	4.8	0
	3.58	4.8	0.0168808
	3.59	4.8	0
	3.59	4.8	0.0168808
	3.6	4.8	0
	3.6	4.8	0.0168808


	3.4	6.2	0
	3.4	6.2	0.0185444
	3.41	6.2	0
	3.41	6.2	0.0185444
	3.42	6.2	0
	3.42	6.2	0.0185444
	3.43	6.2	0
	3.43	6.2	0.0185444
	3.44	6.2	0
	3.44	6.2	0.0185444
	3.45	6.2	0
	3.45	6.2	0.0185444
	3.46	6.2	0
	3.46	6.2	0.0185444
	3.47	6.2	0
	3.47	6.2	0.0185444
	3.48	6.2	0
	3.48	6.2	0.0185444
	3.49	6.2	0
	3.49	6.2	0.0185444
	3.5	6.2	0
	3.5	6.2	0.0185444
	3.51	6.2	0
	3.51	6.2	0.0185444
	3.52	6.2	0
	3.52	6.2	0.0185444
	3.53	6.2	0
	3.53	6.2	0.0185444
	3.54	6.2	0
	3.54	6.2	0.0185444
	3.55	6.2	0
	3.55	6.2	0.0185444
	3.56	6.2	0
	3.56	6.2	0.0185444
	3.57	6.2	0
	3.57	6.2	0.0185444
	3.58	6.2	0
	3.58	6.2	0.0185444
	3.59	6.2	0
	3.59	6.2	0.0185444
	3.6	6.2	0
	3.6	6.2	0.0185444

	3.4	6.8	0
	3.4	6.8	0.0185444
	3.41	6.8	0
	3.41	6.8	0.0185444
	3.42	6.8	0
	3.42	6.8	0.0185444
	3.43	6.8	0
	3.43	6.8	0.0185444
	3.44	6.8	0
	3.44	6.8	0.0185444
	3.45	6.8	0
	3.45	6.8	0.0185444
	3.46	6.8	0
	3.46	6.8	0.0185444
	3.47	6.8	0
	3.47	6.8	0.0185444
	3.48	6.8	0
	3.48	6.8	0.0185444
	3.49	6.8	0
	3.49	6.8	0.0185444
	3.5	6.8	0
	3.5	6.8	0.0185444
	3.51	6.8	0
	3.51	6.8	0.0185444
	3.52	6.8	0
	3.52	6.8	0.0185444
	3.53	6.8	0
	3.53	6.8	0.0185444
	3.54	6.8	0
	3.54	6.8	0.0185444
	3.55	6.8	0
	3.55	6.8	0.0185444
	3.56	6.8	0
	3.56	6.8	0.0185444
	3.57	6.8	0
	3.57	6.8	0.0185444
	3.58	6.8	0
	3.58	6.8	0.0185444
	3.59	6.8	0
	3.59	6.8	0.0185444
	3.6	6.8	0
	3.6	6.8	0.0185444


