	0.2	0.1	0
	0.2	0.1	0
	0.2	0.3	0
	0.2	0.3	0
	0.2	0.7	0
	0.2	0.7	0
	0.2	0.9	0
	0.2	0.9	0

	0.8	0.1	0
	0.8	0.1	0
	0.8	0.3	0
	0.8	0.3	0
	0.8	0.7	0
	0.8	0.7	0
	0.8	0.9	0
	0.8	0.9	0


	1.2	0.1	0
	1.2	0.1	2.5
	1.2	0.3	2.5
	1.2	0.3	0
	1.2	0.7	0
	1.2	0.7	2.63415
	1.2	0.9	2.63415
	1.2	0.9	0

	1.8	0.1	0
	1.8	0.1	2.5
	1.8	0.3	2.5
	1.8	0.3	0
	1.8	0.7	0
	1.8	0.7	2.63415
	1.8	0.9	2.63415
	1.8	0.9	0


	2.2	0.1	0
	2.2	0.1	0
	2.2	0.3	0
	2.2	0.3	0
	2.2	0.7	0
	2.2	0.7	2.41304
	2.2	0.9	2.41304
	2.2	0.9	0

	2.8	0.1	0
	2.8	0.1	0
	2.8	0.3	0
	2.8	0.3	0
	2.8	0.7	0
	2.8	0.7	2.41304
	2.8	0.9	2.41304
	2.8	0.9	0


	0.2	2.1	0
	0.2	2.1	0
	0.2	2.3	0
	0.2	2.3	0
	0.2	2.7	0
	0.2	2.7	0
	0.2	2.9	0
	0.2	2.9	0

	0.8	2.1	0
	0.8	2.1	0
	0.8	2.3	0
	0.8	2.3	0
	0.8	2.7	0
	0.8	2.7	0
	0.8	2.9	0
	0.8	2.9	0


	1.2	2.1	0
	1.2	2.1	2.83333
	1.2	2.3	2.83333
	1.2	2.3	0
	1.2	2.7	0
	1.2	2.7	2.3587
	1.2	2.9	2.3587
	1.2	2.9	0

	1.8	2.1	0
	1.8	2.1	2.83333
	1.8	2.3	2.83333
	1.8	2.3	0
	1.8	2.7	0
	1.8	2.7	2.3587
	1.8	2.9	2.3587
	1.8	2.9	0


	2.2	2.1	0
	2.2	2.1	0
	2.2	2.3	0
	2.2	2.3	0
	2.2	2.7	0
	2.2	2.7	2.41304
	2.2	2.9	2.41304
	2.2	2.9	0

	2.8	2.1	0
	2.8	2.1	0
	2.8	2.3	0
	2.8	2.3	0
	2.8	2.7	0
	2.8	2.7	2.41304
	2.8	2.9	2.41304
	2.8	2.9	0


	0.2	4.1	0
	0.2	4.1	6.94326
	0.2	4.3	6.94326
	0.2	4.3	0
	0.2	4.7	0
	0.2	4.7	0
	0.2	4.9	0
	0.2	4.9	0

	0.8	4.1	0
	0.8	4.1	6.94326
	0.8	4.3	6.94326
	0.8	4.3	0
	0.8	4.7	0
	0.8	4.7	0
	0.8	4.9	0
	0.8	4.9	0


	1.2	4.1	0
	1.2	4.1	2.5
	1.2	4.3	2.5
	1.2	4.3	0
	1.2	4.7	0
	1.2	4.7	17.4146
	1.2	4.9	17.4146
	1.2	4.9	0

	1.8	4.1	0
	1.8	4.1	2.5
	1.8	4.3	2.5
	1.8	4.3	0
	1.8	4.7	0
	1.8	4.7	17.4146
	1.8	4.9	17.4146
	1.8	4.9	0


	2.2	4.1	0
	2.2	4.1	3.33333
	2.2	4.3	3.33333
	2.2	4.3	0
	2.2	4.7	0
	2.2	4.7	9.27778
	2.2	4.9	9.27778
	2.2	4.9	0

	2.8	4.1	0
	2.8	4.1	3.33333
	2.8	4.3	3.33333
	2.8	4.3	0
	2.8	4.7	0
	2.8	4.7	9.27778
	2.8	4.9	9.27778
	2.8	4.9	0


	0.2	6.1	0
	0.2	6.1	19.4875
	0.2	6.3	19.4875
	0.2	6.3	0
	0.2	6.7	0
	0.2	6.7	0
	0.2	6.9	0
	0.2	6.9	0

	0.8	6.1	0
	0.8	6.1	19.4875
	0.8	6.3	19.4875
	0.8	6.3	0
	0.8	6.7	0
	0.8	6.7	0
	0.8	6.9	0
	0.8	6.9	0


	1.2	6.1	0
	1.2	6.1	9
	1.2	6.3	9
	1.2	6.3	0
	1.2	6.7	0
	1.2	6.7	3.15464
	1.2	6.9	3.15464
	1.2	6.9	0

	1.8	6.1	0
	1.8	6.1	9
	1.8	6.3	9
	1.8	6.3	0
	1.8	6.7	0
	1.8	6.7	3.15464
	1.8	6.9	3.15464
	1.8	6.9	0


	2.2	6.1	0
	2.2	6.1	6.92908
	2.2	6.3	6.92908
	2.2	6.3	0
	2.2	6.7	0
	2.2	6.7	2
	2.2	6.9	2
	2.2	6.9	0

	2.8	6.1	0
	2.8	6.1	6.92908
	2.8	6.3	6.92908
	2.8	6.3	0
	2.8	6.7	0
	2.8	6.7	2
	2.8	6.9	2
	2.8	6.9	0


