	0.2	0.1	0
	0.2	0.1	0
	0.2	0.3	0
	0.2	0.3	0
	0.2	0.7	0
	0.2	0.7	0
	0.2	0.9	0
	0.2	0.9	0

	0.8	0.1	0
	0.8	0.1	0
	0.8	0.3	0
	0.8	0.3	0
	0.8	0.7	0
	0.8	0.7	0
	0.8	0.9	0
	0.8	0.9	0


	1.2	0.1	0
	1.2	0.1	0.625
	1.2	0.3	0.625
	1.2	0.3	0
	1.2	0.7	0
	1.2	0.7	0.658537
	1.2	0.9	0.658537
	1.2	0.9	0

	1.8	0.1	0
	1.8	0.1	0.625
	1.8	0.3	0.625
	1.8	0.3	0
	1.8	0.7	0
	1.8	0.7	0.658537
	1.8	0.9	0.658537
	1.8	0.9	0


	2.2	0.1	0
	2.2	0.1	0
	2.2	0.3	0
	2.2	0.3	0
	2.2	0.7	0
	2.2	0.7	0.603261
	2.2	0.9	0.603261
	2.2	0.9	0

	2.8	0.1	0
	2.8	0.1	0
	2.8	0.3	0
	2.8	0.3	0
	2.8	0.7	0
	2.8	0.7	0.603261
	2.8	0.9	0.603261
	2.8	0.9	0


	0.2	2.1	0
	0.2	2.1	0
	0.2	2.3	0
	0.2	2.3	0
	0.2	2.7	0
	0.2	2.7	0
	0.2	2.9	0
	0.2	2.9	0

	0.8	2.1	0
	0.8	2.1	0
	0.8	2.3	0
	0.8	2.3	0
	0.8	2.7	0
	0.8	2.7	0
	0.8	2.9	0
	0.8	2.9	0


	1.2	2.1	0
	1.2	2.1	0.708333
	1.2	2.3	0.708333
	1.2	2.3	0
	1.2	2.7	0
	1.2	2.7	0.589674
	1.2	2.9	0.589674
	1.2	2.9	0

	1.8	2.1	0
	1.8	2.1	0.708333
	1.8	2.3	0.708333
	1.8	2.3	0
	1.8	2.7	0
	1.8	2.7	0.589674
	1.8	2.9	0.589674
	1.8	2.9	0


	2.2	2.1	0
	2.2	2.1	0
	2.2	2.3	0
	2.2	2.3	0
	2.2	2.7	0
	2.2	2.7	0.603261
	2.2	2.9	0.603261
	2.2	2.9	0

	2.8	2.1	0
	2.8	2.1	0
	2.8	2.3	0
	2.8	2.3	0
	2.8	2.7	0
	2.8	2.7	0.603261
	2.8	2.9	0.603261
	2.8	2.9	0


	0.2	4.1	0
	0.2	4.1	1.72968
	0.2	4.3	1.72968
	0.2	4.3	0
	0.2	4.7	0
	0.2	4.7	0
	0.2	4.9	0
	0.2	4.9	0

	0.8	4.1	0
	0.8	4.1	1.72968
	0.8	4.3	1.72968
	0.8	4.3	0
	0.8	4.7	0
	0.8	4.7	0
	0.8	4.9	0
	0.8	4.9	0


	1.2	4.1	0
	1.2	4.1	0.625
	1.2	4.3	0.625
	1.2	4.3	0
	1.2	4.7	0
	1.2	4.7	4.32727
	1.2	4.9	4.32727
	1.2	4.9	0

	1.8	4.1	0
	1.8	4.1	0.625
	1.8	4.3	0.625
	1.8	4.3	0
	1.8	4.7	0
	1.8	4.7	4.32727
	1.8	4.9	4.32727
	1.8	4.9	0


	2.2	4.1	0
	2.2	4.1	0.833333
	2.2	4.3	0.833333
	2.2	4.3	0
	2.2	4.7	0
	2.2	4.7	2.29948
	2.2	4.9	2.29948
	2.2	4.9	0

	2.8	4.1	0
	2.8	4.1	0.833333
	2.8	4.3	0.833333
	2.8	4.3	0
	2.8	4.7	0
	2.8	4.7	2.29948
	2.8	4.9	2.29948
	2.8	4.9	0


	0.2	6.1	0
	0.2	6.1	4.87187
	0.2	6.3	4.87187
	0.2	6.3	0
	0.2	6.7	0
	0.2	6.7	0
	0.2	6.9	0
	0.2	6.9	0

	0.8	6.1	0
	0.8	6.1	4.87187
	0.8	6.3	4.87187
	0.8	6.3	0
	0.8	6.7	0
	0.8	6.7	0
	0.8	6.9	0
	0.8	6.9	0


	1.2	6.1	0
	1.2	6.1	2.25
	1.2	6.3	2.25
	1.2	6.3	0
	1.2	6.7	0
	1.2	6.7	0.784615
	1.2	6.9	0.784615
	1.2	6.9	0

	1.8	6.1	0
	1.8	6.1	2.25
	1.8	6.3	2.25
	1.8	6.3	0
	1.8	6.7	0
	1.8	6.7	0.784615
	1.8	6.9	0.784615
	1.8	6.9	0


	2.2	6.1	0
	2.2	6.1	1.73227
	2.2	6.3	1.73227
	2.2	6.3	0
	2.2	6.7	0
	2.2	6.7	0.5
	2.2	6.9	0.5
	2.2	6.9	0

	2.8	6.1	0
	2.8	6.1	1.73227
	2.8	6.3	1.73227
	2.8	6.3	0
	2.8	6.7	0
	2.8	6.7	0.5
	2.8	6.9	0.5
	2.8	6.9	0


