	0.2	0.1	0
	0.2	0.1	0
	0.2	0.3	0
	0.2	0.3	0
	0.2	0.7	0
	0.2	0.7	0
	0.2	0.9	0
	0.2	0.9	0

	0.8	0.1	0
	0.8	0.1	0
	0.8	0.3	0
	0.8	0.3	0
	0.8	0.7	0
	0.8	0.7	0
	0.8	0.9	0
	0.8	0.9	0


	1.2	0.1	0
	1.2	0.1	0
	1.2	0.3	0
	1.2	0.3	0
	1.2	0.7	0
	1.2	0.7	182.222
	1.2	0.9	182.222
	1.2	0.9	0

	1.8	0.1	0
	1.8	0.1	0
	1.8	0.3	0
	1.8	0.3	0
	1.8	0.7	0
	1.8	0.7	182.222
	1.8	0.9	182.222
	1.8	0.9	0


	2.2	0.1	0
	2.2	0.1	0
	2.2	0.3	0
	2.2	0.3	0
	2.2	0.7	0
	2.2	0.7	334.545
	2.2	0.9	334.545
	2.2	0.9	0

	2.8	0.1	0
	2.8	0.1	0
	2.8	0.3	0
	2.8	0.3	0
	2.8	0.7	0
	2.8	0.7	334.545
	2.8	0.9	334.545
	2.8	0.9	0


	0.2	2.1	0
	0.2	2.1	0
	0.2	2.3	0
	0.2	2.3	0
	0.2	2.7	0
	0.2	2.7	0
	0.2	2.9	0
	0.2	2.9	0

	0.8	2.1	0
	0.8	2.1	0
	0.8	2.3	0
	0.8	2.3	0
	0.8	2.7	0
	0.8	2.7	0
	0.8	2.9	0
	0.8	2.9	0


	1.2	2.1	0
	1.2	2.1	0
	1.2	2.3	0
	1.2	2.3	0
	1.2	2.7	0
	1.2	2.7	1840
	1.2	2.9	1840
	1.2	2.9	0

	1.8	2.1	0
	1.8	2.1	0
	1.8	2.3	0
	1.8	2.3	0
	1.8	2.7	0
	1.8	2.7	1840
	1.8	2.9	1840
	1.8	2.9	0


	2.2	2.1	0
	2.2	2.1	0
	2.2	2.3	0
	2.2	2.3	0
	2.2	2.7	0
	2.2	2.7	223.03
	2.2	2.9	223.03
	2.2	2.9	0

	2.8	2.1	0
	2.8	2.1	0
	2.8	2.3	0
	2.8	2.3	0
	2.8	2.7	0
	2.8	2.7	223.03
	2.8	2.9	223.03
	2.8	2.9	0


	0.2	4.1	0
	0.2	4.1	0
	0.2	4.3	0
	0.2	4.3	0
	0.2	4.7	0
	0.2	4.7	0
	0.2	4.9	0
	0.2	4.9	0

	0.8	4.1	0
	0.8	4.1	0
	0.8	4.3	0
	0.8	4.3	0
	0.8	4.7	0
	0.8	4.7	0
	0.8	4.9	0
	0.8	4.9	0


	1.2	4.1	0
	1.2	4.1	0
	1.2	4.3	0
	1.2	4.3	0
	1.2	4.7	0
	1.2	4.7	-1980
	1.2	4.9	-1980
	1.2	4.9	0

	1.8	4.1	0
	1.8	4.1	0
	1.8	4.3	0
	1.8	4.3	0
	1.8	4.7	0
	1.8	4.7	-1980
	1.8	4.9	-1980
	1.8	4.9	0


	2.2	4.1	0
	2.2	4.1	0
	2.2	4.3	0
	2.2	4.3	0
	2.2	4.7	0
	2.2	4.7	3873.33
	2.2	4.9	3873.33
	2.2	4.9	0

	2.8	4.1	0
	2.8	4.1	0
	2.8	4.3	0
	2.8	4.3	0
	2.8	4.7	0
	2.8	4.7	3873.33
	2.8	4.9	3873.33
	2.8	4.9	0


	0.2	6.1	0
	0.2	6.1	0
	0.2	6.3	0
	0.2	6.3	0
	0.2	6.7	0
	0.2	6.7	0
	0.2	6.9	0
	0.2	6.9	0

	0.8	6.1	0
	0.8	6.1	0
	0.8	6.3	0
	0.8	6.3	0
	0.8	6.7	0
	0.8	6.7	0
	0.8	6.9	0
	0.8	6.9	0


	1.2	6.1	0
	1.2	6.1	0
	1.2	6.3	0
	1.2	6.3	0
	1.2	6.7	0
	1.2	6.7	1560
	1.2	6.9	1560
	1.2	6.9	0

	1.8	6.1	0
	1.8	6.1	0
	1.8	6.3	0
	1.8	6.3	0
	1.8	6.7	0
	1.8	6.7	1560
	1.8	6.9	1560
	1.8	6.9	0


	2.2	6.1	0
	2.2	6.1	0
	2.2	6.3	0
	2.2	6.3	0
	2.2	6.7	0
	2.2	6.7	256
	2.2	6.9	256
	2.2	6.9	0

	2.8	6.1	0
	2.8	6.1	0
	2.8	6.3	0
	2.8	6.3	0
	2.8	6.7	0
	2.8	6.7	256
	2.8	6.9	256
	2.8	6.9	0


