	0.1	0.2	0
	0.1	0.2	0
	0.3	0.2	0
	0.3	0.2	0
	0.7	0.2	0
	0.7	0.2	0
	0.9	0.2	0
	0.9	0.2	0

	0.1	0.8	0
	0.1	0.8	0
	0.3	0.8	0
	0.3	0.8	0
	0.7	0.8	0
	0.7	0.8	0
	0.9	0.8	0
	0.9	0.8	0


	0.1	2.2	0
	0.1	2.2	0
	0.3	2.2	0
	0.3	2.2	0
	0.7	2.2	0
	0.7	2.2	2.48958
	0.9	2.2	2.48958
	0.9	2.2	0

	0.1	2.8	0
	0.1	2.8	0
	0.3	2.8	0
	0.3	2.8	0
	0.7	2.8	0
	0.7	2.8	2.48958
	0.9	2.8	2.48958
	0.9	2.8	0


	0.1	4.2	0
	0.1	4.2	4.6875
	0.3	4.2	4.6875
	0.3	4.2	0
	0.7	4.2	0
	0.7	4.2	0
	0.9	4.2	0
	0.9	4.2	0

	0.1	4.8	0
	0.1	4.8	4.6875
	0.3	4.8	4.6875
	0.3	4.8	0
	0.7	4.8	0
	0.7	4.8	0
	0.9	4.8	0
	0.9	4.8	0


	1.1	0.2	0
	1.1	0.2	0
	1.3	0.2	0
	1.3	0.2	0
	1.7	0.2	0
	1.7	0.2	0
	1.9	0.2	0
	1.9	0.2	0

	1.1	0.8	0
	1.1	0.8	0
	1.3	0.8	0
	1.3	0.8	0
	1.7	0.8	0
	1.7	0.8	0
	1.9	0.8	0
	1.9	0.8	0


	1.1	2.2	0
	1.1	2.2	6.92199
	1.3	2.2	6.92199
	1.3	2.2	0
	1.7	2.2	0
	1.7	2.2	2.75
	1.9	2.2	2.75
	1.9	2.2	0

	1.1	2.8	0
	1.1	2.8	6.92199
	1.3	2.8	6.92199
	1.3	2.8	0
	1.7	2.8	0
	1.7	2.8	2.75
	1.9	2.8	2.75
	1.9	2.8	0


	1.1	4.2	0
	1.1	4.2	16.9873
	1.3	4.2	16.9873
	1.3	4.2	0
	1.7	4.2	0
	1.7	4.2	0
	1.9	4.2	0
	1.9	4.2	0

	1.1	4.8	0
	1.1	4.8	16.9873
	1.3	4.8	16.9873
	1.3	4.8	0
	1.7	4.8	0
	1.7	4.8	0
	1.9	4.8	0
	1.9	4.8	0


	2.1	0.2	0
	2.1	0.2	0
	2.3	0.2	0
	2.3	0.2	0
	2.7	0.2	0
	2.7	0.2	2.60784
	2.9	0.2	2.60784
	2.9	0.2	0

	2.1	0.8	0
	2.1	0.8	0
	2.3	0.8	0
	2.3	0.8	0
	2.7	0.8	0
	2.7	0.8	2.60784
	2.9	0.8	2.60784
	2.9	0.8	0


	2.1	2.2	0
	2.1	2.2	0
	2.3	2.2	0
	2.3	2.2	0
	2.7	2.2	0
	2.7	2.2	2.85714
	2.9	2.2	2.85714
	2.9	2.2	0

	2.1	2.8	0
	2.1	2.8	0
	2.3	2.8	0
	2.3	2.8	0
	2.7	2.8	0
	2.7	2.8	2.85714
	2.9	2.8	2.85714
	2.9	2.8	0


	2.1	4.2	0
	2.1	4.2	7.8
	2.3	4.2	7.8
	2.3	4.2	0
	2.7	4.2	0
	2.7	4.2	0
	2.9	4.2	0
	2.9	4.2	0

	2.1	4.8	0
	2.1	4.8	7.8
	2.3	4.8	7.8
	2.3	4.8	0
	2.7	4.8	0
	2.7	4.8	0
	2.9	4.8	0
	2.9	4.8	0


	3.1	0.2	0
	3.1	0.2	0
	3.3	0.2	0
	3.3	0.2	0
	3.7	0.2	0
	3.7	0.2	2.38
	3.9	0.2	2.38
	3.9	0.2	0

	3.1	0.8	0
	3.1	0.8	0
	3.3	0.8	0
	3.3	0.8	0
	3.7	0.8	0
	3.7	0.8	2.38
	3.9	0.8	2.38
	3.9	0.8	0


	3.1	2.2	0
	3.1	2.2	3.66667
	3.3	2.2	3.66667
	3.3	2.2	0
	3.7	2.2	0
	3.7	2.2	2.39583
	3.9	2.2	2.39583
	3.9	2.2	0

	3.1	2.8	0
	3.1	2.8	3.66667
	3.3	2.8	3.66667
	3.3	2.8	0
	3.7	2.8	0
	3.7	2.8	2.39583
	3.9	2.8	2.39583
	3.9	2.8	0


	3.1	4.2	0
	3.1	4.2	6.93525
	3.3	4.2	6.93525
	3.3	4.2	0
	3.7	4.2	0
	3.7	4.2	0
	3.9	4.2	0
	3.9	4.2	0

	3.1	4.8	0
	3.1	4.8	6.93525
	3.3	4.8	6.93525
	3.3	4.8	0
	3.7	4.8	0
	3.7	4.8	0
	3.9	4.8	0
	3.9	4.8	0


