Tile ID						Power estimation

0						0.00522252
1						0.00852329
2						0.00835435
3						0.00553599
4						0.00548952
5						0.00527233
6						0.00288303
7						0.00808685
8						0.00800093
9						0.0105864
10						0.00557093
11						0.00550927
12						0.00528218
13						0.00286605
14						0.00792108
15						0.0103654
16						0.00496477
17						0
18						0
19						0
20						0
21						0.0049948
22						0.0050349
23						0
24						0
25						0
26						0
27						0
28						0.00495464
29						0.00498476
30						0
31						0
32						0
33						0
34						0
35						0.00488157
36						0.00493163
37						0
38						0
39						0
40						0
41						0
42						0.00284433
43						0.00283432
44						0
45						0
46						0
47						0
48						0


Total Netwok Power(In Watt):0.145896