Tile	Output		Total no.	Total no.	avg. latency	avg. latency	average
ID	channel		of packets	of flits	per packet	per flit	throughput
							(clock cycles)	(clock cycles)	(Gbps)
0	South		503		2012		4.03777		1.00944		0
0	East		0		0		0		0		0
0	29		116		4		1		8.92308
1	South		0		0		0		0		0
1	East		0		0		0		0		0
1	West		503		2012		16.9563		4.23907		0
1	323		1292		4		1		117.455
2	South		0		0		0		0		0
2	East		0		0		0		0		0
2	West		499		1996		18.8978		4.72445		0
2	325		1300		4		1		113.043
3	South		0		0		0		0		0
3	East		0		0		0		0		0
3	West		495		1980		17.0404		4.2601		0
3	324		1296		4		1		105.796
4	South		0		0		0		0		0
4	West		296		1184		2.48986		0.622466		0
4	32		128		4		1		10.6667
5	North		29		116		4.17241		1.0431		0
5	South		499		1996		6.81162		1.70291		0
5	East		296		1184		2.5		0.625		0
5	29		116		4		1		10.3111
6	North		323		1292		3.37771		0.844427		0
6	South		499		1996		6.7515		1.68788		0
6	East		0		0		0		0		0
6	West		0		0		0		0		0
6	27		108		4		1		12
7	North		325		1300		4.43385		1.10846		0
7	South		0		0		0		0		0
7	East		0		0		0		0		0
7	West		499		1996		17.8397		4.45992		0
7	187		748		4		1		85.4857
8	North		324		1296		4.11728		1.02932		0
8	South		0		0		0		0		0
8	East		0		0		0		0		0
8	West		494		1976		17.2672		4.3168		0
8	29		116		4		1		13.6471
9	North		32		128		4.125		1.03125		0
9	South		0		0		0		0		0
9	West		296		1184		2.51689		0.629223		0
9	33		132		4		1		16
10	North		54		216		4.03704		1.00926		0
10	South		495		1980		5.04444		1.26111		0
10	East		296		1184		4.02027		1.00507		0
10	26		104		4		1		11.5556
11	North		54		216		3.94444		0.986111		0
11	South		494		1976		5.05668		1.26417		0
11	East		451		1804		19.8559		4.96397		0
11	West		0		0		0		0		0
11	32		128		4.375		1.09375		17.6552
12	North		512		2048		5.91602		1.479		0
12	South		502		2008		5.90637		1.47659		0
12	East		0		0		0		0		0
12	West		0		0		0		0		0
12	32		128		3.875		0.96875		21.3333
13	North		353		1412		4.04816		1.01204		0
13	South		0		0		0		0		0
13	East		0		0		0		0		0
13	West		502		2008		16.5518		4.13795		0
13	27		108		4		1		18
14	North		65		260		3.83077		0.957692		0
14	South		0		0		0		0		0
14	West		296		1184		2.47973		0.619932		0
14	32		128		3.8125		0.953125		17.0667
15	North		76		304		3.76316		0.940789		0
15	South		303		1212		4.40264		1.10066		0
15	East		296		1184		2.49662		0.624155		0
15	223		892		4.33184		1.08296		137.231
16	North		81		324		3.71605		0.929012		0
16	South		303		1212		4.73267		1.18317		0
16	East		354		1416		3.48588		0.871469		0
16	West		40		160		3.125		0.78125		0
16	219		876		4.19178		1.04795		159.273
17	North		93		372		4.48387		1.12097		0
17	South		319		1276		4.75549		1.18887		0
17	East		371		1484		4.61186		1.15296		0
17	West		73		292		2.89041		0.722603		0
17	223		892		4.20628		1.05157		223
18	North		380		1520		4.89737		1.22434		0
18	South		9		36		3.11111		0.777778		0
18	East		63		252		3.31746		0.829365		0
18	West		83		332		2.3012		0.575301		0
18	19		76		3.26316		0.815789		19
19	North		97		388		3.59794		0.899485		0
19	South		18		72		3.61111		0.902778		0
19	West		58		232		2		0.5		0
19	27		108		3.55556		0.888889		27
20	North		67		268		3.29851		0.824627		0
20	East		60		240		2		0.5		0
20	315		1260		4.27302		1.06825		186.667
21	North		60		240		2.95		0.7375		0
21	East		82		328		2.26829		0.567073		0
21	West		65		260		3.18462		0.796154		0
21	318		1272		4.46541		1.11635		254.4
22	North		66		264		3.30303		0.825758		0
22	East		85		340		3.04706		0.761765		0
22	West		88		352		2.97727		0.744318		0
22	329		1316		4.46809		1.11702		292.444
23	North		51		204		3.13725		0.784314		0
23	East		65		260		3.26154		0.815385		0
23	West		93		372		2.31183		0.577957		0
23	22		88		3.18182		0.795455		27.0769
24	North		63		252		3.33333		0.833333		0
24	West		63		252		2		0.5		0
24	31		124		3.29032		0.822581		24.8
