#Simcount		average latency
1		0
2		0
3		0
4		0
5		0
6		0
7		0
8		0
9		0
10		0
11		0
12		0
13		0
14		0
15		0
16		0
17		0
18		0
19		3
20		0
21		2
22		3
23		4
24		0
25		7.33333
26		5
27		5
28		2
29		3.55556
30		3.75
31		3
32		3
33		4.33333
34		4
35		0
36		5
37		4
38		5
39		3
40		0
41		6.2
42		4
43		4
44		17
45		7
46		4
47		2
48		4.5
49		6.42857
50		2
51		4
52		7
53		17
54		0
55		5
56		6.5
57		6
58		0
59		4.33333
60		0
61		2
62		9.33333
63		5
64		0
65		12
66		7
67		2
68		2
69		5.25
70		12
71		3.5
72		0
73		8.6
74		0
75		3
76		6.5
77		4.5
78		21
79		2.66667
80		7
81		8.33333
82		0
83		9.66667
84		7
85		3
86		0
87		4.2
88		2
89		5.75
90		4.5
91		10.6667
92		0
93		0
94		7
95		3
96		12
97		7.4
98		7
99		2.33333
100		0
101		5.33333
102		6
103		4
104		7
105		6.5
106		2
107		2
108		6.66667
109		4.33333
110		3
111		4.66667
112		4.5
113		9.66667
114		0
115		7
116		13
117		2
118		7
119		3.5
120		0
121		11.6
122		7
123		4
124		0
125		7
126		7
127		2
128		0
129		8
130		3
131		3
132		4.5
133		4.5
134		18
135		0
136		6
137		14.5
138		0
139		4
140		7
141		2.25
142		21
143		6
144		0
145		0
146		7
147		9
148		0
149		5.5
150		5.66667
151		2.75
152		2
153		11.5
154		7
155		0
156		4
157		5.33333
158		0
159		4
160		7
161		6.16667
162		0
163		0
164		7
165		2
166		0
167		14
168		7
169		4
170		3
171		4.16667
172		16
173		7
174		7
175		7
176		0
177		27
178		7
179		2.5
180		21
181		3.2
182		7
183		3.5
184		0
185		10.6667
186		0
187		4
188		7
189		6
190		10.5
191		2.33333
192		7
193		14.25
194		0
195		6
196		7
197		0
198		18
199		4.75
200		0
201		8
202		5
203		5.5
204		0
205		0
206		11.6667
207		7
208		0
209		5
210		7
211		5.16667
212		0
213		4.5
214		12
215		0
216		7
217		7
218		0
219		9
220		7
221		2.33333
222		3
223		5
224		12.5
225		16
226		0
227		7
228		0
229		3
230		7
231		3
232		21
233		13.6667
234		5.66667
235		0
236		0
237		12.5
238		7
239		3
240		6
241		4
242		3
243		3.5
244		7
245		10.3333
246		0
247		4
248		7
249		18
250		18
251		3
252		7
253		4.33333
254		3
255		7
256		0
257		0
258		14
259		5
260		6
261		2
262		5.66667
263		6.75
264		0
265		10.75
266		7
267		4
268		0
269		5.66667
270		0
271		8.33333
272		7
273		9
274		0
275		3
276		10.6667
277		2
278		0
279		5
280		7
281		2
282		0
283		4.16667
284		11.5
285		2
286		4.5
287		5.5
288		0
289		16
290		7
291		2
292		0
293		3.5
294		7
295		0
296		10
297		11.6667
298		0
299		2.5
300		7
301		3.66667
302		18
303		2.75
304		7
305		16.5
306		0
307		5.5
308		7
309		3
310		12
311		5.33333
312		2
313		8.8
314		7
315		12.5
316		0
317		0
318		7
319		2.5
320		0
321		3.66667
322		7
323		6.4
324		0
325		5.33333
326		0
327		4
328		12.5
329		13.6667
330		3
331		0
332		7
333		4.4
334		22
335		7
336		14
337		0
338		0
339		5.6
340		0
341		18
342		5
343		4.66667
344		0
345		12.3333
346		7
347		0
348		0
349		8.75
350		5
351		7
352		0
353		7.83333
354		18
355		2.5
356		7
357		7
358		0
359		3.66667
360		7
361		2
362		21
363		4.5
364		7
365		2
366		0
367		8.5
368		0
369		17
370		5
371		4.33333
372		0
373		2.5
374		7
375		11.6667
376		34
377		4.5
378		7
379		2.5
380		18
381		6.75
382		0
383		3.5
384		6
385		19
386		0
387		2
388		11.6667
389		3
390		3
391		4.33333
392		7
393		9.42857
394		0
395		7
396		0
397		2
398		7
399		4.5
400		0
401		10.3333
402		7
403		2.66667
404		0
405		6.5
406		12.5
407		3
408		0
409		15
410		3
411		3
412		7
413		3.4
414		21
415		0
416		7
417		12.3333
418		0
419		12.5
420		21.5
421		2.5
422		0
423		5.83333
424		0
425		0
426		7
427		8.5
428		7
429		0
430		5.33333
431		3
432		18
433		8.8
434		7
435		12
436		0
437		5.33333
438		0
439		3
440		14
441		5.75
442		14
443		3.33333
444		7
445		18
446		0
447		4.5
448		7
449		31
450		5.5
451		5.2
452		0
453		4.6
454		7
455		5
456		0
457		4
458		7
459		4
460		0
461		6
462		7
463		2.5
464		0
465		14.3333
466		0
467		2.5
468		7
469		4.5
470		16
471		4
472		7
473		3
474		0
475		4.5
476		7
477		5.66667
478		21
479		6
480		0
481		12.6667
482		19.5
483		10.25
484		0
485		2
486		7
487		2.5
488		0
489		11.3333
490		6
491		9
492		0
493		5.66667
494		0
495		7
496		12.5
497		4
498		0
499		4
500		7
501		5.33333
502		12
503		4.5
504		14
505		16.5
506		0
507		4.75
508		0
509		10
510		6
511		5.5
512		0
513		5.66667
514		7
515		2
516		0
517		7
518		7
519		4
520		0
521		11.2
522		18
523		2
524		7
525		4.33333
526		0
527		2.33333
528		7
529		13.5
530		11.5
531		5.5
532		7
533		2
534		0
535		8.5
536		0
537		4.75
538		7
539		5.5
540		0
541		4.5
542		15.3333
543		7.5
544		0
545		13.3333
546		7
547		3.66667
548		0
549		5.33333
550		5.5
551		3
552		7
553		4.5
554		0
555		15.6667
556		7
557		2.5
558		0
559		5.5
560		18.5
561		11.75
562		12
563		5.33333
564		0
565		2
566		7
567		4
568		21
569		13.5
570		6.25
571		3
572		0
573		8.4
574		7
575		2
576		0
577		4.75
578		0
579		4
580		7
581		8.2
582		0
583		2
584		7
585		4
586		18
587		3.75
588		7
589		2
590		2
591		4.8
592		0
593		20.5
594		14
595		7
596		0
597		5
598		7
599		18
600		0
601		10.75
602		19.5
603		7.5
604		0
605		7
606		0
607		11.5
608		7
609		16
610		5.5
611		3
612		10.6667
613		2
614		0
615		9.5
616		7
617		2.5
618		0
619		7
620		21
621		4.6
622		9.5
623		4.5
624		0
625		20.5
626		7
627		2.5
628		0
629		7
630		6
631		3.75
632		0
633		7.71429
634		0
635		0
636		7
637		4.5
638		0
639		0
640		7
641		4
642		0
643		4.5
644		7
645		18.5
646		0
647		5.66667
648		0
649		26
650		13
651		4.5
652		0
653		2
654		7
655		3
656		0
657		6.2
658		14
659		0
660		0
661		4.6
662		0
663		7.33333
664		7
665		15.3333
666		36
667		2
668		7
669		5.33333
670		2
671		4.5
672		4.5
673		2.66667
674		0
675		5.2
676		0
677		2
678		7
679		4.5
680		0
681		12.25
682		7
683		12.3333
684		0
685		5.5
686		7
687		2
688		30
689		5.33333
690		2
691		2
692		7
693		3.75
694		0
695		3
696		11.6667
697		13.75
698		0
699		4.5
700		7
701		7.66667
702		0
703		4.5
704		0
705		16
706		20.5
707		4.5
708		0
709		10.3333
710		5.33333
711		2
712		2
713		3.75
714		12.5
715		3
716		0
717		5.33333
718		0
719		0
720		7
721		5.4
722		21
723		2
724		7
725		4
726		0
727		9
728		7
729		34
730		2
731		4.75
732		0
733		2
734		7
735		8.5
736		0
737		13
738		7
739		0
740		18
741		4.33333
742		7
743		2
744		0
745		6
746		0
747		3
748		14
749		5
750		2
751		3
752		7
753		12.8
754		42
755		4.5
756		7
757		9
758		0
759		5.66667
760		10
761		12
762		7
763		3.66667
764		0
765		4
766		10.6667
767		3
768		0
769		13.25
770		7
771		3
772		0
773		4
774		17.5
775		2
776		7
777		9.25
778		0
779		10
780		5.33333
781		3
782		2
783		3.66667
784		7
785		3
786		4
787		11.6667
788		0
789		0
790		7
791		4.33333
792		18
793		8
794		7
795		2.66667
796		0
797		5.5
798		7
799		0
800		11.5
801		5.66667
802		2
803		2
804		7
805		6.8
806		4
807		3
808		7
809		31
810		0
811		4.33333
812		7
813		6.75
814		0
815		4.75
816		0
817		10.3333
818		12.5
819		7
820		2
821		3
822		5.33333
823		2
824		0
825		4.33333
826		10.6667
827		3
828		0
829		7
830		0
831		8
832		7
833		3.2
834		0
835		2
836		7
837		4
838		0
839		14
840		4.5
841		12.6667
842		2
843		4.2
844		18
845		2
846		5.5
847		7
848		0
849		31
850		7
851		2
852		21
853		3.4
854		7
855		2
856		0
857		9
858		0
859		0
860		7
861		4.25
862		2
863		2.33333
864		5.33333
865		23.5
866		0
867		5.5
868		5.5
869		0
870		18
871		4.5
872		0
873		2.5
874		7
875		3.66667
876		0
877		4
878		11.6667
879		0
880		0
881		9.6
882		4.5
883		6.25
884		2
885		7
886		0
887		4
888		5.5
889		15.5
890		0
891		11.5
892		7
893		2.5
894		0
895		3.66667
896		12.5
897		3
898		0
899		7
900		0
901		4
902		7
903		4
904		12
905		3
906		5.33333
907		3
908		0
909		9.33333
910		7
911		4
912		0
913		9.5
914		0
915		8.33333
916		7
917		8.25
918		0
919		2.5
920		7
921		31
922		18
923		6
924		5
925		3
926		0
927		5.33333
928		0
929		3.66667
930		14
931		7
932		0
933		3.33333
934		7
935		10.5
936		0
937		13.6667
938		7
939		4.2
940		0
941		7
942		36
943		15.5
944		5
945		11
946		0
947		2
948		9
949		2.66667
950		0
951		7
952		7
953		3.33333
954		0
955		6.2
956		21
957		2
958		7
959		3.75
960		0
961		18
962		7
963		5.5
964		3
965		5
966		7
967		4
968		0
969		9.66667
970		0
971		0
972		7
973		5
974		0
975		2.5
976		7
977		16.5
978		0
979		4.8
980		7
981		33
982		34
983		6.25
984		0
985		3
986		13.3333
987		4.33333
988		2
989		2.5
990		7
991		0
992		0
993		11.5
994		14
995		7.5
996		0
997		5.33333
998		0
999		6.25
1000		7
