#Simcount		average latency
1		0
2		0
3		0
4		0
5		0
6		0
7		0
8		0
9		0
10		0
11		0
12		0
13		0
14		0
15		0
16		0
17		0
18		0
19		3
20		0
21		2
22		3
23		0
24		0
25		4
26		5
27		0
28		2
29		3.1
30		3.75
31		2.5
32		0
33		4.4
34		4.5
35		0
36		0
37		5
38		8.66667
39		3
40		3
41		7.75
42		3.33333
43		0
44		0
45		6.33333
46		9.5
47		0
48		5.75
49		3.8
50		2
51		3
52		9.66667
53		2.66667
54		0
55		7
56		7
57		10
58		0
59		4.33333
60		5
61		7
62		5.33333
63		2
64		0
65		6
66		6
67		0
68		6.5
69		11
70		0
71		2.66667
72		0
73		6.33333
74		18
75		0
76		7
77		4
78		0
79		3
80		5.33333
81		12
82		11.5
83		4
84		0
85		0
86		11
87		10.6667
88		0
89		3
90		7
91		3
92		56
93		2
94		14
95		21
96		0
97		6
98		0
99		8
100		10
101		5
102		6
103		2
104		7
105		0
106		4
107		21
108		14
109		3
110		23
111		4.33333
112		18
113		6
114		0
115		9
116		0
117		4
118		7
119		3
120		11.5
121		12
122		4.5
123		11.5
124		0
125		9
126		11
127		3
128		18
129		4.33333
130		0
131		3
132		7
133		8.33333
134		21
135		2
136		14
137		3.5
138		18
139		7.75
140		0
141		10.5
142		0
143		4.5
144		0
145		2
146		14
147		12
148		0
149		8.66667
150		7
151		6.25
152		18
153		4.5
154		18
155		3
156		0
157		5
158		0
159		12
160		10.3333
161		2.5
162		21
163		2.5
164		12.5
165		10
166		0
167		8
168		0
169		2.5
170		0
171		4
172		12
173		9.66667
174		7
175		2
176		4
177		10.5
178		12.5
179		4.5
180		3
181		3.66667
182		0
183		2.5
184		0
185		10
186		21
187		13.3333
188		7
189		2.5
190		18
191		7.33333
192		13.3333
193		2
194		0
195		4.5
196		4
197		3
198		21
199		10.3333
200		12
201		2
202		7
203		10.5
204		18
205		10
206		7
207		3
208		0
209		4
210		0
211		8.33333
212		12
213		14
214		0
215		2
216		9.66667
217		7.66667
218		18
219		3
220		5
221		2
222		0
223		5
224		21
225		11.5
226		21
227		4
228		0
229		10
230		12.5
231		7.66667
232		3
233		3
234		7
235		2
236		4
237		8.25
238		21
239		21
240		3
241		5
242		18
243		8
244		12.5
245		2
246		0
247		3
248		7
249		2
250		21
251		8.25
252		21
253		2
254		0
255		7.5
256		18
257		8.33333
258		7
259		2
260		0
261		3
262		5
263		10
264		21
265		3.75
266		0
267		3
268		18
269		7.4
270		0
271		2.5
272		7
273		3
274		3
275		3.66667
276		14
277		12
278		4
279		4.5
280		0
281		9
282		10.5
283		5
284		0
285		2.66667
286		7
287		0
288		0
289		15
290		14
291		3
292		0
293		5
294		30
295		6.5
296		0
297		4.5
298		0
299		2.5
300		7
301		3.5
302		21
303		12
304		4.5
305		2.5
306		2
307		14.3333
308		18
309		2.5
310		4
311		5
312		0
313		3
314		7
315		12
316		21
317		2
318		7
319		2
320		18
321		7
322		0
323		3
324		2
325		5
326		2
327		0
328		16.3333
329		8.33333
330		4
331		3
332		7
333		13
334		18
335		4.33333
336		0
337		2
338		0
339		3.66667
340		0
341		12.25
342		14
343		3
344		2
345		2.5
346		11.25
347		18
348		0
349		3.66667
350		4
351		3
352		0
353		5
354		21
355		7
356		7
357		2
358		0
359		10
360		12.5
361		3.5
362		0
363		5
364		0
365		2
366		0
367		13
368		21
369		2
370		7
371		3
372		18
373		8.33333
374		7
375		2
376		2
377		7
378		2
379		2
380		21
381		8.25
382		4
383		3
384		7
385		12.6667
386		18
387		2.5
388		7
389		2
390		0
391		4
392		0
393		12.25
394		21
395		4.5
396		2
397		2
398		11.25
399		10
400		0
401		2.5
402		5.5
403		3
404		0
405		4.5
406		21
407		8.66667
408		0
409		3.66667
410		0
411		10.25
412		12.5
413		3.5
414		0
415		2
416		4.5
417		2
418		2
419		16.3333
420		21
421		2.5
422		4
423		4.33333
424		18
425		10
426		7
427		2
428		0
429		2
430		7
431		2.5
432		21
433		7.6
434		0
435		2
436		0
437		11.25
438		10.5
439		0
440		7
441		2.66667
442		0
443		3
444		7
445		12
446		21
447		3.66667
448		0
449		0
450		13
451		7.5
452		0
453		3
454		5.5
455		2
456		0
457		2
458		13
459		21
460		0
461		4
462		0
463		10.5
464		18
465		3.75
466		0
467		2
468		7
469		0
470		0
471		14.6667
472		14
473		3
474		0
475		3.66667
476		18
477		7.33333
478		0
479		4.5
480		0
481		2
482		7
483		3.33333
484		21
485		8.33333
486		7
487		2
488		3
489		14.3333
490		18
491		2.5
492		0
493		4.33333
494		0
495		2.66667
496		7
497		14.6667
498		21
499		3
500		7
501		2
502		18
503		7.75
504		0
505		2.66667
506		0
507		7
508		2
509		0
510		12.75
511		8.66667
512		0
513		3
514		5.5
515		10
516		18
517		5
518		0
519		3
520		0
521		3.5
522		0
523		14.6667
524		14
525		2.66667
526		0
527		3
528		11.25
529		18
530		2
531		4
532		0
533		2
534		4
535		3.66667
536		21
537		12
538		7
539		3
540		0
541		10.25
542		12.5
543		2
544		0
545		3.75
546		0
547		3
548		2
549		16.3333
550		11.5
551		3
552		7
553		2
554		13.3333
555		7.33333
556		7
557		3
558		0
559		4.5
560		6
561		2.5
562		21
563		10
564		0
565		2.66667
566		6.5
567		8
568		18
569		0
570		5
571		0
572		0
573		4.33333
574		33
575		8.33333
576		21
577		4
578		0
579		16
580		12.5
581		10.5
582		3
583		3
584		7
585		2
586		4
587		8.25
588		21
589		21
590		3
591		7
592		18
593		6.5
594		12.5
595		2
596		0
597		3
598		7
599		2
600		21
601		14
602		12
603		3
604		0
605		9
606		11
607		7.33333
608		7
609		3
610		3
611		0
612		7
613		9
614		21
615		10
616		0
617		2.75
618		18
619		7.5
620		18
621		0
622		5
623		3
624		0
625		0
626		10.6667
627		8.33333
628		21
629		5
630		3
631		7.66667
632		18
633		7.75
634		0
635		0
636		7
637		3
638		0
639		8.66667
640		14
641		7.25
642		3
643		5
644		18
645		18
646		11
647		4.5
648		0
649		3
650		5
651		2.66667
652		21
653		9
654		14
655		0
656		0
657		7.75
658		18
659		7.66667
660		0
661		4.33333
662		3
663		4.5
664		7
665		0
666		12.5
667		11.5
668		7
669		3.66667
670		0
671		7.75
672		18
673		3
674		0
675		4.5
676		0
677		17.5
678		7
679		7.5
680		21
681		2.5
682		13
683		3
684		10
685		12.5
686		0
687		2
688		4
689		4
690		21
691		2.5
692		14
693		9
694		0
695		10
696		7
697		10
698		18
699		4
700		0
701		2.5
702		2
703		10.3333
704		2
705		21
706		14
707		2
708		11
709		2.5
710		12.5
711		7.66667
712		0
713		4.33333
714		6
715		2
716		0
717		4.5
718		21
719		7.5
720		6.5
721		2.5
722		2
723		10
724		9
725		0
726		0
727		4.5
728		18.5
729		2.5
730		0
731		10.3333
732		21
733		11.6667
734		7
735		2.5
736		18
737		10
738		7
739		4
740		0
741		10
742		0
743		3
744		12
745		10.3333
746		18
747		2.33333
748		7
749		18
750		18
751		3
752		7
753		3
754		21
755		4.5
756		0
757		5.8
758		21
759		12.5
760		0
761		3
762		12.5
763		10.5
764		0
765		3
766		5
767		6.75
768		0
769		5
770		21
771		11.5
772		18
773		5.5
774		0
775		10
776		12.5
777		2.33333
778		3
779		2
780		14
781		2
782		4
783		14
784		21
785		18
786		3
787		3.66667
788		18
789		6.25
790		7
791		2
792		0
793		12.5
794		7
795		2
796		21
797		8
798		10.5
799		2
800		0
801		7.25
802		11
803		3
804		7
805		0
806		12
807		2
808		7
809		8.66667
810		21
811		9
812		0
813		3
814		18
815		9
816		0
817		2
818		5
819		11.5
820		0
821		2
822		10.6667
823		8.66667
824		18
825		7
826		3
827		7.33333
828		18
829		4
830		0
831		0
832		14
833		3.33333
834		0
835		21
836		14
837		7.66667
838		0
839		3.75
840		18
841		10
842		0
843		4
844		0
845		12.5
846		7
847		2.5
848		11.5
849		8.66667
850		9
851		0
852		0
853		7.5
854		11
855		0
856		0
857		4
858		21
859		2.66667
860		7
861		11.5
862		21
863		7.66667
864		7
865		4
866		18
867		7.5
868		2
869		2.5
870		2
871		14
872		0
873		2.5
874		10.6667
875		21
876		18
877		2.5
878		7
879		6.5
880		18
881		4.5
882		0
883		2.5
884		21
885		5.5
886		0
887		8.66667
888		14
889		7.66667
890		0
891		3
892		12.5
893		6.25
894		0
895		7
896		0
897		7.5
898		0
899		4
900		21
901		21
902		9.33333
903		3
904		0
905		10.5
906		12.5
907		2.33333
908		0
909		4
910		21
911		2
912		0
913		14
914		12
915		18
916		7
917		2.33333
918		11
919		7.66667
920		7
921		3
922		3
923		14
924		0
925		3
926		21
927		7
928		18
929		3
930		7
931		7.66667
932		18
933		0
934		5
935		0
936		21
937		4
938		4
939		8.66667
940		21
941		7.5
942		3
943		0
944		12.5
945		10.5
946		0
947		2.5
948		7
949		7.5
950		0
951		3.5
952		21
953		21
954		10.5
955		7
956		0
957		7.66667
958		9.66667
959		2.5
960		0
961		0
962		10.3333
963		3
964		0
965		10.3333
966		21
967		6.5
968		0
969		4
970		18
971		10
972		7
973		0
974		3
975		12
976		7
977		3
978		12.5
979		8.25
980		18
981		2
982		3
983		12.5
984		18
985		3
986		7
987		3
988		21
989		3
990		7
991		8.33333
992		21
993		12.5
994		3
995		3
996		18
997		7.75
998		4
999		2.5
1000		7
