Tile	Output		Total no.	Total no.	avg. latency	avg. latency	average
ID	channel		of packets	of flits	per packet	per flit	throughput
							(clock cycles)	(clock cycles)	(Gbps)
0	South		57		228		3.05263		0.763158		0
0	East		59		236		2.59322		0.648305		0
0	79		316		4.27848		1.06962		26.3333
1	South		57		228		2.7193		0.679825		0
1	East		76		304		2.44737		0.611842		0
1	West		54		216		3.22222		0.805556		0
1	84		336		4.40476		1.10119		33.6
2	South		66		264		3		0.75		0
2	East		50		200		2.8		0.7		0
2	West		78		312		2.28205		0.570513		0
2	76		304		4.47368		1.11842		30.4
3	South		51		204		2.94118		0.735294		0
3	West		58		232		2.41379		0.603448		0
3	84		336		4.14286		1.03571		28
4	North		67		268		3.71642		0.929105		0
4	South		73		292		3.58904		0.89726		0
4	East		60		240		2.18333		0.545833		0
4	59		236		4.16949		1.04237		23.6
5	North		61		244		3.42623		0.856557		0
5	South		75		300		3.50667		0.876667		0
5	East		93		372		2.32258		0.580645		0
5	West		48		192		3.04167		0.760417		0
5	71		284		4.02817		1.00704		35.5
6	North		62		248		3.43548		0.858871		0
6	South		75		300		3.49333		0.873333		0
6	East		68		272		3.14706		0.786765		0
6	West		84		336		2.40476		0.60119		0
6	92		368		3.93478		0.983696		46
7	North		70		280		3.65714		0.914286		0
7	South		71		284		3.90141		0.975352		0
7	West		60		240		2.85		0.7125		0
7	62		248		4.45161		1.1129		24.8
8	North		80		320		3.425		0.85625		0
8	South		51		204		3.88235		0.970588		0
8	East		64		256		2.53125		0.632812		0
8	61		244		4.2623		1.06557		24.4
9	North		73		292		3.16438		0.791096		0
9	South		60		240		3.58333		0.895833		0
9	East		82		328		2.4878		0.621951		0
9	West		54		216		3.11111		0.777778		0
9	72		288		4		1		36
10	North		88		352		3.39773		0.849432		0
10	South		52		208		3.46154		0.865385		0
10	East		52		208		3.03846		0.759615		0
10	West		80		320		2.375		0.59375		0
10	86		344		4.2093		1.05233		35.8333
11	North		70		280		3.27143		0.817857		0
11	South		48		192		3.8125		0.953125		0
11	West		60		240		2.36667		0.591667		0
11	80		320		4.35		1.0875		26.6667
12	North		55		220		3.34545		0.836364		0
12	East		55		220		2.61818		0.654545		0
12	61		244		4.06557		1.01639		20.766
13	North		48		192		2.8125		0.703125		0
13	East		89		356		2.48315		0.620786		0
13	West		47		188		2.76596		0.691489		0
13	73		292		3.91781		0.979452		29.2
14	North		67		268		2.86567		0.716418		0
14	East		62		248		3.08065		0.770161		0
14	West		68		272		2.41176		0.602941		0
14	73		292		4.16438		1.0411		29.2
15	North		61		244		3.13115		0.782787		0
15	West		55		220		2.27273		0.568182		0
15	67		268		4.02985		1.00746		22.3333

Overall average latency per channel (in clock cycles per flit) = 0.828322

Overall average latency per channel(in clock cycles per packet) = 3.31329

Overall total throughput is 29.5395

Overall average latency (in clock cycles per flit) = 13.2945

Total Flits Generated = 4720
Total Flits Received = 4720
