#Simcount		average latency
1		0
2		0
3		0
4		0
5		0
6		0
7		0
8		0
9		0
10		0
11		0
12		0
13		0
14		0
15		0
16		0
17		0
18		3
19		3
20		2
21		2.85714
22		0
23		0
24		4
25		4
26		4
27		2
28		4
29		2.33333
30		4.25
31		4.5
32		4
33		4.57143
34		4
35		8
36		4
37		4.75
38		3.22222
39		3
40		3.83333
41		0
42		4.83333
43		5
44		4
45		6
46		4
47		3.4
48		3
49		3.25
50		7
51		0
52		4.5
53		4
54		5.16667
55		5.5
56		4
57		7.6
58		3.54545
59		6
60		3
61		4.5
62		4.33333
63		4
64		5.83333
65		4
66		5.33333
67		3.66667
68		3.33333
69		4.22222
70		4
71		7.33333
72		5.5
73		4.2
74		8
75		4
76		6.6
77		5.33333
78		3.85714
79		4
80		3.16667
81		6.33333
82		4
83		5.5
84		4
85		4.5
86		5
87		2
88		10.3333
89		4.375
90		5.33333
91		5
92		4
93		4.75
94		4
95		9.33333
96		7.5
97		4.33333
98		5.625
99		3.66667
100		6.71429
101		6.66667
102		5.33333
103		5
104		4
105		7.66667
106		4
107		4.75
108		4.66667
109		3.125
110		6.25
111		0
112		4.6
113		4
114		5.33333
115		5
116		4
117		8.66667
118		3.14286
119		11.25
120		8
121		4.5
122		4.25
123		4
124		7.14286
125		4
126		5.5
127		4
128		3.5
129		4.3
130		4
131		18.5
132		15.5
133		4
134		11
135		0
136		6.2
137		4
138		4
139		4
140		3.16667
141		13.5
142		3.6
143		5.5
144		3.33333
145		4.5
146		5
147		2
148		13.6667
149		6.55556
150		5.5
151		5
152		3.5
153		5.875
154		4
155		16
156		4
157		4.33333
158		10
159		3.66667
160		6.5
161		14.6667
162		4.5
163		4
164		3.5
165		10.6667
166		4
167		5.66667
168		13
169		3.66667
170		5.8
171		3.5
172		12.2
173		4.83333
174		5.33333
175		5
176		3.66667
177		12
178		3.8
179		16.6667
180		3.8
181		4.5
182		3.8
183		0
184		12.1667
185		8.85714
186		5.5
187		3.5
188		3.5
189		4.33333
190		4
191		6.25
192		20.5
193		4
194		13.8
195		4
196		5.4
197		6.66667
198		4.75
199		4
200		3
201		19.5
202		3.6
203		4.5
204		7
205		4
206		5
207		2
208		20
209		3.71429
210		5.5
211		4
212		4
213		5.55556
214		3.33333
215		22
216		3
217		4.33333
218		12.5
219		4
220		5.83333
221		16.75
222		4
223		5
224		4
225		11.2857
226		3.8
227		4.4
228		2
229		4.5
230		5.4
231		3.5
232		29.25
233		12.6667
234		5.33333
235		4.5
236		3.66667
237		5.42857
238		3.5
239		49
240		28
241		4
242		3.44444
243		0
244		16.2
245		3.25
246		5
247		3
248		4
249		4.71429
250		3.6
251		4.33333
252		20
253		3.6
254		15
255		4
256		4.2
257		4.33333
258		4
259		5
260		4
261		17.375
262		3.66667
263		53
264		21.5
265		4
266		4.625
267		2
268		15
269		3.8
270		3.66667
271		11.5
272		3.5
273		5
274		3.33333
275		16.25
276		3.5
277		4.33333
278		12.3333
279		4
280		5.75
281		11.5
282		11
283		5
284		3.5
285		63
286		3.83333
287		3.66667
288		4
289		4.2
290		5.16667
291		3.33333
292		16
293		9.33333
294		4.5
295		3
296		3.75
297		7.57143
298		2.66667
299		55
300		5
301		4
302		3.2
303		36
304		5.71429
305		3
306		4.2
307		2
308		4
309		10.5
310		5.33333
311		5.5
312		4
313		4.14286
314		4
315		2.33333
316		17
317		4
318		3.6
319		3
320		3.5
321		12
322		10.6667
323		46
324		3.5
325		3.83333
326		4.6
327		2
328		14.6667
329		4.16667
330		4.66667
331		4
332		4
333		4.6
334		18.3333
335		5.33333
336		3.5
337		4.25
338		11.3333
339		4.5
340		4.85714
341		4
342		4
343		0
344		3.6
345		18.5714
346		4
347		2.5
348		2
349		3.85714
350		5.8
351		29
352		27.6
353		4
354		4.33333
355		2.5
356		3.66667
357		6
358		10
359		30.5
360		3
361		4.16667
362		3.6
363		10
364		6
365		3.66667
366		4.25
367		2
368		3.5
369		9.5
370		5.33333
371		5.5
372		0
373		4.33333
374		4.33333
375		12.75
376		20.7143
377		4
378		4.2
379		3
380		3
381		11.5
382		13.5
383		55
384		3.5
385		4.16667
386		3.75
387		12
388		17.625
389		3.5
390		4.66667
391		0
392		3.6
393		4.875
394		3.33333
395		5.75
396		4
397		3.8
398		12.4
399		24
400		4.57143
401		3.5
402		4.5
403		0
404		3.4
405		12.125
406		3.6
407		3
408		2.5
409		3.88889
410		3.33333
411		47
412		22.3333
413		3.8
414		4.66667
415		2.5
416		4
417		10.5
418		11
419		29
420		3.33333
421		4
422		4
423		10
424		5.625
425		4.5
426		4.33333
427		0
428		3.75
429		8.1
430		4
431		5
432		3
433		4.4
434		5.25
435		10.5
436		22.6667
437		3.33333
438		4
439		3.5
440		3.33333
441		5
442		5
443		29.5
444		3
445		4.16667
446		11.8333
447		45
448		17.2
449		3.5
450		4
451		4
452		4.75
453		11.4286
454		4
455		4.6
456		4
457		3.5
458		5.2
459		2
460		5.2
461		3.33333
462		4.5
463		6
464		12.4
465		11.75
466		4.25
467		3.5
468		3
469		3.85714
470		3.33333
471		5.5
472		25.6
473		4.25
474		4.25
475		3.5
476		16
477		12.2857
478		3.66667
479		28.5
480		3.66667
481		3.71429
482		4.5
483		3
484		5.28571
485		4.25
486		4.5
487		4
488		15.25
489		13.9
490		2.8
491		7
492		4
493		4.4
494		4.8
495		4
496		18.2857
497		3.5
498		3.75
499		3
500		19.3333
501		4.77778
502		4.5
503		55
504		3.66667
505		4.14286
506		15
507		0
508		6.5
509		3.5
510		3.42857
511		6
512		3.25
513		11.5714
514		4
515		7
516		4.5
517		12
518		5.2
519		2.5
520		11.4286
521		3.4
522		4.66667
523		5.5
524		3.5
525		4.75
526		4.33333
527		3.66667
528		3
529		10.2857
530		3.33333
531		3
532		25.6
533		4.5
534		4.4
535		4.5
536		14.25
537		14
538		3.5
539		29.5
540		3
541		4.71429
542		4.4
543		0
544		5.2
545		4.33333
546		4.5
547		6
548		5.33333
549		14.9
550		4
551		7
552		4
553		9.625
554		4
555		0
556		18
557		3.5
558		3.16667
559		5.5
560		16
561		12
562		4.5
563		21
564		3.5
565		5.5
566		5.2
567		0
568		14.4
569		3.75
570		4.5
571		4.5
572		4.2
573		4.28571
574		3.33333
575		24
576		4.25
577		3.8
578		15
579		4
580		4.42857
581		3
582		4.5
583		5
584		12.8
585		10.2857
586		4.5
587		31
588		4
589		4
590		4.8
591		4.66667
592		4.5
593		4.5
594		3.75
595		3.5
596		14
597		4
598		3.66667
599		30
600		4.5
601		4.4
602		16
603		4
604		8.66667
605		3.33333
606		3.75
607		4.33333
608		3.75
609		12.8
610		4.33333
611		15.6667
612		4
613		17.5
614		5.6
615		3
616		11.625
617		3
618		3.66667
619		5
620		20.6667
621		4.71429
622		4.5
623		17.5
624		3
625		3.8
626		3.6
627		15.6667
628		12.8333
629		4
630		3.8
631		4
632		3.25
633		12.6667
634		3
635		12.2
636		3.33333
637		9.33333
638		4
639		4
640		5.66667
641		3.66667
642		4.33333
643		5
644		4
645		10.375
646		3.75
647		19
648		3.5
649		9.8
650		4.4
651		3.5
652		5
653		4.5
654		3.75
655		4
656		8.8
657		10.7143
658		3.75
659		17.25
660		3
661		5
662		5.2
663		4
664		14.1667
665		3.25
666		3.75
667		4.33333
668		4.75
669		4.6
670		4.33333
671		15.75
672		4
673		3.75
674		13.1667
675		3
676		11.625
677		3
678		3.66667
679		5
680		17
681		11.3333
682		4
683		22
684		4.5
685		4
686		6
687		4.5
688		13.1429
689		3.4
690		3.75
691		3.33333
692		14
693		5.14286
694		3.33333
695		22
696		4.33333
697		4.2
698		4
699		3
700		5.66667
701		3.33333
702		3.8
703		5
704		3.33333
705		13.5
706		3.66667
707		31.5
708		4
709		11.3333
710		4
711		3
712		10.4286
713		4.5
714		4.33333
715		5
716		14.75
717		10.75
718		3.5
719		19.1667
720		4
721		4.83333
722		4.2
723		4
724		6
725		4
726		3.75
727		4
728		4.25
729		11.8333
730		3.66667
731		15.3333
732		4
733		3.75
734		5
735		4
736		11.875
737		3
738		3.5
739		4.25
740		21
741		4.33333
742		4.5
743		21.3333
744		4.5
745		4.2
746		11.7143
747		19.3333
748		11.7143
749		3.5
750		3.75
751		4
752		4.25
753		11.5
754		4
755		11.6
756		4
757		3.33333
758		5.16667
759		3
760		6.4
761		3.33333
762		4.33333
763		5
764		20
765		5.14286
766		3.6
767		18.25
768		3.5
769		3.6
770		4
771		4.33333
772		4.66667
773		4.5
774		4.25
775		4
776		16.5
777		11.7143
778		3.66667
779		24.4
780		3.66667
781		3.83333
782		4.5
783		4
784		5
785		4
786		3.75
787		5
788		11.6
789		11.4286
790		3.66667
791		21
792		4
793		4.33333
794		5
795		5.5
796		11.375
797		3
798		3.75
799		3.25
800		14.25
801		4.33333
802		4.5
803		29
804		4.5
805		4.2
806		15
807		22
808		10.5556
809		3.5
810		3.75
811		3.66667
812		3.75
813		13
814		4
815		17.5
816		4
817		9.16667
818		5.2
819		3.5
820		13
821		3.5
822		4.33333
823		4.33333
824		10.75
825		5.33333
826		4.33333
827		19
828		3.25
829		5.6
830		16
831		3.5
832		12.1429
833		3.66667
834		4.33333
835		5
836		5
837		10.4286
838		3
839		16
840		3.66667
841		9.33333
842		4.5
843		3.5
844		5.71429
845		4
846		4.5
847		4.25
848		9.8
849		4.16667
850		4.5
851		5
852		3
853		5.4
854		14.75
855		4
856		13.8333
857		4.33333
858		3.6
859		4.33333
860		4.5
861		9.57143
862		4.5
863		16.25
864		3.66667
865		4.2
866		5.2
867		4
868		11.625
869		3.5
870		4.5
871		4.5
872		10.8333
873		4.25
874		4
875		17.5
876		4.33333
877		4.25
878		14.25
879		4.66667
880		11.8571
881		3
882		4
883		3.66667
884		15.25
885		12.4
886		4.5
887		28
888		4.33333
889		4.8
890		4.66667
891		3
892		11
893		3.66667
894		4.33333
895		5
896		4
897		4.75
898		3
899		22.6667
900		3.66667
901		11
902		14.5
903		3.5
904		5.42857
905		4
906		4.5
907		5
908		16.25
909		12.2
910		3.66667
911		12.8333
912		3
913		5.4
914		6
915		4
916		5.16667
917		4.33333
918		3.75
919		5
920		4.5
921		4.66667
922		4
923		16.25
924		3.66667
925		4.2
926		4.5
927		4
928		11.625
929		3.5
930		3.66667
931		4.5
932		12.1667
933		12.1667
934		4.5
935		17
936		4.33333
937		4.25
938		4
939		5.5
940		12
941		3
942		3.75
943		4
944		21.6667
945		12.6667
946		4.5
947		31
948		4.5
949		4.6
950		4
951		3.5
952		11.75
953		4
954		4.25
955		5
956		4
957		4.66667
958		4
959		17.5
960		3.66667
961		11.2857
962		14.6
963		4
964		5.57143
965		4
966		4.5
967		5
968		16.5
969		14.4
970		3.2
971		16
972		3.5
973		4
974		5.14286
975		4.5
976		5.4
977		4.5
978		4.25
979		3
980		13.75
981		4.44444
982		3.66667
983		16.75
984		4.33333
985		4.6
986		4
987		4
988		11.625
989		4
990		11.4
991		4.33333
992		3.66667
993		13
994		3.25
995		21.3333
996		5
997		11.5
998		4
999		4
1000		11.1111
