#Simcount		average latency
1		0
2		0
3		0
4		0
5		0
6		0
7		0
8		0
9		0
10		0
11		0
12		0
13		0
14		0
15		0
16		0
17		0
18		0
19		0
20		0
21		0
22		0
23		0
24		0
25		0
26		0
27		0
28		0
29		0
30		0
31		0
32		0
33		0
34		0
35		0
36		0
37		0
38		0
39		0
40		0
41		0
42		0
43		0
44		0
45		0
46		0
47		0
48		0
49		0
50		0
51		0
52		0
53		0
54		0
55		0
56		0
57		0
58		0
59		0
60		0
61		0
62		2
63		2
64		2
65		2.33333
66		3
67		0
68		4
69		4
70		5.5
71		6
72		3.66667
73		2.75
74		3.25
75		2.75
76		3.5
77		4
78		12
79		4
80		7.33333
81		10
82		2
83		4
84		3.5
85		7.25
86		3
87		6
88		4
89		0
90		4
91		10
92		2
93		6.5
94		5.33333
95		2
96		5.33333
97		8
98		21
99		5.33333
100		8
101		0
102		3
103		2
104		8.25
105		4.66667
106		0
107		11
108		3
109		18
110		5
111		13.5
112		0
113		13
114		3
115		0
116		3.66667
117		10.75
118		2
119		5.33333
120		21
121		0
122		18
123		0
124		14.5
125		4
126		18
127		4.33333
128		3
129		2
130		11.75
131		2
132		0
133		11.6667
134		0
135		18
136		3.66667
137		8.33333
138		2
139		8.66667
140		2
141		8
142		6
143		19.5
144		0
145		4
146		21
147		3.66667
148		8
149		2
150		10.3333
151		4
152		18
153		0
154		0
155		8
156		10
157		2
158		2
159		10.3333
160		2
161		12
162		0
163		21
164		8
165		8.66667
166		0
167		2.5
168		3
169		12.25
170		4
171		2
172		21
173		8
174		18
175		6
176		8
177		2
178		7.33333
179		4
180		2
181		0
182		15
183		8
184		0
185		9.66667
186		0
187		7.66667
188		3
189		9.66667
190		5
191		8.66667
192		0
193		0
194		0
195		19.5
196		3.66667
197		5
198		8.33333
199		5
200		18
201		0
202		21
203		6
204		13
205		4
206		0
207		2
208		9.4
209		0
210		3.33333
211		10.3333
212		0
213		13
214		0
215		21
216		4.5
217		8.66667
218		2
219		3.66667
220		0
221		19.5
222		3.66667
223		0
224		11.5
225		5
226		18
227		3.5
228		8.66667
229		0
230		10.3333
231		3.33333
232		146
233		2
234		19.5
235		8
236		3.5
237		11.5
238		2
239		7.75
240		70.5
241		11.5
242		7
243		9.33333
244		0
245		4
246		0
247		13.6667
248		2.5
249		6
250		10.3333
251		2
252		10.5
253		8
254		11.5
255		0
256		9
257		8
258		2
259		4.5
260		19.5
261		2
262		2
263		9.66667
264		5
265		8.66667
266		0
267		11.5
268		0
269		12
270		6
271		6
272		3
273		14
274		2.5
275		4
276		12
277		2
278		9.33333
279		8
280		21
281		2
282		18
283		4
284		4
285		4
286		10.75
287		2
288		0
289		13.5
290		0
291		12
292		5.5
293		21
294		2.5
295		10.5
296		0
297		4.5
298		4
299		19.5
300		2
301		2
302		21
303		3.33333
304		10
305		8
306		8.25
307		0
308		10
309		6
310		2
311		6
312		11.75
313		0
314		2.5
315		10
316		0
317		7
318		0
319		21
320		5
321		18
322		2
323		6.33333
324		2.33333
325		89.6667
326		2
327		0
328		14.5
329		4
330		18
331		8
332		11.5
333		75.3333
334		7.66667
335		5.66667
336		8
337		3.33333
338		19.5
339		0
340		0
341		21
342		4
343		10.6667
344		2
345		12
346		2
347		18
348		2
349		6
350		8
351		19.5
352		2
353		0
354		8.33333
355		3
356		8.66667
357		5
358		11.5
359		0
360		18
361		0
362		2
363		6
364		10.2
365		3
366		2
367		21
368		2
369		12
370		6
371		14.5
372		2
373		18
374		2
375		4.5
376		0
377		9.8
378		8
379		0
380		12
381		0
382		7.33333
383		8
384		7.75
385		5.5
386		10
387		0
388		2
389		4
390		15
391		4
392		2
393		21
394		2
395		9
396		4
397		11.5
398		0
399		9.33333
400		3
401		6
402		2
403		19.5
404		5
405		6
406		21
407		3
408		18
409		5
410		8
411		2
412		10
413		8
414		0
415		6
416		19.5
417		0
418		5.5
419		9.66667
420		2.5
421		8.66667
422		2
423		21
424		4
425		18
426		0
427		4.5
428		0
429		10.75
430		3
431		2
432		10.3333
433		6
434		18
435		5.5
436		21
437		0
438		7.25
439		2
440		2.5
441		5.33333
442		13.6667
443		0
444		2
445		21
446		8
447		6.8
448		0
449		8.33333
450		3
451		10
452		4
453		6
454		0
455		12.5
456		0
457		0
458		8.66667
459		2
460		7.75
461		5.33333
462		11.5
463		0
464		10
465		0
466		6
467		3.33333
468		19.5
469		4
470		3
471		11.5
472		2
473		12
474		8
475		10
476		0
477		18
478		2.5
479		4
480		3.66667
481		13.6667
482		2
483		8
484		11.5
485		0
486		12
487		4
488		21
489		3.33333
490		10.5
491		2
492		4
493		6
494		19.5
495		6
496		3
497		21
498		3
499		8.66667
500		4.33333
501		13.5
502		2
503		18
504		0
505		4
506		6
507		13.6667
508		2
509		4
510		11.5
511		2
512		10
513		8
514		14.5
515		6
516		10.5
517		0
518		3
519		4
520		10
521		0
522		2.5
523		14.5
524		2
525		8.66667
526		6
527		21
528		2
529		12
530		2
531		4
532		6
533		13.6667
534		3
535		0
536		8.33333
537		5
538		10
539		5
540		11.3333
541		0
542		107.667
543		2
544		2
545		5.33333
546		14.3333
547		3
548		0
549		21
550		106.667
551		8.66667
552		12
553		8.5
554		3
555		10
556		2
557		6
558		0
559		11.75
560		8
561		0
562		12
563		2
564		7.66667
565		5
566		9.66667
567		5.5
568		18
569		0
570		2
571		4
572		15
573		3.33333
574		3
575		11.5
576		2
577		12
578		6
579		11.5
580		0
581		13
582		0
583		4
584		3
585		13.6667
586		4
587		4.5
588		11.5
589		0
590		10
591		8
592		13.5
593		2
594		10.5
595		5
596		2
597		4.5
598		19.5
599		2
600		8
601		13.5
602		0
603		8.66667
604		3
605		11.5
606		3.33333
607		18
608		2
609		7
610		3
611		19.5
612		6
613		2
614		12
615		4
616		10
617		5.5
618		13.5
619		2
620		18
621		6
622		2
623		4
624		14
625		2
626		4
627		13.5
628		2
629		12
630		3
631		21
632		6
633		7.33333
634		3
635		5.33333
636		2
637		14
638		0
639		2
640		14.5
641		6
642		10
643		5
644		12
645		2
646		8.66667
647		0
648		2
649		7
650		11
651		0
652		6
653		8.33333
654		0
655		8
656		0
657		21
658		6
659		7.66667
660		0
661		4.66667
662		2.5
663		19.5
664		2.5
665		0
666		10.3333
667		6
668		10
669		8
670		8.66667
671		2
672		12
673		2
674		0
675		5.33333
676		19.5
677		0
678		0
679		8.66667
680		8
681		8
682		2.5
683		21
684		2.5
685		18
686		4
687		6
688		0
689		15.6667
690		2.5
691		2
692		9.66667
693		2
694		18
695		5.33333
696		21
697		0
698		12
699		2
700		0
701		5
702		11
703		2
704		2.5
705		21
706		5
707		10
708		0
709		21
710		2.5
711		18
712		3.33333
713		4
714		2
715		15.6667
716		0
717		0
718		12
719		2
720		9.33333
721		5.66667
722		8.33333
723		2
724		10
725		0
726		6
727		4
728		19.5
729		5
730		2.5
731		21
732		2
733		8.66667
734		5
735		13.5
736		0
737		18
738		3
739		4
740		4
741		14
742		2
743		5
744		11.5
745		0
746		12
747		5
748		21
749		4
750		7.66667
751		0
752		3.33333
753		4
754		13.6667
755		6
756		0
757		21
758		3
759		8.66667
760		5
761		10
762		2
763		10
764		2
765		6
766		6
767		13.6667
768		0
769		5
770		8.66667
771		0
772		7.33333
773		5
774		10.3333
775		6
776		18
777		0
778		3
779		4
780		11.75
781		3
782		2
783		10.3333
784		0
785		12
786		4.5
787		11.5
788		2
789		8.66667
790		2.5
791		6
792		4
793		13.6667
794		0
795		4
796		21
797		2
798		10.5
799		5
800		10.3333
801		4.5
802		10
803		2
804		0
805		6
806		12
807		2
808		2
809		10.3333
810		3
811		12
812		3
813		11.5
814		5
815		8.66667
816		0
817		4
818		3
819		13.6667
820		4
821		2
822		11.5
823		5
824		18
825		8
826		10
827		2
828		10
829		4
830		3
831		6
832		12
833		2
834		2
835		9.66667
836		0
837		8.66667
838		3
839		21
840		5
841		8.66667
842		0
843		4
844		0
845		19.5
846		4.5
847		2
848		8.33333
849		5
850		18
851		5
852		21
853		0
854		13
855		4
856		3
857		4
858		11
859		3
860		4
861		21
862		2
863		10.6667
864		0
865		21
866		4.5
867		10
868		2
869		4.66667
870		2.5
871		19.5
872		4
873		2
874		21
875		4
876		18
877		5
878		12
879		2
880		9.33333
881		3.66667
882		0
883		6
884		13.6667
885		0
886		6
887		11.5
888		2
889		8.5
890		2.33333
891		21
892		2
893		10
894		8
895		6
896		0
897		19.5
898		2.5
899		2
900		7.75
901		2.5
902		18
903		8
904		11.5
905		0
906		12
907		2
908		2
909		4.66667
910		9.2
911		0
912		4
913		11.5
914		0
915		10
916		0
917		21
918		2.5
919		10
920		4
921		4.25
922		0
923		19.5
924		2
925		0
926		13.5
927		2
928		10
929		6
930		8.66667
931		0
932		7.66667
933		0
934		8
935		4.66667
936		19.5
937		0
938		2.5
939		11.5
940		3.33333
941		7
942		0
943		14.5
944		2
945		18
946		6
947		4
948		0
949		11.75
950		3
951		0
952		8
953		0
954		18
955		5.33333
956		21
957		0
958		10.5
959		0
960		5
961		4.66667
962		14
963		0
964		2
965		21
966		4
967		8.66667
968		0
969		10.3333
970		0
971		10
972		3
973		4
974		8
975		10
976		0
977		2
978		12
979		0
980		8.66667
981		5
982		12
983		8
984		6
985		0
986		4
987		6
988		19.5
989		6
990		0
991		11.5
992		4.5
993		8.66667
994		3
995		8.66667
996		2
997		8.33333
998		0
999		6
1000		11
