#Simcount		average latency
1		0
2		0
3		0
4		0
5		0
6		0
7		0
8		0
9		0
10		0
11		0
12		0
13		0
14		0
15		0
16		0
17		0
18		3
19		3
20		2
21		2.85714
22		0
23		0
24		4
25		4
26		4
27		2
28		4
29		2
30		4.25
31		4.5
32		4
33		4.85714
34		4
35		8
36		4
37		4.75
38		3.22222
39		3
40		4.16667
41		0
42		4.83333
43		5
44		4
45		6
46		4
47		4
48		3
49		3.5
50		4.33333
51		0
52		5
53		4
54		5.16667
55		6.5
56		4
57		7.4
58		3.7
59		7
60		3
61		4.5
62		4.33333
63		4
64		5.28571
65		4
66		5.25
67		3
68		3.33333
69		4.42857
70		4
71		8.33333
72		5.5
73		4.2
74		9
75		3
76		7.2
77		4
78		4.28571
79		4
80		3.2
81		7.4
82		4
83		4.66667
84		4
85		4.33333
86		4.8
87		2.8
88		8.66667
89		2.66667
90		3.8
91		4
92		4
93		5.5
94		4
95		8.66667
96		4
97		4.33333
98		5.33333
99		2
100		6.16667
101		3.66667
102		4.66667
103		5
104		4
105		8.71429
106		3.8
107		4.25
108		3
109		3.5
110		5.4
111		0
112		7.2
113		4
114		5
115		3.5
116		4
117		6.83333
118		3.14286
119		12.3333
120		2.66667
121		4
122		4.25
123		0
124		6
125		5.5
126		4.75
127		3
128		3.5
129		3.55556
130		3.5
131		14
132		4
133		4.4
134		9
135		3.33333
136		12
137		6
138		4
139		3.33333
140		3.33333
141		8.42857
142		4
143		5.5
144		5.66667
145		4.25
146		4.57143
147		2.66667
148		14.4
149		4.16667
150		4.5
151		5
152		4
153		5.28571
154		4
155		10
156		6
157		4.33333
158		6
159		2.5
160		5.83333
161		3.25
162		5.33333
163		5
164		4
165		9.85714
166		3.75
167		4.8
168		12.5
169		3.57143
170		5.4
171		4
172		8.4
173		4
174		5
175		4.66667
176		4
177		6.83333
178		3.33333
179		9.5
180		10.3333
181		4
182		4.25
183		0
184		6
185		4.5
186		4.75
187		3
188		3.5
189		3.55556
190		3.6
191		18.5
192		4
193		4.4
194		9
195		2
196		10.6
197		9.5
198		4
199		3.33333
200		3.5
201		8.42857
202		4
203		5.33333
204		9.66667
205		4.25
206		4.66667
207		3
208		14.4
209		4.16667
210		4.5
211		5
212		4
213		5.28571
214		4
215		10
216		6
217		4.33333
218		6
219		2.5
220		5.83333
221		3.25
222		5.33333
223		5
224		4
225		9.85714
226		3.75
227		4.8
228		15
229		3.66667
230		5.4
231		4
232		12.2
233		3.66667
234		5
235		4.66667
236		4
237		6.83333
238		3.6
239		7
240		12
241		4
242		4.25
243		0
244		6.83333
245		4.5
246		4.75
247		3
248		3.75
249		3.625
250		3.5
251		4.5
252		2
253		4.4
254		10
255		2
256		13.6
257		8
258		4.4
259		3
260		3.5
261		8.42857
262		4
263		10
264		9.66667
265		4.25
266		4.66667
267		3
268		11.4
269		4.4
270		4.5
271		5
272		4
273		5.125
274		4
275		5
276		7.33333
277		3.75
278		7.2
279		2
280		4.5
281		3.66667
282		5.33333
283		6
284		4
285		10.8333
286		3.8
287		9.5
288		10.5
289		4.2
290		5.8
291		3
292		6.85714
293		4.4
294		5.5
295		3.5
296		3.66667
297		5.875
298		3.5
299		18.5
300		3.33333
301		3.6
302		8.5
303		0
304		6
305		8.2
306		4.75
307		4
308		4
309		6.66667
310		3.75
311		9
312		7.66667
313		4
314		5.4
315		4
316		8.14286
317		5.5
318		4.5
319		3.5
320		3.33333
321		4.71429
322		3.6
323		18
324		5
325		4.25
326		3.75
327		3.5
328		6.4
329		3.25
330		4.66667
331		4
332		3.4
333		9.2
334		4
335		8.25
336		8.4
337		4
338		3.8
339		3.33333
340		7.5
341		3.25
342		5.5
343		5.33333
344		3.75
345		8
346		3.5
347		12
348		17
349		4
350		4.33333
351		3.5
352		5.625
353		4
354		5.5
355		4.5
356		4
357		4.33333
358		3.2
359		9.5
360		2.66667
361		3.5
362		9.75
363		4
364		5.14286
365		8.4
366		5.5
367		4.5
368		3.75
369		8
370		3.66667
371		9.2
372		6.4
373		3.66667
374		5.4
375		4
376		8.14286
377		3.33333
378		4.33333
379		5.33333
380		3.33333
381		4.44444
382		4
383		12.8
384		7.66667
385		4.25
386		3.75
387		4
388		6.33333
389		4.25
390		4.33333
391		4
392		3.16667
393		9.2
394		4
395		6
396		4
397		3.66667
398		3.8
399		4
400		7.5
401		6.5
402		5.5
403		4
404		3.75
405		8
406		4
407		13.2
408		9
409		4
410		4.16667
411		3.75
412		4.75
413		6
414		5.5
415		4
416		4
417		4
418		3.5
419		15.3333
420		4.66667
421		3.4
422		9.75
423		3.5
424		4.71429
425		3.6
426		5.5
427		4.5
428		3.75
429		9.25
430		3.33333
431		9.2
432		7.8
433		4.5
434		4.83333
435		3.66667
436		8.28571
437		3.33333
438		5
439		5.33333
440		3.5
441		4.11111
442		4
443		11
444		12
445		4.33333
446		3.75
447		4
448		7
449		4.66667
450		4
451		4
452		3.16667
453		9.6
454		3.2
455		5
456		4
457		4.33333
458		4.16667
459		10
460		11.1667
461		3.16667
462		5.5
463		3.5
464		4
465		7.875
466		4
467		12.25
468		12.5
469		4.33333
470		3.83333
471		5
472		6.71429
473		4
474		4.66667
475		4.5
476		3.5
477		7.5
478		4
479		7
480		6
481		3.5
482		4.8
483		7.75
484		7.16667
485		3.33333
486		4.25
487		4
488		4
489		4.8
490		3.5
491		11.8
492		7
493		4.33333
494		8.6
495		6.66667
496		5
497		4
498		3.5
499		4.5
500		4
501		6.5
502		5.5
503		11
504		4
505		3.25
506		5.33333
507		3.4
508		5.33333
509		4
510		3.66667
511		3.75
512		3.33333
513		5.28571
514		9.5
515		12.6667
516		3.2
517		4.33333
518		3.66667
519		4
520		8.83333
521		4
522		3.75
523		4.5
524		4
525		6.875
526		8.8
527		18.3333
528		4
529		4.5
530		4
531		4
532		6.66667
533		3.66667
534		3.66667
535		4.5
536		3.6
537		7.44444
538		3.5
539		6
540		4
541		3.5
542		4
543		15
544		8.42857
545		3
546		4.33333
547		3.66667
548		4
549		7.66667
550		7.75
551		12.2
552		3
553		4
554		3.5
555		7
556		6.33333
557		4
558		3.5
559		4.5
560		3.75
561		6.5
562		4
563		17
564		4
565		3.5
566		4.28571
567		2.66667
568		8.5
569		3.33333
570		3.66667
571		3.75
572		4
573		6.75
574		9.5
575		9.33333
576		3.5
577		4.25
578		4
579		4
580		9.42857
581		4
582		3.4
583		4.5
584		4
585		6.28571
586		10.5
587		10.3333
588		4
589		3.66667
590		4.57143
591		4
592		6
593		3.5
594		3.66667
595		4.5
596		4
597		4.85714
598		3.75
599		14
600		3
601		3.5
602		6.85714
603		15
604		4.71429
605		3.66667
606		4.33333
607		4.5
608		4
609		6.625
610		7.75
611		20.6667
612		3.5
613		3.83333
614		5.16667
615		7
616		5.57143
617		4
618		3.5
619		4.5
620		3.75
621		4.6
622		4
623		17
624		4
625		4
626		4.33333
627		3
628		9.33333
629		3.25
630		4.5
631		3.75
632		3.5
633		7.85714
634		9.5
635		9.66667
636		4
637		4.25
638		4.33333
639		4.5
640		9.42857
641		3
642		3.25
643		4.5
644		4
645		7.625
646		10.5
647		14.5
648		4
649		3.5
650		5
651		4
652		5.25
653		3.5
654		3.66667
655		4.5
656		4
657		4.85714
658		3.5
659		13.3333
660		3.5
661		3.2
662		6.5
663		15
664		4.6
665		4
666		3.75
667		4.66667
668		3.33333
669		6.85714
670		4
671		16.5
672		3.33333
673		3.8
674		5.83333
675		15
676		4.71429
677		4
678		3.66667
679		4.5
680		3.75
681		4.5
682		3.2
683		17
684		4
685		4.25
686		4.5
687		9.33333
688		10
689		3.25
690		4.5
691		4.33333
692		3.5
693		9.4
694		4.75
695		7.2
696		3
697		9.33333
698		3.83333
699		4
700		9.14286
701		3.25
702		3.66667
703		5
704		4.5
705		7.71429
706		4
707		9
708		4
709		3.4
710		4.85714
711		4
712		5
713		3.66667
714		4.5
715		4.5
716		7
717		4.8
718		4
719		9.2
720		3.66667
721		3.25
722		7.83333
723		5
724		4.16667
725		3.5
726		4.5
727		3.75
728		12
729		7.16667
730		3.66667
731		30
732		3.66667
733		4.5
734		5.83333
735		3.5
736		4.71429
737		4
738		9.5
739		4.25
740		3.16667
741		106.429
742		3.33333
743		3
744		3.66667
745		8.2
746		4.6
747		4
748		9.4
749		4
750		3.75
751		4.5
752		3
753		11.4
754		4
755		6.66667
756		3.33333
757		9.75
758		4.66667
759		2.66667
760		9
761		2.66667
762		3.6
763		6
764		5.83333
765		7.25
766		4
767		8.66667
768		4
769		5.4
770		4.66667
771		3
772		8.71429
773		3.5
774		4.33333
775		5
776		4.5
777		4.6
778		3.66667
779		10
780		4.5
781		6.33333
782		7.28571
783		4
784		5.42857
785		4.33333
786		4
787		4.25
788		4
789		6.85714
790		3.5
791		8.66667
792		3
793		8
794		5.5
795		3
796		4.71429
797		3
798		3.75
799		4
800		8
801		4.28571
802		4
803		21.3333
804		3
805		5.4
806		8.75
807		3
808		5.8
809		4
810		4
811		4
812		4.2
813		7
814		4
815		12.3333
816		4.33333
817		3.4
818		4
819		3
820		8.57143
821		2.66667
822		4
823		4.25
824		9.5
825		4.33333
826		4.5
827		7.4
828		4.5
829		4
830		7.6
831		4.33333
832		7.875
833		4
834		4
835		4
836		10.5
837		6.5
838		3.66667
839		10.3333
840		4.5
841		3.5
842		4.71429
843		3
844		6
845		4.33333
846		3.75
847		4
848		3.33333
849		4.625
850		3.5
851		11
852		3.5
853		8.6
854		8.5
855		4
856		4.33333
857		3
858		3.66667
859		4.25
860		4
861		6.33333
862		4
863		14
864		4
865		8.6
866		6
867		3
868		5.8
869		4
870		4
871		4
872		5.8
873		5.42857
874		4.33333
875		12.6667
876		3.33333
877		5
878		7.4
879		4
880		9.33333
881		3
882		4
883		5
884		4.75
885		8.5
886		4.5
887		10.6
888		4
889		3.6
890		5.2
891		3
892		5.42857
893		4
894		4.5
895		5
896		12
897		4.28571
898		3.25
899		11
900		4.5
901		3.75
902		6.28571
903		4.5
904		4.5
905		4
906		4.33333
907		4
908		9
909		7.4
910		4.5
911		9.5
912		4
913		3.66667
914		5.33333
915		4
916		7.25
917		3
918		3.8
919		5
920		3.5
921		5.33333
922		3.5
923		18.3333
924		4.5
925		7.5
926		4.5
927		4
928		5.375
929		4.25
930		4.5
931		5
932		3.5
933		6.66667
934		3
935		4.5
936		3.5
937		8.2
938		4.5
939		3.5
940		7.625
941		4
942		3.4
943		3.75
944		8
945		7.71429
946		4.33333
947		14.75
948		3
949		5.16667
950		5.2
951		4
952		5.2
953		3.5
954		8.2
955		5
956		4.75
957		191.6
958		3.75
959		5.66667
960		4.33333
961		3.4
962		4.4
963		3
964		7.66667
965		3.5
966		4.5
967		5
968		9.5
969		9
970		4
971		12.25
972		4
973		4.33333
974		4
975		5.5
976		7.25
977		3.5
978		3.16667
979		3.66667
980		10.5
981		7.8
982		4
983		8
984		4.5
985		4
986		4.8
987		2.66667
988		4.25
989		3.5
990		4.33333
991		4.5
992		3.75
993		5
994		3.66667
995		12
996		4
997		8.4
998		6.25
999		4
1000		11.1667
1001		3.66667
1002		3.8
1003		5
1004		3.33333
1005		7.33333
1006		3.66667
1007		15
1008		3.33333
1009		8.4
1010		5.2
1011		4
1012		5.375
1013		4.5
1014		3.75
1015		5
1016		4
1017		5.14286
1018		4
1019		11
1020		5
1021		8.5
1022		12.5
1023		4
1024		7.66667
1025		4
1026		8.66667
1027		5
1028		8
1029		5.33333
1030		4.33333
1031		4
1032		4
1033		4.33333
1034		4
1035		0
1036		436
1037		4.5
1038		4.5
1039		0
1040		4
1041		4
1042		4
1043		546
1044		4
1045		4
1046		0
1047		4
1048		4
1049		0
1050		12
1051		4
1052		4
1053		0
1054		4
1055		4
1056		0
1057		0
1058		4
1059		4
1060		0
1061		0
1062		0
1063		0
1064		0
1065		0
1066		0
1067		0
1068		0
1069		0
1070		0
1071		0
1072		0
1073		0
1074		0
1075		0
1076		0
1077		0
1078		0
1079		0
1080		0
1081		0
1082		0
1083		0
1084		0
1085		0
1086		0
1087		0
1088		0
1089		0
1090		0
1091		0
1092		0
1093		0
1094		0
1095		0
1096		0
1097		0
1098		0
1099		0
1100		0
1101		0
1102		0
1103		0
1104		0
1105		0
1106		0
1107		0
1108		0
1109		0
1110		0
1111		0
1112		0
1113		0
1114		0
1115		0
1116		0
1117		0
1118		0
1119		0
1120		0
1121		0
1122		0
1123		0
1124		0
1125		0
1126		0
1127		0
1128		0
1129		0
1130		0
1131		0
1132		0
1133		0
1134		0
1135		0
1136		0
1137		0
1138		0
1139		0
1140		0
1141		0
1142		0
1143		0
1144		0
1145		0
1146		0
1147		0
1148		0
1149		0
1150		0
1151		0
1152		0
1153		0
1154		0
1155		0
1156		0
1157		0
1158		0
1159		0
1160		0
1161		0
1162		0
1163		0
1164		0
1165		0
1166		0
1167		0
1168		0
1169		0
1170		0
1171		0
1172		0
1173		0
1174		0
1175		0
1176		0
1177		0
1178		0
1179		0
1180		0
1181		0
1182		0
1183		0
1184		0
1185		0
1186		0
1187		0
1188		0
1189		0
1190		0
1191		0
1192		0
1193		0
1194		0
1195		0
1196		0
1197		0
1198		0
1199		0
1200		0
1201		0
1202		0
1203		0
1204		0
1205		0
1206		0
1207		0
1208		0
1209		0
1210		0
1211		0
1212		0
1213		0
1214		0
1215		0
1216		0
1217		0
1218		0
1219		0
1220		0
1221		0
1222		0
1223		0
1224		0
1225		0
1226		0
1227		0
1228		0
1229		0
1230		0
1231		0
1232		0
1233		0
1234		0
1235		0
1236		0
1237		0
1238		0
1239		0
1240		0
1241		0
1242		0
1243		0
1244		0
1245		0
1246		0
1247		0
1248		0
1249		0
1250		0
1251		0
1252		0
1253		0
1254		0
1255		0
1256		0
1257		0
1258		0
1259		0
1260		0
1261		0
1262		0
1263		0
1264		0
1265		0
1266		0
1267		0
1268		0
1269		0
1270		0
1271		0
1272		0
1273		0
1274		0
1275		0
1276		0
1277		0
1278		0
1279		0
1280		0
1281		0
1282		0
1283		0
1284		0
1285		0
1286		0
1287		0
1288		0
1289		0
1290		0
1291		0
1292		0
1293		0
1294		0
1295		0
1296		0
1297		0
1298		0
1299		0
1300		0
1301		0
1302		0
1303		0
1304		0
1305		0
1306		0
1307		0
1308		0
1309		0
1310		0
1311		0
1312		0
1313		0
1314		0
1315		0
1316		0
1317		0
1318		0
1319		0
1320		0
1321		0
1322		0
1323		0
1324		0
1325		0
1326		0
1327		0
1328		0
1329		0
1330		0
1331		0
1332		0
1333		0
1334		0
1335		0
1336		0
1337		0
1338		0
1339		0
1340		0
1341		0
1342		0
1343		0
1344		0
1345		0
1346		0
1347		0
1348		0
1349		0
1350		0
1351		0
1352		0
1353		0
1354		0
1355		0
1356		0
1357		0
1358		0
1359		0
1360		0
1361		0
1362		0
1363		0
1364		0
1365		0
1366		0
1367		0
1368		0
1369		0
1370		0
1371		0
1372		0
1373		0
1374		0
1375		0
1376		0
1377		0
1378		0
1379		0
1380		0
1381		0
1382		0
1383		0
1384		0
1385		0
1386		0
1387		0
1388		0
1389		0
1390		0
1391		0
1392		0
1393		0
1394		0
1395		0
1396		0
1397		0
1398		0
1399		0
1400		0
1401		0
1402		0
1403		0
1404		0
1405		0
1406		0
1407		0
1408		0
1409		0
1410		0
1411		0
1412		0
1413		0
1414		0
1415		0
1416		0
1417		0
1418		0
1419		0
1420		0
1421		0
1422		0
1423		0
1424		0
1425		0
1426		0
1427		0
1428		0
1429		0
1430		0
1431		0
1432		0
1433		0
1434		0
1435		0
1436		0
1437		0
1438		0
1439		0
1440		0
1441		0
1442		0
1443		0
1444		0
1445		0
1446		0
1447		0
1448		0
1449		0
1450		0
1451		0
1452		0
1453		0
1454		0
1455		0
1456		0
1457		0
1458		0
1459		0
1460		0
1461		0
1462		0
1463		0
1464		0
1465		0
1466		0
1467		0
1468		0
1469		0
1470		0
1471		0
1472		0
1473		0
1474		0
1475		0
1476		0
1477		0
1478		0
1479		0
1480		0
1481		0
1482		0
1483		0
1484		0
1485		0
1486		0
1487		0
1488		0
1489		0
1490		0
1491		0
1492		0
1493		0
1494		0
1495		0
1496		0
1497		0
1498		0
1499		0
1500		0
1501		0
1502		0
1503		0
1504		0
1505		0
1506		0
1507		0
1508		0
1509		0
1510		0
1511		0
1512		0
1513		0
1514		0
1515		0
1516		0
1517		0
1518		0
1519		0
1520		0
1521		0
1522		0
1523		0
1524		0
1525		0
1526		0
1527		0
1528		0
1529		0
1530		0
1531		0
1532		0
1533		0
1534		0
1535		0
1536		0
1537		0
1538		0
1539		0
1540		0
1541		0
1542		0
1543		0
1544		0
1545		0
1546		0
1547		0
1548		0
1549		0
1550		0
1551		0
1552		0
1553		0
1554		0
1555		0
1556		0
1557		0
1558		0
1559		0
1560		0
1561		0
1562		0
1563		0
1564		0
1565		0
1566		0
1567		0
1568		0
1569		0
1570		0
1571		0
1572		0
1573		0
1574		0
1575		0
1576		0
1577		0
1578		0
1579		0
1580		0
1581		0
1582		0
1583		0
1584		0
1585		0
1586		0
1587		0
1588		0
1589		0
1590		0
1591		0
1592		0
1593		0
1594		0
1595		0
1596		0
1597		0
1598		0
1599		0
1600		0
1601		0
1602		0
1603		0
1604		0
1605		0
1606		0
1607		0
1608		0
1609		0
1610		0
1611		0
1612		0
1613		0
1614		0
1615		0
1616		0
1617		0
1618		0
1619		0
1620		0
1621		0
1622		0
1623		0
1624		0
1625		0
1626		0
1627		0
1628		0
1629		0
1630		0
1631		0
1632		0
1633		0
1634		0
1635		0
1636		0
1637		0
1638		0
1639		0
1640		0
1641		0
1642		0
1643		0
1644		0
1645		0
1646		0
1647		0
1648		0
1649		0
1650		0
1651		0
1652		0
1653		0
1654		0
1655		0
1656		0
1657		0
1658		0
1659		0
1660		0
1661		0
1662		0
1663		0
1664		0
1665		0
1666		0
1667		0
1668		0
1669		0
1670		0
1671		0
1672		0
1673		0
1674		0
1675		0
1676		0
1677		0
1678		0
1679		0
1680		0
1681		0
1682		0
1683		0
1684		0
1685		0
1686		0
1687		0
1688		0
1689		0
1690		0
1691		0
1692		0
1693		0
1694		0
1695		0
1696		0
1697		0
1698		0
1699		0
1700		0
1701		0
1702		0
1703		0
1704		0
1705		0
1706		0
1707		0
1708		0
1709		0
1710		0
1711		0
1712		0
1713		0
1714		0
1715		0
1716		0
1717		0
1718		0
1719		0
1720		0
1721		0
1722		0
1723		0
1724		0
1725		0
1726		0
1727		0
1728		0
1729		0
1730		0
1731		0
1732		0
1733		0
1734		0
1735		0
1736		0
1737		0
1738		0
1739		0
1740		0
1741		0
1742		0
1743		0
1744		0
1745		0
1746		0
1747		0
1748		0
1749		0
1750		0
1751		0
1752		0
1753		0
1754		0
1755		0
1756		0
1757		0
1758		0
1759		0
1760		0
1761		0
1762		0
1763		0
1764		0
1765		0
1766		0
1767		0
1768		0
1769		0
1770		0
1771		0
1772		0
1773		0
1774		0
1775		0
1776		0
1777		0
1778		0
1779		0
1780		0
1781		0
1782		0
1783		0
1784		0
1785		0
1786		0
1787		0
1788		0
1789		0
1790		0
1791		0
1792		0
1793		0
1794		0
1795		0
1796		0
1797		0
1798		0
1799		0
1800		0
1801		0
1802		0
1803		0
1804		0
1805		0
1806		0
1807		0
1808		0
1809		0
1810		0
1811		0
1812		0
1813		0
1814		0
1815		0
1816		0
1817		0
1818		0
1819		0
1820		0
1821		0
1822		0
1823		0
1824		0
1825		0
1826		0
1827		0
1828		0
1829		0
1830		0
1831		0
1832		0
1833		0
1834		0
1835		0
1836		0
1837		0
1838		0
1839		0
1840		0
1841		0
1842		0
1843		0
1844		0
1845		0
1846		0
1847		0
1848		0
1849		0
1850		0
1851		0
1852		0
1853		0
1854		0
1855		0
1856		0
1857		0
1858		0
1859		0
1860		0
1861		0
1862		0
1863		0
1864		0
1865		0
1866		0
1867		0
1868		0
1869		0
1870		0
1871		0
1872		0
1873		0
1874		0
1875		0
1876		0
1877		0
1878		0
1879		0
1880		0
1881		0
1882		0
1883		0
1884		0
1885		0
1886		0
1887		0
1888		0
1889		0
1890		0
1891		0
1892		0
1893		0
1894		0
1895		0
1896		0
1897		0
1898		0
1899		0
1900		0
1901		0
1902		0
1903		0
1904		0
1905		0
1906		0
1907		0
1908		0
1909		0
1910		0
1911		0
1912		0
1913		0
1914		0
1915		0
1916		0
1917		0
1918		0
1919		0
1920		0
1921		0
1922		0
1923		0
1924		0
1925		0
1926		0
1927		0
1928		0
1929		0
1930		0
1931		0
1932		0
1933		0
1934		0
1935		0
1936		0
1937		0
1938		0
1939		0
1940		0
1941		0
1942		0
1943		0
1944		0
1945		0
1946		0
1947		0
1948		0
1949		0
1950		0
1951		0
1952		0
1953		0
1954		0
1955		0
1956		0
1957		0
1958		0
1959		0
1960		0
1961		0
1962		0
1963		0
1964		0
1965		0
1966		0
1967		0
1968		0
1969		0
1970		0
1971		0
1972		0
1973		0
1974		0
1975		0
1976		0
1977		0
1978		0
1979		0
1980		0
1981		0
1982		0
1983		0
1984		0
1985		0
1986		0
1987		0
1988		0
1989		0
1990		0
1991		0
1992		0
1993		0
1994		0
1995		0
1996		0
1997		0
1998		0
1999		0
2000		0
2001		0
2002		0
2003		0
2004		0
2005		0
2006		0
2007		0
2008		0
2009		0
2010		0
2011		0
2012		0
2013		0
2014		0
2015		0
2016		0
2017		0
2018		0
2019		0
2020		0
2021		0
2022		0
2023		0
2024		0
2025		0
2026		0
2027		0
2028		0
2029		0
2030		0
2031		0
2032		0
2033		0
2034		0
2035		0
2036		0
2037		0
2038		0
2039		0
2040		0
2041		0
2042		0
2043		0
2044		0
2045		0
2046		0
2047		0
2048		0
2049		0
2050		0
2051		0
2052		0
2053		0
2054		0
2055		0
2056		0
2057		0
2058		0
2059		0
2060		0
2061		0
2062		0
2063		0
2064		0
2065		0
2066		0
2067		0
2068		0
2069		0
2070		0
2071		0
2072		0
2073		0
2074		0
2075		0
2076		0
2077		0
2078		0
2079		0
2080		0
2081		0
2082		0
2083		0
2084		0
2085		0
2086		0
2087		0
2088		0
2089		0
2090		0
2091		0
2092		0
2093		0
2094		0
2095		0
2096		0
2097		0
2098		0
2099		0
2100		0
2101		0
2102		0
2103		0
2104		0
2105		0
2106		0
2107		0
2108		0
2109		0
2110		0
2111		0
2112		0
2113		0
2114		0
2115		0
2116		0
2117		0
2118		0
2119		0
2120		0
2121		0
2122		0
2123		0
2124		0
2125		0
2126		0
2127		0
2128		0
2129		0
2130		0
2131		0
2132		0
2133		0
2134		0
2135		0
2136		0
2137		0
2138		0
2139		0
2140		0
2141		0
2142		0
2143		0
2144		0
2145		0
2146		0
2147		0
2148		0
2149		0
2150		0
2151		0
2152		0
2153		0
2154		0
2155		0
2156		0
2157		0
2158		0
2159		0
2160		0
2161		0
2162		0
2163		0
2164		0
2165		0
2166		0
2167		0
2168		0
2169		0
2170		0
2171		0
2172		0
2173		0
2174		0
2175		0
2176		0
2177		0
2178		0
2179		0
2180		0
2181		0
2182		0
2183		0
2184		0
2185		0
2186		0
2187		0
2188		0
2189		0
2190		0
2191		0
2192		0
2193		0
2194		0
2195		0
2196		0
2197		0
2198		0
2199		0
2200		0
2201		0
2202		0
2203		0
2204		0
2205		0
2206		0
2207		0
2208		0
2209		0
2210		0
2211		0
2212		0
2213		0
2214		0
2215		0
2216		0
2217		0
2218		0
2219		0
2220		0
2221		0
2222		0
2223		0
2224		0
2225		0
2226		0
2227		0
2228		0
2229		0
2230		0
2231		0
2232		0
2233		0
2234		0
2235		0
2236		0
2237		0
2238		0
2239		0
2240		0
2241		0
2242		0
2243		0
2244		0
2245		0
2246		0
2247		0
2248		0
2249		0
2250		0
2251		0
2252		0
2253		0
2254		0
2255		0
2256		0
2257		0
2258		0
2259		0
2260		0
2261		0
2262		0
2263		0
2264		0
2265		0
2266		0
2267		0
2268		0
2269		0
2270		0
2271		0
2272		0
2273		0
2274		0
2275		0
2276		0
2277		0
2278		0
2279		0
2280		0
2281		0
2282		0
2283		0
2284		0
2285		0
2286		0
2287		0
2288		0
2289		0
2290		0
2291		0
2292		0
2293		0
2294		0
2295		0
2296		0
2297		0
2298		0
2299		0
2300		0
2301		0
2302		0
2303		0
2304		0
2305		0
2306		0
2307		0
2308		0
2309		0
2310		0
2311		0
2312		0
2313		0
2314		0
2315		0
2316		0
2317		0
2318		0
2319		0
2320		0
2321		0
2322		0
2323		0
2324		0
2325		0
2326		0
2327		0
2328		0
2329		0
2330		0
2331		0
2332		0
2333		0
2334		0
2335		0
2336		0
2337		0
2338		0
2339		0
2340		0
2341		0
2342		0
2343		0
2344		0
2345		0
2346		0
2347		0
2348		0
2349		0
2350		0
2351		0
2352		0
2353		0
2354		0
2355		0
2356		0
2357		0
2358		0
2359		0
2360		0
2361		0
2362		0
2363		0
2364		0
2365		0
2366		0
2367		0
2368		0
2369		0
2370		0
2371		0
2372		0
2373		0
2374		0
2375		0
2376		0
2377		0
2378		0
2379		0
2380		0
2381		0
2382		0
2383		0
2384		0
2385		0
2386		0
2387		0
2388		0
2389		0
2390		0
2391		0
2392		0
2393		0
2394		0
2395		0
2396		0
2397		0
2398		0
2399		0
2400		0
2401		0
2402		0
2403		0
2404		0
2405		0
2406		0
2407		0
2408		0
2409		0
2410		0
2411		0
2412		0
2413		0
2414		0
2415		0
2416		0
2417		0
2418		0
2419		0
2420		0
2421		0
2422		0
2423		0
2424		0
2425		0
2426		0
2427		0
2428		0
2429		0
2430		0
2431		0
2432		0
2433		0
2434		0
2435		0
2436		0
2437		0
2438		0
2439		0
2440		0
2441		0
2442		0
2443		0
2444		0
2445		0
2446		0
2447		0
2448		0
2449		0
2450		0
2451		0
2452		0
2453		0
2454		0
2455		0
2456		0
2457		0
2458		0
2459		0
2460		0
2461		0
2462		0
2463		0
2464		0
2465		0
2466		0
2467		0
2468		0
2469		0
2470		0
2471		0
2472		0
2473		0
2474		0
2475		0
2476		0
2477		0
2478		0
2479		0
2480		0
2481		0
2482		0
2483		0
2484		0
2485		0
2486		0
2487		0
2488		0
2489		0
2490		0
2491		0
2492		0
2493		0
2494		0
2495		0
2496		0
2497		0
2498		0
2499		0
2500		0
2501		0
2502		0
2503		0
2504		0
2505		0
2506		0
2507		0
2508		0
2509		0
2510		0
2511		0
2512		0
2513		0
2514		0
2515		0
2516		0
2517		0
2518		0
2519		0
2520		0
2521		0
2522		0
2523		0
2524		0
2525		0
2526		0
2527		0
2528		0
2529		0
2530		0
2531		0
2532		0
2533		0
2534		0
2535		0
2536		0
2537		0
2538		0
2539		0
2540		0
2541		0
2542		0
2543		0
2544		0
2545		0
2546		0
2547		0
2548		0
2549		0
2550		0
2551		0
2552		0
2553		0
2554		0
2555		0
2556		0
2557		0
2558		0
2559		0
2560		0
2561		0
2562		0
2563		0
2564		0
2565		0
2566		0
2567		0
2568		0
2569		0
2570		0
2571		0
2572		0
2573		0
2574		0
2575		0
2576		0
2577		0
2578		0
2579		0
2580		0
2581		0
2582		0
2583		0
2584		0
2585		0
2586		0
2587		0
2588		0
2589		0
2590		0
2591		0
2592		0
2593		0
2594		0
2595		0
2596		0
2597		0
2598		0
2599		0
2600		0
2601		0
2602		0
2603		0
2604		0
2605		0
2606		0
2607		0
2608		0
2609		0
2610		0
2611		0
2612		0
2613		0
2614		0
2615		0
2616		0
2617		0
2618		0
2619		0
2620		0
2621		0
2622		0
2623		0
2624		0
2625		0
2626		0
2627		0
2628		0
2629		0
2630		0
2631		0
2632		0
2633		0
2634		0
2635		0
2636		0
2637		0
2638		0
2639		0
2640		0
2641		0
2642		0
2643		0
2644		0
2645		0
2646		0
2647		0
2648		0
2649		0
2650		0
2651		0
2652		0
2653		0
2654		0
2655		0
2656		0
2657		0
2658		0
2659		0
2660		0
2661		0
2662		0
2663		0
2664		0
2665		0
2666		0
2667		0
2668		0
2669		0
2670		0
2671		0
2672		0
2673		0
2674		0
2675		0
2676		0
2677		0
2678		0
2679		0
2680		0
2681		0
2682		0
2683		0
2684		0
2685		0
2686		0
2687		0
2688		0
2689		0
2690		0
2691		0
2692		0
2693		0
2694		0
2695		0
2696		0
2697		0
2698		0
2699		0
2700		0
2701		0
2702		0
2703		0
2704		0
2705		0
2706		0
2707		0
2708		0
2709		0
2710		0
2711		0
2712		0
2713		0
2714		0
2715		0
2716		0
2717		0
2718		0
2719		0
2720		0
2721		0
2722		0
2723		0
2724		0
2725		0
2726		0
2727		0
2728		0
2729		0
2730		0
2731		0
2732		0
2733		0
2734		0
2735		0
2736		0
2737		0
2738		0
2739		0
2740		0
2741		0
2742		0
2743		0
2744		0
2745		0
2746		0
2747		0
2748		0
2749		0
2750		0
2751		0
2752		0
2753		0
2754		0
2755		0
2756		0
2757		0
2758		0
2759		0
2760		0
2761		0
2762		0
2763		0
2764		0
2765		0
2766		0
2767		0
2768		0
2769		0
2770		0
2771		0
2772		0
2773		0
2774		0
2775		0
2776		0
2777		0
2778		0
2779		0
2780		0
2781		0
2782		0
2783		0
2784		0
2785		0
2786		0
2787		0
2788		0
2789		0
2790		0
2791		0
2792		0
2793		0
2794		0
2795		0
2796		0
2797		0
2798		0
2799		0
2800		0
2801		0
2802		0
2803		0
2804		0
2805		0
2806		0
2807		0
2808		0
2809		0
2810		0
2811		0
2812		0
2813		0
2814		0
2815		0
2816		0
2817		0
2818		0
2819		0
2820		0
2821		0
2822		0
2823		0
2824		0
2825		0
2826		0
2827		0
2828		0
2829		0
2830		0
2831		0
2832		0
2833		0
2834		0
2835		0
2836		0
2837		0
2838		0
2839		0
2840		0
2841		0
2842		0
2843		0
2844		0
2845		0
2846		0
2847		0
2848		0
2849		0
2850		0
2851		0
2852		0
2853		0
2854		0
2855		0
2856		0
2857		0
2858		0
2859		0
2860		0
2861		0
2862		0
2863		0
2864		0
2865		0
2866		0
2867		0
2868		0
2869		0
2870		0
2871		0
2872		0
2873		0
2874		0
2875		0
2876		0
2877		0
2878		0
2879		0
2880		0
2881		0
2882		0
2883		0
2884		0
2885		0
2886		0
2887		0
2888		0
2889		0
2890		0
2891		0
2892		0
2893		0
2894		0
2895		0
2896		0
2897		0
2898		0
2899		0
2900		0
2901		0
2902		0
2903		0
2904		0
2905		0
2906		0
2907		0
2908		0
2909		0
2910		0
2911		0
2912		0
2913		0
2914		0
2915		0
2916		0
2917		0
2918		0
2919		0
2920		0
2921		0
2922		0
2923		0
2924		0
2925		0
2926		0
2927		0
2928		0
2929		0
2930		0
2931		0
2932		0
2933		0
2934		0
2935		0
2936		0
2937		0
2938		0
2939		0
2940		0
2941		0
2942		0
2943		0
2944		0
2945		0
2946		0
2947		0
2948		0
2949		0
2950		0
2951		0
2952		0
2953		0
2954		0
2955		0
2956		0
2957		0
2958		0
2959		0
2960		0
2961		0
2962		0
2963		0
2964		0
2965		0
2966		0
2967		0
2968		0
2969		0
2970		0
2971		0
2972		0
2973		0
2974		0
2975		0
2976		0
2977		0
2978		0
2979		0
2980		0
2981		0
2982		0
2983		0
2984		0
2985		0
2986		0
2987		0
2988		0
2989		0
2990		0
2991		0
2992		0
2993		0
2994		0
2995		0
2996		0
2997		0
2998		0
2999		0
3000		0
